0 0.49682031249999997 0.7266829745596869 0.27935937499999997 0.36471624266144814
0 0.23962499999999998 0.3594520547945206 0.17806249999999998 0.23279843444227005
0 0.1675234375 0.5946575342465753 0.203671875 0.2551076320939335
0 0.2773046875 0.8131017612524462 0.170765625 0.13356164383561644
0 0.41284374999999995 0.5792465753424657 0.12859375 0.17880626223091978
0 0.7332734375000001 0.7178767123287672 0.308203125 0.33939334637964774
0 0.5011015624999999 0.45963796477495106 0.12892187500000002 0.3125048923679061
0 0.654515625 0.4879647749510763 0.177875 0.2998825831702544
0 0.8306250000000001 0.4573287671232877 0.20184375000000002 0.28921722113502935
0 0.44784375 0.29427592954990217 0.14925 0.19575342465753426
0 0.15802343749999997 0.7330724070450099 0.182984375 0.3489628180039139
0 0.32578125 0.24767123287671233 0.151 0.21244618395303327
0 0.6374375 0.34548923679060667 0.175 0.240293542074364
0 0.555765625 0.23783757338551859 0.12296875 0.24080234833659492
0 0.503125 0.5088062622309197 0.875 0.87279843444227