0 0.45074218750000006 0.551390134529148 0.032046875 0.021704035874439462
0 0.5868046874999999 0.5643946188340807 0.028796875 0.011076233183856503
0 0.6741328125 0.5635538116591928 0.025015625000000003 0.02639013452914798
0 0.5580234374999999 0.5611547085201793 0.012140624999999999 0.015179372197309415
0 0.59984375 0.5592152466367712 0.010249999999999999 0.014260089686098655
0 0.64396875 0.5587780269058296 0.00828125 0.016076233183856502
0 0.6067265625 0.5586210762331839 0.017921875 0.027152466367713003
0 0.512875 0.5608968609865471 0.00790625 0.009955156950672646
0 0.4960234375 0.5564686098654709 0.026921875 0.015582959641255606
0 0.5800859375 0.551883408071749 0.017484375 0.014260089686098655
0 0.5465312499999999 0.5518273542600897 0.05 0.02890134529147982
0 0.6282656249999999 0.5622757847533633 0.029562500000000002 0.019170403587443947
0 0.6524296875 0.5608856502242152 0.009953125 0.015896860986547086