6 0.24215625000000002 0.4173067915690866 0.1275 0.10037470725995316
6 0.27621875 0.4669555035128805 0.10625 0.07911007025761124
6 0.3036171875 0.4794964871194379 0.10735937499999999 0.07894613583138174
6 0.5747578125 0.4890866510538641 0.107421875 0.07353629976580796
6 0.3380078125 0.5173302107728337 0.10232812499999999 0.0814519906323185
6 0.40679687500000006 0.5494613583138174 0.10353125 0.08796252927400469
6 0.6912890625 0.5246721311475411 0.109234375 0.09140515222482436
6 0.4297578125 0.556311475409836 0.114203125 0.08784543325526932
6 0.313265625 0.5055269320843092 0.100625 0.0863231850117096
6 0.562 0.6092271662763465 0.11721875 0.10360655737704919
6 0.48408593750000006 0.5882669789227166 0.109265625 0.09030444964871195
6 0.53915625 0.585304449648712 0.10778125000000001 0.10096018735362998
6 0.5889374999999999 0.6399882903981265 0.10709375000000002 0.0913583138173302
6 0.50234375 0.47306791569086654 0.6171875 0.3185011709601874