4 0.376046875 0.5693196544276458 0.24006249999999998 0.4564794816414687
4 0.79153125 0.8517602591792656 0.3404375 0.21177105831533477
4 0.30171875 0.1618574514038877 0.1073125 0.08807775377969762
4 0.5472578125 0.6086933045356371 0.185546875 0.22589632829373651
5 0.6604609375 0.36706263498920083 0.323421875 0.25883369330453565
5 0.276671875 0.325561555075594 0.24446875 0.25198704103671704
5 0.3540390625 0.07665226781857452 0.21326562500000001 0.12263498920086394
5 0.723015625 0.6123758099352051 0.35521875 0.4759827213822894
5 0.8624375000000001 0.6775269978401728 0.1511875 0.20900647948164147
5 0.291796875 0.7780021598272138 0.18771875 0.38956803455723543
5 0.0577421875 0.54670626349892 0.115484375 0.2066306695464363
4 0.795875 0.16914686825053996 0.1723125 0.3307343412526998
4 0.65134375 0.2115010799136069 0.08646875000000001 0.060539956803455724
4 0.6835156250000001 0.44176025917926565 0.0663125 0.10598272138228942
4 0.742671875 0.4944060475161987 0.26275 0.3063930885529158
4 0.09516406250000001 0.750291576673866 0.184390625 0.29825053995680345