3 0.557859375 0.23651394422310756 0.0648125 0.04792828685258964
3 0.8256249999999999 0.27508964143426295 0.052937500000000005 0.07559760956175299
3 0.5367578125 0.30220119521912353 0.066828125 0.08165338645418327
3 0.71221875 0.20325697211155377 0.06746875 0.07918326693227092
3 0.631953125 0.21536852589641434 0.12965625 0.13595617529880477
3 0.7717031249999999 0.20875498007968127 0.060250000000000005 0.06711155378486056
3 0.7801875 0.3530179282868526 0.06828125 0.07826693227091633
3 0.5746249999999999 0.2674103585657371 0.052875000000000005 0.07191235059760956
3 0.6226640625 0.3143824701195219 0.064203125 0.07334661354581673
3 0.5194140625 0.18682270916334662 0.062859375 0.08332669322709163
3 0.765765625 0.27384462151394423 0.06984375000000001 0.08211155378486056
3 0.6609609375 0.3683665338645419 0.045796875 0.05649402390438247
3 0.7171484375 0.35584661354581676 0.057046875 0.08312749003984063
3 0.67734375 0.31175298804780877 0.3953125 0.34063745019920316