0 0.2284 0.6575525525525525 0.26712 0.13096096096096096
0 0.52437 0.7458858858858859 0.31033999999999995 0.24702702702702703
0 0.8033800000000001 0.6325075075075075 0.31060000000000004 0.1906006006006006
0 0.7630600000000001 0.5440990990990991 0.28672000000000003 0.17936936936936937
0 0.8331400000000001 0.762957957957958 0.29612 0.1484984984984985
0 0.51675 0.847987987987988 0.2085 0.17117117117117117
0 0.555 0.9234384384384384 0.324 0.13288288288288289
0 0.51719 0.6075825825825826 0.34698 0.12555555555555556
0 0.8520500000000001 0.9556606606606607 0.17022 0.08867867867867868
0 0.20354 0.9196546546546547 0.40708 0.1438138138138138
0 0.21027 0.8707957957957959 0.37566000000000005 0.16405405405405407
0 0.7555400000000001 0.8850750750750751 0.11564 0.10228228228228228
0 0.20586 0.7493543543543544 0.34252 0.19480480480480483
0 0.5 0.7897897897897898 0.996 0.4144144144144144