5 0.6957890624999999 0.6408229166666666 0.024890625 0.06389583333333333
5 0.679953125 0.5689270833333334 0.04096875 0.04052083333333333
5 0.7723515625 0.5055416666666667 0.048828125 0.050749999999999997
5 0.714625 0.6098958333333333 0.02 0.05
5 0.9163828125 0.5647708333333334 0.029640624999999997 0.07670833333333334
5 0.718296875 0.49562500000000004 0.02309375 0.03125
5 0.7695390625 0.6431770833333333 0.086265625 0.04602083333333333
5 0.8276875 0.6853020833333333 0.0371875 0.035645833333333335
5 0.7450546875 0.6758333333333333 0.087609375 0.07904166666666666
5 0.6590312500000001 0.5253958333333333 0.026875 0.060000000000000005
5 0.7298359375000001 0.5498958333333335 0.018671874999999998 0.030625
5 0.8833515625 0.5710729166666667 0.037828125000000004 0.035354166666666666
5 0.7621562500000001 0.7301041666666668 0.054625 0.073875
5 0.7671875 0.5270833333333333 0.246875 0.2916666666666667