2 0.284625 0.42455208333333333 0.56925 0.8468541666666667
5 0.673203125 0.5875625 0.046468749999999996 0.04645833333333334
5 0.5204140625 0.7609583333333333 0.08151562500000001 0.044458333333333336
5 0.6975156250000001 0.4730416666666667 0.08059374999999999 0.06870833333333333
5 0.72834375 0.7345416666666666 0.09125 0.10966666666666666
5 0.8064765625 0.8380520833333333 0.088046875 0.1583125
5 0.7721953125 0.505 0.066984375 0.15829166666666666
5 0.746265625 0.6220520833333333 0.10928125 0.2286875
5 0.7857421875 0.5259583333333333 0.058078125 0.08775
5 0.67578125 0.5323333333333333 0.08003125 0.09054166666666667
5 0.766828125 0.40753124999999996 0.033 0.07010416666666666
5 0.8205859375 0.5553854166666666 0.026984374999999998 0.038562500000000006
5 0.5764218750000001 0.7707812500000001 0.059125000000000004 0.08127083333333333