3 0.78547 0.5 0.22297999999999998 0.41216
3 0.47864999999999996 0.8209733333333333 0.34382 0.32584
3 0.19050999999999998 0.58436 0.38101999999999997 0.48514666666666667
3 0.21045999999999998 0.13598666666666667 0.38508 0.2711733333333333
3 0.45422 0.1618 0.2882 0.31912
3 0.7365200000000001 0.13820000000000002 0.37416000000000005 0.27192
3 0.8097000000000001 0.8520133333333333 0.37163999999999997 0.2959733333333333
3 0.9422099999999999 0.20829333333333333 0.11558 0.40778666666666663
3 0.55759 0.46519999999999995 0.40022 0.5291199999999999
3 0.23352 0.37865333333333334 0.2998 0.2319733333333333
3 0.90617 0.5961066666666667 0.18766 0.47013333333333335
3 0.17945 0.8858666666666667 0.2829 0.22826666666666665