0 0.6884660421545667 0.8623828125000002 0.22578454332552692 0.096828125
0 0.6981498829039813 0.765671875 0.23311475409836066 0.11868749999999999
0 0.7056206088992975 0.49100781250000003 0.22566744730679156 0.11460937499999999
0 0.7033957845433256 0.6002578125 0.24182669789227168 0.117578125
0 0.6788407494145199 0.3999609375 0.2770257611241218 0.11551562500000001
0 0.19703747072599534 0.837078125 0.27955503512880564 0.105625
0 0.2121896955503513 0.30561718749999994 0.2761826697892272 0.112359375
0 0.6979859484777516 0.310390625 0.24121779859484777 0.092625
0 0.15126463700234194 0.6409609375 0.17601873536299764 0.09098437499999999
0 0.7055503512880562 0.220125 0.23311475409836066 0.0919375
0 0.6845081967213116 0.6967343749999999 0.2563231850117096 0.09181249999999999
0 0.21556206088992974 0.4861484375 0.29641686182669785 0.739328125
0 0.6984894613583138 0.1448203125 0.2631615925058548 0.052828125000000004