0 0.6118906249999999 0.7415729166666666 0.08678125 0.0435625
0 0.2751640625 0.8225625 0.136453125 0.14741666666666667
0 0.370171875 0.7772604166666668 0.0891875 0.12027083333333333
0 0.45318749999999997 0.8179895833333333 0.02684375 0.12635416666666666
0 0.49582812500000006 0.8265104166666667 0.22890625 0.2816458333333333
0 0.6861875000000001 0.8479479166666667 0.179875 0.1998125
0 0.7921875 0.8006041666666666 0.0478125 0.08424999999999999
0 0.906625 0.8078125 0.028749999999999998 0.08583333333333334
0 0.6382421875000001 0.7016979166666667 0.055171875 0.0490625
0 0.56359375 0.6616666666666666 0.0421875 0.06833333333333333
0 0.6288515625 0.6112604166666668 0.024703125 0.048937499999999995
0 0.6090703125 0.6232604166666665 0.020140625000000002 0.059479166666666666
0 0.4683359375 0.5753229166666666 0.026796874999999998 0.04872916666666667
0 0.40671875 0.546125 0.07653125 0.07654166666666667
0 0.5107578125 0.6595729166666667 0.063703125 0.05985416666666667
0 0.4643671875 0.6233229166666666 0.011765625 0.0364375
0 0.48828125 0.5760416666666667 0.9765625 0.7270833333333333