1 0.7549791666666666 0.38784375000000004 0.18745833333333334 0.11674999999999999
1 0.5474166666666667 0.8786250000000001 0.18587499999999998 0.15490625
1 0.7483854166666666 0.28678125 0.18131250000000002 0.1133125
1 0.6339270833333334 0.357609375 0.12602083333333333 0.10428124999999999
1 0.36407291666666663 0.3905078125 0.1238125 0.05354687500000001
1 0.6672916666666667 0.7755234375 0.20541666666666666 0.11760937499999999
1 0.35878124999999994 0.3523125 0.11764583333333332 0.042875
1 0.3577291666666666 0.94090625 0.21283333333333332 0.10890625000000001
1 0.27788541666666666 0.8463984374999999 0.1958125 0.12285937499999999
1 0.4585520833333333 0.6976718749999999 0.1704375 0.12481249999999999
1 0.3675416666666667 0.761046875 0.20395833333333335 0.11353125