4 0.3813515625 0.8464519906323184 0.11773437499999999 0.1552927400468384
4 0.463109375 0.94 0.13187500000000002 0.08234192037470725
4 0.8401874999999999 0.4342857142857143 0.07940625 0.08992974238875878
4 0.8924609374999999 0.7941217798594848 0.111453125 0.10117096018735364
4 0.671859375 0.7016627634660422 0.08209375 0.11189695550351288
4 0.25078125 0.876112412177986 0.1515625 0.20140515222482436
4 0.35956249999999995 0.6945784543325526 0.0896875 0.09903981264637002
4 0.539625 0.7010070257611241 0.08584375 0.10126463700234192
4 0.9425156249999999 0.4233957845433255 0.11496875 0.15498829039812648
4 0.8504687499999999 0.6198009367681498 0.132625 0.057962529274004686
4 0.38273437499999996 0.9603747072599532 0.0749375 0.07925058548009369
4 0.41763281250000006 0.9212060889929743 0.087734375 0.07725995316159251