5 0.339453125 0.23224999999999998 0.07946875 0.05390625
5 0.7465234374999999 0.23845312500000002 0.097921875 0.0944375
4 0.6703828125 0.178734375 0.086109375 0.055281250000000004
4 0.4794921875 0.2022890625 0.09667187499999999 0.098421875
4 0.3496953125 0.41098437499999996 0.096828125 0.061625
4 0.46854687500000003 0.3637265625 0.1125 0.087046875
4 0.5712265624999999 0.09671875 0.10748437500000001 0.041249999999999995
4 0.4201484375000001 0.23997656250000002 0.042296875 0.044109375
5 0.3220703125 0.24549218750000001 0.049546875000000004 0.038296875
5 0.41931250000000003 0.1902734375 0.06284375 0.051359375
5 0.39582812500000003 0.23925000000000002 0.05915625 0.070125
5 0.37490625 0.316328125 0.0836875 0.1155
5 0.42176562500000003 0.3556875 0.042249999999999996 0.09028125000000001
5 0.573453125 0.29690625 0.056281250000000005 0.0699375
5 0.437796875 0.1518515625 0.056843750000000005 0.044203124999999996
5 0.523921875 0.3278125 0.05525 0.05387499999999999
5 0.5211953125 0.155140625 0.091296875 0.071375
4 0.606125 0.15510937500000002 0.07659375 0.0785