0 0.44963 0.71688 0.0461 0.06373333333333334
0 0.5025 0.7371866666666667 0.05396 0.08466666666666667
0 0.43171 0.70996 0.14438 0.08472
0 0.51088 0.6517733333333334 0.04412 0.10824
0 0.40621999999999997 0.6776533333333333 0.0474 0.05749333333333333
0 0.44670000000000004 0.6789066666666667 0.04008 0.056
0 0.37429 0.6932666666666667 0.032740000000000005 0.05469333333333334
0 0.38423 0.6554133333333333 0.02674 0.03605333333333333
0 0.46984000000000004 0.6437200000000001 0.04836 0.07650666666666667
1 0.20454 0.6662666666666667 0.03032 0.031413333333333335
1 0.19573 0.6487999999999999 0.02918 0.03504
1 0.21577 0.66204 0.18142 0.18685333333333332
1 0.32233999999999996 0.5667333333333333 0.027039999999999998 0.025733333333333334
4 0.86166 0.5243599999999999 0.0416 0.05581333333333333
5 0.76486 0.6234 0.27376 0.21058666666666667
3 0.08827 0.4788533333333333 0.038380000000000004 0.03802666666666667
0 0.40691 0.77288 0.0273 0.04330666666666666
0 0.38527999999999996 0.7737333333333333 0.02264 0.03370666666666667
0 0.43354 0.7730133333333333 0.0288 0.046239999999999996
0 0.5047699999999999 0.7878000000000001 0.047740000000000005 0.03373333333333334
4 0.88731 0.5327066666666667 0.03418 0.044346666666666666
3 0.88587 0.66776 0.00822 0.009333333333333334
4 0.8354600000000001 0.5341466666666667 0.0554 0.047760000000000004
4 0.8890600000000001 0.5987066666666667 0.0424 0.03794666666666667
4 0.9104099999999999 0.5628799999999999 0.04026 0.046239999999999996
4 0.91873 0.6143733333333333 0.0247 0.018773333333333333
4 0.9188399999999999 0.5265866666666668 0.03084 0.029920000000000002