0 0.8721875000000001 0.3910104166666667 0.0994375 0.3056041666666667
0 0.9124609375 0.46065625000000004 0.090640625 0.2990625
0 0.9579296874999998 0.3714791666666667 0.084140625 0.22837500000000002
3 0.6478671874999999 0.13239583333333332 0.076546875 0.10133333333333333
3 0.6500078125 0.23111458333333335 0.070484375 0.10647916666666667
3 0.8074843749999999 0.17570833333333333 0.2105 0.16275
5 0.5267734374999999 0.7098020833333333 0.182046875 0.24377083333333335
5 0.380296875 0.7247083333333334 0.26646875 0.3388333333333333
5 0.6697656249999999 0.8800520833333334 0.2206875 0.23989583333333334
5 0.50646875 0.6283854166666667 0.2188125 0.2823541666666667
1 0.7963671874999999 0.19896875 0.088578125 0.07227083333333333
1 0.736078125 0.16758333333333333 0.0680625 0.06908333333333333
5 0.596671875 0.7427812500000001 0.1453125 0.1665625
5 0.5641796875 0.8799270833333332 0.354828125 0.22197916666666667
5 0.3918515625 0.8561770833333333 0.166859375 0.2606875
5 0.49607812500000004 0.8182708333333333 0.4305 0.19283333333333333
0 0.9603906250000002 0.54675 0.07403125 0.12208333333333334
1 0.7218515625 0.20873958333333334 0.07270312500000001 0.05564583333333333
3 0.861890625 0.23791666666666664 0.05503125 0.033875
5 0.3833359375 0.7794479166666667 0.046640625000000005 0.06331250000000001