9 0.32790625 0.56025 0.0856875 0.05875
9 0.507125 0.8307500000000001 0.056499999999999995 0.07308333333333333
9 0.46262499999999995 0.7829583333333334 0.04828125 0.06916666666666667
9 0.5444609375 0.5839166666666666 0.032171875 0.041666666666666664
9 0.34952343750000003 0.5900208333333333 0.039703125 0.04041666666666666
9 0.3744296875 0.60846875 0.039953125 0.036187500000000004
9 0.37903906249999997 0.5791875 0.034796875 0.026791666666666665
9 0.315375 0.6263854166666667 0.044656249999999995 0.034770833333333334
9 0.46104687499999997 0.5837812499999999 0.03728125 0.03839583333333333
9 0.41603124999999996 0.5948958333333334 0.043687500000000004 0.035333333333333335
9 0.32640625 0.5199374999999999 0.077125 0.05279166666666667
9 0.5094453125 0.5667916666666667 0.038265625 0.03870833333333333
9 0.49548437500000003 0.6038541666666667 0.03828125 0.035875
9 0.47109375 0.5145833333333333 0.4265625 0.42083333333333334