4 0.6829375 0.5258854166666667 0.10587500000000001 0.13410416666666666
4 0.4219140625000001 0.2467083333333333 0.12032812500000001 0.139625
4 0.272703125 0.6039895833333334 0.10753125 0.13827083333333334
5 0.56778125 0.7356666666666667 0.054125 0.07216666666666667
5 0.3439609375 0.7201458333333334 0.049859375 0.05720833333333333
5 0.455953125 0.777375 0.04184375 0.050666666666666665
5 0.325921875 0.34984375 0.0463125 0.0679375
5 0.6725390625000001 0.6253229166666667 0.044828125 0.06289583333333333
5 0.5374453125 0.2515833333333333 0.040765625 0.05570833333333333
5 0.3723515625 0.30577083333333327 0.054984374999999995 0.07333333333333333
5 0.6116328125 0.3877708333333334 0.036328125 0.06166666666666667
5 0.31993750000000004 0.4529479166666667 0.0420625 0.07010416666666666
5 0.21683593750000002 0.46825 0.045953125 0.06379166666666666
5 0.24630468749999998 0.4371979166666667 0.036328125 0.0556875
5 0.6415 0.3852291666666667 0.030843749999999996 0.04066666666666666