5 0.7678828125 0.3552395833333334 0.061140625000000004 0.07197916666666666
5 0.42542187500000006 0.18747916666666667 0.0468125 0.07591666666666666
5 0.6888828124999999 0.8705625 0.056859375000000004 0.07949999999999999
5 0.361796875 0.87465625 0.06865625 0.09389583333333333
5 0.6218281250000001 0.7776562499999999 0.07046875 0.1019375
5 0.5347890625 0.6923854166666666 0.040671875 0.04539583333333333
5 0.3433125 0.34732291666666665 0.18321875 0.14214583333333333
5 0.4483671875 0.30389583333333337 0.050828125 0.0595
5 0.45876562499999995 0.24846875 0.0701875 0.08389583333333334
5 0.6587265625 0.24940625 0.085828125 0.11639583333333332
5 0.51375 0.221125 0.045156249999999995 0.05404166666666667
5 0.538640625 0.18571875000000002 0.052593749999999995 0.05972916666666667
5 0.7142890625 0.34334375 0.044234375 0.058979166666666666
5 0.51953125 0.5802083333333333 0.7296875 0.80625