0 0.5781796874999999 0.4235729166666667 0.024265625 0.0319375
0 0.2485390625 0.31238541666666664 0.07520312500000001 0.13535416666666666
0 0.30425 0.31703125000000004 0.0530625 0.08535416666666666
0 0.046656249999999996 0.3614583333333333 0.06146875 0.14325000000000002
0 0.5695781249999999 0.6816354166666667 0.0916875 0.1381875
0 0.6381796875 0.7041145833333332 0.029203125000000003 0.029812500000000002
0 0.3296953125 0.28459375000000003 0.015734375000000002 0.02352083333333333
0 0.12578125 0.3065729166666667 0.025875 0.0555625
0 0.3372890625 0.2903854166666667 0.062796875 0.0905625
0 0.44474218750000005 0.6323437500000001 0.012796875 0.015770833333333335
0 0.44077343750000003 0.6142604166666668 0.009703125 0.0225625
0 0.5296953125 0.44760416666666664 0.133046875 0.09879166666666667
0 0.6436328125 0.5122916666666666 0.078078125 0.051875
0 0.45 0.5083333333333333 0.896875 0.675