0 0.23267968749999998 0.5566627634660422 0.026703125 0.05613583138173302
0 0.23860937499999996 0.7302576112412178 0.16924999999999998 0.22004683840749414
0 0.3398515625 0.6803864168618267 0.026984374999999998 0.027330210772833725
0 0.3540703125 0.5980796252927401 0.06917187500000001 0.13985948477751756
0 0.45616406249999997 0.5739695550351288 0.09623437500000001 0.09234192037470726
0 0.5143515625 0.604168618266979 0.031890625 0.10243559718969555
0 0.45913281250000004 0.7131733021077283 0.047765625 0.06007025761124121
0 0.46204687499999997 0.6773185011709602 0.05 0.062459016393442625
0 0.4720468749999999 0.7371779859484777 0.0625625 0.038196721311475404
0 0.428265625 0.6603747072599532 0.09575 0.1360655737704918
0 0.5121171875 0.48437939110070255 0.052140624999999996 0.04262295081967213
0 0.37200781250000003 0.7451522248243558 0.118234375 0.1740046838407494
0 0.4860078125 0.6982669789227167 0.05695312500000001 0.05241217798594847
0 0.43046875 0.5807962529274004 0.4359375 0.2107728337236534