8 0.5523888888888888 0.5585608308605342 0.2142 0.2635311572700297
8 0.7978000000000001 0.9279376854599407 0.13155555555555556 0.11937685459940652
8 0.49144444444444446 0.8956528189910978 0.12746666666666667 0.1587240356083086
8 0.7230111111111112 0.7656231454005934 0.11073333333333334 0.14554896142433232
8 0.6134666666666667 0.9006379821958457 0.126 0.15943620178041543
8 0.6209111111111111 0.7273293768545993 0.10484444444444445 0.13044510385756677
8 0.4652111111111112 0.9457270029673591 0.11548888888888889 0.1085459940652819
8 0.38208888888888887 0.9154005934718101 0.06666666666666667 0.15845697329376854
8 0.4843 0.7816023738872404 0.11695555555555556 0.09293768545994065
8 0.6991888888888889 0.9614391691394658 0.07984444444444444 0.07712166172106824
8 0.5549000000000001 0.8145697329376854 0.10415555555555556 0.10682492581602374
8 0.8007 0.8295845697329377 0.061799999999999994 0.07459940652818992