1 0.20461352657004833 0.36457999999999996 0.0629951690821256 0.02912
5 0.36079710144927535 0.6889400000000001 0.10608695652173913 0.03244
3 0.1486231884057971 0.7377 0.06671497584541063 0.06472
3 0.18435990338164251 0.70473 0.07176328502415459 0.040979999999999996
3 0.21405797101449275 0.74478 0.06376811594202898 0.0596
3 0.1594685990338164 0.80013 0.06164251207729469 0.050140000000000004
3 0.07200483091787441 0.75702 0.04396135265700483 0.04972
3 0.9100362318840579 0.12147 0.08693236714975845 0.02798
3 0.8577898550724637 0.1252 0.050845410628019325 0.032600000000000004
3 0.7673550724637681 0.14043 0.043599033816425124 0.0263
5 0.32795893719806757 0.74839 0.018333333333333333 0.02434
5 0.3173671497584541 0.74721 0.013140096618357489 0.032380000000000006
3 0.8119685990338165 0.13219999999999998 0.050652173913043476 0.027239999999999997