1 0.7697421875 0.4138084112149533 0.21204687500000002 0.28658878504672897
1 0.488578125 0.5576518691588784 0.313125 0.2776401869158878
3 0.6903984375000001 0.7552920560747663 0.6192031250000001 0.45175233644859814
3 0.6214375 0.3525934579439252 0.27759375 0.4103738317757009
3 0.31155468750000004 0.24839953271028037 0.42485937500000004 0.49647196261682247
3 0.1431875 0.7223481308411216 0.28009375 0.4894158878504673
3 0.202984375 0.8058761682242991 0.3745 0.364696261682243
3 0.8867421875 0.4818691588785047 0.226515625 0.43953271028037383
3 0.027046874999999998 0.41797897196261685 0.054093749999999996 0.16628504672897196
3 0.9583046874999999 0.8339953271028037 0.083390625 0.27490654205607473
3 0.40474218749999996 0.8284579439252336 0.128390625 0.33056074766355137
3 0.193671875 0.5155841121495327 0.317875 0.3194859813084112