0 0.5375625 0.14622916666666666 0.2606875 0.20370833333333332
0 0.5479453125 0.7070624999999999 0.287640625 0.25645833333333334
0 0.3670234375 0.32564583333333336 0.184390625 0.14658333333333334
0 0.8154921875 0.2 0.152109375 0.13520833333333335
0 0.41177343750000006 0.18607291666666667 0.134421875 0.1811875
3 0.7128203125000001 0.5599062499999999 0.196015625 0.20172916666666665
3 0.8183203125 0.6887916666666667 0.149015625 0.299625
3 0.6728984375 0.39651041666666664 0.161546875 0.20772916666666666
3 0.4948125 0.48334375 0.29103124999999996 0.2736041666666667
3 0.9038984375 0.3402604166666666 0.187015625 0.22339583333333335
3 0.9346328125000001 0.6637708333333332 0.130734375 0.213625
3 0.37098437500000003 0.6340312499999999 0.11612499999999999 0.15239583333333334
3 0.3980546875 0.5530729166666667 0.116453125 0.09285416666666667
0 0.7655078124999999 0.3154895833333333 0.209296875 0.23256249999999998