5 0.1685 0.56384375 0.089625 0.10314583333333333
5 0.252828125 0.5708125 0.0891875 0.05608333333333334
5 0.17867187499999998 0.6178333333333333 0.09934375 0.110125
5 0.11451562499999998 0.7081979166666666 0.0891875 0.13327083333333334
5 0.1365 0.74146875 0.06759375 0.09318749999999999
5 0.3335234375 0.685875 0.09176562499999999 0.12941666666666665
5 0.22821875 0.7793020833333332 0.3583125 0.3741041666666666
1 0.47471874999999997 0.2880520833333333 0.04453125 0.06260416666666667
1 0.41168750000000004 0.31321875 0.050062499999999996 0.0651875
1 0.46642968749999997 0.46910416666666666 0.052765625000000003 0.05420833333333333
1 0.523234375 0.26639583333333333 0.0455 0.049041666666666664
4 0.19732812500000002 0.35426041666666663 0.059812500000000005 0.09102083333333333
4 0.16466406249999999 0.41042708333333333 0.061015625 0.11852083333333334
1 0.4859765625 0.43876041666666665 0.046890625000000005 0.05689583333333333
1 0.48452343750000004 0.24947916666666667 0.040796874999999996 0.04070833333333333
1 0.49410156250000004 0.39234375 0.043328125 0.05902083333333333
1 0.4575625 0.33255208333333336 0.04375 0.049604166666666664
4 0.2501328125 0.4546145833333333 0.070765625 0.05564583333333333
4 0.277765625 0.39888541666666666 0.14021875 0.12264583333333333
4 0.181734375 0.49418749999999995 0.061375 0.06175
4 0.1219921875 0.4534479166666667 0.071265625 0.0883125
4 0.10797656250000001 0.4053333333333333 0.037046875 0.033166666666666664
4 0.11503125 0.36816666666666664 0.03071875 0.049833333333333334
4 0.2021953125 0.41579166666666667 0.025734374999999997 0.050124999999999996