0 0.7022968749999999 0.5465208333333333 0.19496875 0.20591666666666666
0 0.5298515625 0.5585 0.166671875 0.19979166666666667
0 0.4027421875 0.5225833333333333 0.042515625 0.03925
0 0.37603125 0.5194791666666666 0.03125 0.026166666666666668
0 0.424046875 0.5394375 0.09446875 0.142375
0 0.3085390625 0.5321458333333333 0.037796875 0.04458333333333333
0 0.6493515625 0.47209375000000003 0.089015625 0.06256250000000001
0 0.3232265625 0.49571875 0.034015625 0.0330625
1 0.026375 0.9403333333333334 0.05275 0.06966666666666667
0 0.9189921875 0.41854166666666665 0.161109375 0.2589166666666667
0 0.3456953125 0.5690624999999999 0.086640625 0.10958333333333334
1 0.0169765625 0.7612395833333334 0.033953125 0.057479166666666665
1 0.025257812499999997 0.775375 0.048734375 0.0635