3 0.47383333333333333 0.38582031250000004 0.050208333333333334 0.040921875
3 0.5515833333333333 0.379953125 0.051333333333333335 0.038125
3 0.5147395833333334 0.4008828125 0.05377083333333333 0.033828125
8 0.5008541666666667 0.64184375 0.07920833333333334 0.036875000000000005
8 0.276625 0.6355703125 0.07141666666666667 0.034859375
8 0.3475520833333333 0.7576484375 0.08014583333333333 0.047546875
8 0.8212395833333334 0.5155234375 0.07589583333333333 0.052390625
8 0.90925 0.51509375 0.076 0.053437500000000006
8 0.5354479166666667 0.520125 0.07897916666666666 0.03540625
8 0.5938020833333333 0.5169374999999999 0.0570625 0.042812499999999996
8 0.53021875 0.4893515625 0.08260416666666666 0.041296875
8 0.47953125 0.51740625 0.042937499999999997 0.039531250000000004
3 0.434125 0.384125 0.03995833333333333 0.03515625
3 0.46953125 0.40805468749999996 0.0470625 0.021546875
3 0.50734375 0.3743203125 0.0424375 0.025015625000000003
3 0.5572395833333333 0.4047421875 0.03764583333333334 0.024078125
3 0.031968750000000004 0.29196875 0.06302083333333333 0.033187499999999995
8 0.87925 0.6341953124999999 0.07429166666666666 0.047109374999999995
8 0.34992708333333333 0.6042109375 0.07510416666666667 0.049265625
3 0.06627083333333333 0.40514062500000003 0.04704166666666666 0.03634375
9 0.90490625 0.7724218749999999 0.07060416666666666 0.039531250000000004
9 0.5786875000000001 0.7674765625 0.07566666666666667 0.048765625
8 0.7864791666666666 0.5139765625 0.053625 0.05254687500000001
8 0.8283645833333334 0.7711953125 0.07214583333333334 0.045765625
9 0.9033125 0.516578125 0.07970833333333333 0.05271875