1 0.5568359375 0.7388145539906104 0.10614062500000002 0.15194835680751176
1 0.656546875 0.7343896713615023 0.13674999999999998 0.15192488262910797
1 0.37936718750000004 0.7421713615023473 0.104359375 0.13504694835680753
3 0.48846875 0.7467488262910799 0.031906250000000004 0.040492957746478875
3 0.46797656249999997 0.7370892018779343 0.095359375 0.14727699530516433
3 0.9256640625000001 0.7668544600938966 0.024046875000000002 0.033568075117370894
3 0.9119687500000001 0.7488732394366198 0.112375 0.114037558685446
5 0.6656093750000001 0.5782042253521127 0.0365 0.01960093896713615
5 0.6905234375 0.5674882629107981 0.037390625 0.09093896713615024
5 0.6231640625 0.5391079812206573 0.035140624999999995 0.051830985915492955
5 0.6498828125 0.5624647887323944 0.077921875 0.10145539906103286
5 0.7115625 0.5343075117370892 0.050624999999999996 0.05514084507042253
5 0.6504218749999999 0.5562676056338028 0.013750000000000002 0.0053051643192488255
5 0.620578125 0.5681455399061033 0.026968750000000003 0.009248826291079811
5 0.6517578125 0.5467605633802817 0.012765625 0.01131455399061033