0 0.9646015625000001 0.30906249999999996 0.068984375 0.07366666666666667
0 0.9832109375 0.28103125 0.033578125 0.0574375
4 0.0391328125 0.9537395833333332 0.071015625 0.09252083333333333
4 0.20413281249999998 0.34138541666666666 0.056984375 0.0646875
5 0.061234374999999994 0.39183333333333337 0.04571875 0.10633333333333334
5 0.052695312499999994 0.47967708333333337 0.046609374999999995 0.1016875
5 0.0323125 0.40541666666666665 0.00996875 0.06579166666666666
5 0.020109375 0.40080208333333334 0.025343749999999998 0.11485416666666667
1 0.9242578124999999 0.18743750000000003 0.013046875 0.019958333333333335
1 0.55265625 0.3768125 0.02553125 0.025416666666666664
1 0.9466015625 0.1606041666666667 0.012890625 0.017166666666666667
1 0.9667031249999999 0.18563541666666666 0.0129375 0.01914583333333333
1 0.6442421875 0.3855 0.021828125 0.029833333333333333
1 0.70959375 0.5412916666666666 0.09059375 0.132125
3 0.3748046875 0.8862083333333334 0.061296874999999994 0.07491666666666667
3 0.42059374999999993 0.5935416666666666 0.03465625 0.039875
3 0.3086171875 0.8128541666666667 0.06085937500000001 0.06241666666666667
3 0.414359375 0.8223854166666666 0.0605625 0.06256250000000001
3 0.3723828125 0.8611145833333335 0.263046875 0.27777083333333336
4 0.175296875 0.94403125 0.09059375 0.1119375
4 0.0948359375 0.8651354166666666 0.07670312500000001 0.11856249999999999
5 0.022734375 0.45515625000000004 0.0141875 0.05360416666666667
5 0.043226562499999996 0.37861458333333337 0.016671875 0.035270833333333335
5 0.00815625 0.39907291666666667 0.0163125 0.08739583333333334
5 0.004046875 0.45516666666666666 0.0074062500000000005 0.07045833333333333
0 0.99103125 0.32648958333333333 0.017937500000000002 0.034479166666666665
1 0.6112968750000001 0.4931979166666666 0.0321875 0.03364583333333333