0 0.14234375 0.8226352941176469 0.0563125 0.0804235294117647
0 0.2123671875 0.7711176470588236 0.065453125 0.06872941176470589
0 0.6355078125 0.7908117647058824 0.034734375 0.07969411764705882
0 0.260546875 0.8198941176470588 0.04840625 0.06689411764705883
0 0.475375 0.7236823529411764 0.0818125 0.07089411764705882
0 0.921109375 0.6671058823529411 0.09353125 0.08705882352941176
0 0.1894296875 0.8284117647058823 0.010671875 0.06035294117647058
0 0.1736328125 0.7408117647058823 0.033796875 0.05414117647058824
0 0.5904921875 0.7302117647058824 0.073015625 0.1131764705882353
0 0.2850078125 0.6221529411764707 0.045859375 0.055505882352941176
0 0.7380390625000001 0.6549647058823529 0.10289062499999999 0.059811764705882356
0 0.657890625 0.7937294117647058 0.044625 0.061200000000000004
0 0.2003359375 0.8408470588235294 0.008578125 0.05792941176470588
0 0.51328125 0.6388235294117647 0.6296875 0.1952941176470588