0 0.40295833333333336 0.6681953125 0.098125 0.059171875
0 0.15866666666666665 0.1413515625 0.24033333333333334 0.083984375
0 0.4430520833333334 0.7427109375 0.10514583333333333 0.098328125
0 0.33040625 0.734671875 0.18385416666666668 0.1144375
1 0.30075 0.088890625 0.09970833333333333 0.061375
0 0.3506666666666666 0.5734453125 0.09933333333333333 0.140578125
0 0.7424166666666667 0.58409375 0.10162500000000001 0.03959375
1 0.30706249999999996 0.13075781250000001 0.095625 0.044203124999999996
3 0.4660625 0.5748359375000001 0.153875 0.10207812499999999
3 0.6013020833333333 0.5525156250000001 0.10185416666666666 0.061125
3 0.6470104166666667 0.5400390625 0.07785416666666665 0.074984375
3 0.5772083333333333 0.4785859375 0.09216666666666667 0.051890625
1 0.35651041666666666 0.7184609375 0.0959375 0.06035937500000001
1 0.5619375000000001 0.7195078125 0.08187499999999999 0.066671875
1 0.6346666666666667 0.7081250000000001 0.07566666666666667 0.06946875
1 0.5655520833333333 0.57115625 0.07160416666666666 0.05071875
1 0.09830208333333333 0.1603046875 0.08064583333333333 0.040421875
0 0.4165 0.48203125 0.05391666666666666 0.07875
0 0.22605208333333332 0.669625 0.0836875 0.081375
1 0.13639583333333333 0.0974375 0.06525 0.06293750000000001