0 0.42794 0.4114933333333333 0.09351999999999999 0.18352
0 0.35152999999999995 0.3310666666666666 0.33862000000000003 0.5525333333333333
0 0.69092 0.3051466666666666 0.13732 0.07658666666666666
0 0.09101000000000001 0.15056 0.18202000000000002 0.30112
0 0.09522 0.2737733333333333 0.19044 0.34157333333333334
0 0.02196 0.57996 0.04392 0.30263999999999996
0 0.7438100000000001 0.07508000000000001 0.23918 0.15016000000000002
0 0.89764 0.10614666666666667 0.20471999999999999 0.21229333333333333
0 0.6047 0.34436 0.03748 0.06482666666666666
0 0.53455 0.3347733333333333 0.2161 0.35386666666666666
0 0.5029199999999999 0.4948 0.9941599999999999 0.9844266666666668