0 0.7675468750000001 0.8864166666666667 0.04390625 0.13066666666666665
0 0.5858828125000001 0.9013333333333334 0.451765625 0.174125
1 0.93590625 0.627625 0.028125 0.03629166666666667
1 0.9051328125000001 0.6853020833333333 0.130265625 0.10364583333333334
1 0.7198046875 0.52625 0.024640625 0.024458333333333335
1 0.908984375 0.6028749999999999 0.03053125 0.026000000000000002
1 0.6898125 0.5131041666666667 0.14937499999999998 0.091
3 0.9348203125 0.47978125 0.067953125 0.0478125
1 0.9136875 0.6245208333333334 0.030375000000000003 0.03141666666666667
1 0.959234375 0.6255833333333334 0.02615625 0.029625000000000002
1 0.9526562499999999 0.6024583333333333 0.03215625 0.03491666666666667