0 0.9427870563674322 0.6886484375 0.11442588726513571 0.21917187500000002
0 0.7167014613778706 0.6018828125 0.08509394572025052 0.06489062500000001
0 0.7555323590814197 0.582875 0.038329853862212944 0.066625
0 0.7083820459290188 0.6151953124999999 0.23755741127348645 0.301609375
0 0.549008350730689 0.5661640625000001 0.0698329853862213 0.075515625
0 0.47966597077244255 0.5010078124999999 0.05402922755741127 0.050671875
0 0.8986743215031316 0.8940468750000001 0.20265135699373693 0.21190625000000002
0 0.4664613778705637 0.55290625 0.023653444676409185 0.01553125
0 0.07007306889352818 0.3172890625 0.11906054279749478 0.232421875
0 0.5958559498956157 0.5647734375 0.06820459290187891 0.08204687499999999
0 0.4353757828810021 0.49871875 0.024906054279749477 0.02134375
0 0.5939561586638831 0.5115937500000001 0.043319415448851775 0.03959375
0 0.505866388308977 0.563171875 0.0437160751565762 0.04415625
0 0.5501043841336117 0.584375 0.6576200417536534 0.5375