0 0.5231250000000001 0.290625 0.047593750000000004 0.21258333333333335
0 0.3277890625 0.519625 0.15232812499999998 0.042958333333333334
0 0.446828125 0.67746875 0.13309375 0.32393750000000004
0 0.35807031250000004 0.46882291666666664 0.140890625 0.05677083333333333
0 0.5635468749999999 0.29525 0.04146875 0.206875
0 0.8115859375 0.4839895833333333 0.14951562499999999 0.058520833333333334
0 0.8516874999999999 0.46242708333333327 0.13925 0.057479166666666665
0 0.6082343750000001 0.35383333333333333 0.08490625 0.16016666666666665
0 0.746796875 0.59690625 0.06343750000000001 0.15414583333333332
0 0.6165234374999999 0.5372708333333333 0.15532812499999998 0.13445833333333335
0 0.8351171875000001 0.35611458333333335 0.163484375 0.08989583333333333
0 0.816234375 0.58571875 0.11299999999999999 0.08052083333333333
0 0.7306874999999999 0.6220104166666667 0.0938125 0.20347916666666668
0 0.58515625 0.43645833333333334 0.6859375 0.3645833333333333