8 0.4970624999999999 0.4753125 0.08778125 0.059000000000000004
8 0.4848203125 0.44885416666666667 0.079796875 0.07695833333333332
8 0.5738828125 0.43464583333333334 0.101640625 0.08454166666666667
8 0.5831171875 0.4901666666666667 0.10007812499999999 0.073
8 0.6561874999999999 0.3797916666666667 0.09790625 0.079625
8 0.70084375 0.34242708333333327 0.08399999999999999 0.06864583333333334
8 0.40346093749999995 0.43420833333333336 0.092046875 0.08695833333333333
8 0.6488125 0.45639583333333333 0.07184375 0.07420833333333333
8 0.6063124999999999 0.36189583333333336 0.08465625 0.06779166666666667
8 0.490703125 0.39346875000000003 0.0873125 0.06102083333333333
8 0.059601562500000003 0.43421875000000004 0.06398437500000001 0.0589375
8 0.7184453125 0.47669791666666667 0.086078125 0.10656249999999999
7 0.6194843750000001 0.11940624999999999 0.09740625 0.07014583333333334
8 0.12792187500000002 0.42250000000000004 0.0818125 0.064125
9 0.29263281250000006 0.6979270833333333 0.08139062500000001 0.04135416666666667
9 0.27335156250000003 0.47521874999999997 0.101828125 0.035812500000000004
8 0.49609375 0.26875 0.9796875 0.48333333333333334