0 0.55091 0.5601047904191616 0.0745 0.045
0 0.6645300000000001 0.47567365269461076 0.02118 0.02380239520958084
1 0.94391 0.662814371257485 0.10138 0.06425149700598802
3 0.90471 0.7070658682634731 0.04294 0.054910179640718565
3 0.8807699999999999 0.6831736526946108 0.01558 0.02191616766467066
3 0.8707099999999999 0.7124101796407186 0.0171 0.01901197604790419
3 0.85279 0.7110179640718564 0.01438 0.015089820359281437
3 0.80265 0.6644461077844311 0.14458000000000001 0.0924251497005988
3 0.7030899999999999 0.69312874251497 0.06558 0.03535928143712575
3 0.87907 0.7064520958083833 0.0169 0.024461077844311375
1 0.93604 0.6538922155688623 0.0106 0.009161676646706586