8 0.2656953125 0.9395104166666666 0.134296875 0.11960416666666666
8 0.188046875 0.8729895833333333 0.1125 0.13235416666666666
8 0.10165625 0.8009166666666665 0.12196875 0.137125
8 0.036125000000000004 0.8879166666666668 0.07162500000000001 0.16370833333333332
8 0.37682812499999996 0.8570208333333333 0.12646875 0.15775
8 0.2730390625 0.7831458333333333 0.087640625 0.2045
8 0.20832812500000003 0.7339270833333332 0.097 0.17768750000000003
8 0.09952343749999999 0.9396666666666665 0.136828125 0.12066666666666667
8 0.0261953125 0.9849895833333332 0.051015624999999995 0.030020833333333333
8 0.18236718749999997 0.9956354166666668 0.055921874999999996 0.008729166666666668
8 0.8497031249999999 0.8720312499999999 0.08259375 0.1489791666666667