4 0.8504296874999999 0.5129460093896714 0.14095312499999998 0.23058685446009392
4 0.5630390625 0.21058685446009393 0.208296875 0.2376525821596244
4 0.5896640625 0.6988262910798123 0.126859375 0.1835211267605634
4 0.32396875 0.27805164319248826 0.1385 0.19666666666666666
5 0.1709609375 0.8529694835680751 0.055578125 0.10462441314553991
5 0.294484375 0.48901408450704226 0.1121875 0.08690140845070424
5 0.600140625 0.7924999999999999 0.1140625 0.1353755868544601
5 0.2083671875 0.45336854460093895 0.067078125 0.137018779342723
5 0.36946875 0.8770892018779343 0.09625 0.15708920187793426
5 0.457421875 0.13938967136150235 0.045656249999999995 0.09009389671361503
5 0.7393124999999999 0.44586854460093894 0.11837500000000001 0.08544600938967135
5 0.799390625 0.38739436619718315 0.0515625 0.08061032863849767
5 0.7521171875 0.36327464788732394 0.100359375 0.132981220657277