8 0.36112500000000003 0.1616875 0.24375 0.323375
8 0.1283515625 0.15345833333333334 0.226515625 0.3065
8 0.1348359375 0.8191041666666667 0.266296875 0.32583333333333336
8 0.40364843750000007 0.82359375 0.28145312499999997 0.32585416666666667
8 0.661515625 0.8011250000000001 0.24775 0.37529166666666663
8 0.8885156249999999 0.8085520833333333 0.20946875 0.3513541666666667
8 0.8541640625 0.46684374999999995 0.20960937500000001 0.30868749999999995
8 0.6322578125 0.452125 0.23329687500000001 0.34920833333333334
8 0.40033593750000007 0.4864895833333333 0.266890625 0.3513541666666667
8 0.14558593749999998 0.46755208333333337 0.24514062499999997 0.34097916666666667
8 0.6012968750000001 0.14677083333333335 0.24425 0.28933333333333333
8 0.8374296874999999 0.17258333333333334 0.225390625 0.282375