9 0.1273515625 0.6003932584269663 0.253234375 0.2755730337078652
9 0.3117890625 0.5352134831460674 0.195734375 0.2186516853932584
9 0.1543125 0.4607865168539326 0.15525 0.10584269662921349
9 0.05971875 0.44517977528089886 0.11615625 0.14352808988764043
9 0.623921875 0.6835955056179776 0.25565625000000003 0.24314606741573033
9 0.5512343749999999 0.43350561797752807 0.16234375 0.12301123595505618
9 0.26582812499999997 0.42234831460674155 0.143625 0.0977752808988764
9 0.295546875 0.3721685393258427 0.11256250000000001 0.061910112359550566
9 0.4090625 0.3831235955056179 0.12821875 0.10130337078651686
9 0.3848125 0.2565505617977528 0.060843749999999995 0.05984269662921348
9 0.4440859375 0.31816853932584266 0.07748437500000001 0.028831460674157303
9 0.335875 0.3289887640449438 0.0895 0.09110112359550561
9 0.36715624999999996 0.30159550561797754 0.062625 0.056
9 0.40703125 0.37640449438202245 0.3953125 0.30337078651685395