1 0.4616015625 0.31663541666666667 0.053484374999999994 0.06585416666666667
1 0.47464062500000004 0.3684375 0.047593750000000004 0.05716666666666667
4 0.718859375 0.43728125 0.18256250000000002 0.0949375
5 0.7261562500000001 0.48989583333333336 0.033437499999999995 0.01891666666666667
5 0.6895078125 0.47142708333333333 0.016515625 0.04164583333333333
5 0.698828125 0.5059791666666666 0.012375 0.03758333333333333
5 0.664171875 0.45028125 0.01390625 0.0179375
5 0.7325468749999999 0.47313541666666664 0.03909375 0.0163125
0 0.602828125 0.40003124999999995 0.02459375 0.0500625
0 0.5837734375 0.39259374999999996 0.035328125 0.0428125
0 0.6172578125 0.4199583333333333 0.034609375 0.05591666666666666
5 0.7504609375 0.49443750000000003 0.018515625 0.029
5 0.6805 0.5188125 0.012375 0.021666666666666667
5 0.7092734375 0.51565625 0.012828125000000001 0.034229166666666665
5 0.6784375 0.46853125 0.015562500000000002 0.042562499999999996
5 0.7559765625 0.4753125 0.007796875 0.012708333333333332
5 0.649765625 0.4832604166666667 0.0426875 0.05414583333333333
5 0.7910859375 0.48140625 0.024796875 0.012687499999999999
5 0.7337031250000001 0.5153541666666667 0.0364375 0.03879166666666667
5 0.51484375 0.6510416666666666 0.5296875 0.45625