1 0.4665703124999999 0.5416393442622951 0.012390624999999999 0.01180327868852459
3 0.304109375 0.5090983606557378 0.014781250000000001 0.019695550351288057
3 0.33951562500000004 0.504367681498829 0.06771875000000001 0.05014051522248244
0 0.8102812499999998 0.2952693208430913 0.038656249999999996 0.043278688524590166
0 0.78571875 0.28991803278688527 0.034937499999999996 0.04704918032786885
0 0.500109375 0.3287236533957846 0.038375 0.05960187353629976
0 0.7538437499999999 0.25844262295081966 0.03559375 0.05716627634660421
0 0.4706328125 0.21951990632318502 0.037671875 0.05220140515222482
0 0.687828125 0.2886416861826698 0.0280625 0.06229508196721312
0 0.2617421875 0.18605386416861824 0.033734375 0.06887587822014052
0 0.6669296874999999 0.2329274004683841 0.042265625 0.06234192037470726
0 0.6529921875 0.2968384074941452 0.024453125 0.051850117096018736
0 0.284078125 0.23893442622950817 0.048875 0.052482435597189694
0 0.37546874999999996 0.33782201405152223 0.043187500000000004 0.06599531615925058
0 0.36247656250000004 0.25701405152224827 0.037984375 0.07206088992974238
1 0.48464062500000005 0.5473653395784543 0.015437500000000002 0.009953161592505855
1 0.4528125 0.5435480093676816 0.013468749999999998 0.01557377049180328
1 0.4839609375 0.5402810304449649 0.024609375 0.022014051522248244
1 0.4429921875000001 0.5538407494145199 0.008734374999999999 0.011241217798594848
1 0.46134375 0.5336299765807963 0.012562499999999999 0.00955503512880562
1 0.503578125 0.5510889929742389 0.01584375 0.020023419203747075
3 0.5315390624999999 0.7699882903981266 0.104203125 0.06002341920374707
3 0.445 0.8344262295081968 0.018 0.029227166276346604
3 0.41743749999999996 0.8330562060889929 0.12253125000000001 0.07210772833723653
0 0.4322421875000001 0.313559718969555 0.031765625 0.05105386416861827
0 0.559375 0.2693208430913349 0.503125 0.1873536299765808