4 0.9431499999999999 0.28741333333333335 0.10746 0.11824000000000001
4 0.8859 0.2939866666666667 0.0476 0.05037333333333333
5 0.6241 0.6474133333333333 0.14696 0.10133333333333333
5 0.5515399999999999 0.7762933333333334 0.0576 0.09685333333333333
5 0.56137 0.6239733333333334 0.12941999999999998 0.11792
5 0.45711 0.6443866666666667 0.03506 0.16808
5 0.51668 0.6402266666666667 0.06888 0.13586666666666666
5 0.6430800000000001 0.6089333333333333 0.18092 0.10912000000000001
5 0.5981799999999999 0.7646000000000001 0.061079999999999995 0.08856
5 0.6267999999999999 0.74864 0.0516 0.06410666666666666
5 0.48317 0.6270666666666667 0.03522 0.13488
5 0.53153 0.6305733333333333 0.09146 0.15245333333333333
5 0.7539600000000001 0.7240133333333333 0.04228 0.0484
4 0.83987 0.31772 0.0487 0.06258666666666667
5 0.6243099999999999 0.7236400000000001 0.28878 0.2671733333333333
5 0.586 0.5706666666666667 0.144 0.058666666666666666