4 0.5785770234986946 0.74084375 0.5609138381201044 0.32628124999999997
4 0.948668407310705 0.5193125000000001 0.10266318537859008 0.121125
4 0.4781723237597912 0.1952890625 0.06684073107049608 0.037140625
4 0.4810574412532637 0.4976328124999999 0.08806788511749346 0.07095312499999999
5 0.7293472584856397 0.3403203125 0.15018276762402089 0.083109375
5 0.6168537859007833 0.22726562499999997 0.16451697127937337 0.092125
5 0.5720757180156658 0.15646875 0.11402088772845953 0.04
5 0.8776370757180156 0.33696875 0.12023498694516971 0.07884375
4 0.9681853785900784 0.758765625 0.06362924281984335 0.0655625
4 0.6169060052219322 0.45648437499999994 0.0979373368146214 0.03603125
4 0.40926892950391647 0.5650000000000001 0.06469973890339425 0.06737499999999999
5 0.6889686684073107 0.32143750000000004 0.12733681462140992 0.061281249999999995
5 0.8377284595300262 0.160609375 0.1273107049608355 0.0298125
5 0.8373107049608355 0.280875 0.1077284595300261 0.08625000000000001