0 0.6685046728971963 0.26117187499999994 0.4925700934579439 0.24
0 0.690981308411215 0.66196875 0.08827102803738318 0.0986875
0 0.8338084112149533 0.8055859375000001 0.2504672897196262 0.194765625
0 0.7447196261682243 0.41362499999999996 0.5105607476635514 0.269
0 0.4099532710280374 0.486515625 0.22850467289719625 0.17303125
0 0.5309228971962617 0.6955 0.4905841121495327 0.27190625
0 0.7868457943925233 0.6172578125 0.3917289719626168 0.310765625
0 0.1893457943925234 0.16168749999999998 0.3786915887850468 0.1645625
0 0.18961448598130842 0.38351562499999997 0.07927570093457943 0.0430625
0 0.1602336448598131 0.296375 0.06691588785046729 0.041031250000000005
0 0.5058294392523365 0.5168828125 0.988341121495327 0.841546875