0 0.7522365339578454 0.16339062499999998 0.40611241217798594 0.2210625
0 0.7428337236533957 0.44057812500000004 0.4477751756440281 0.20365625
0 0.6857845433255269 0.7258984375 0.09217798594847774 0.16829687499999998
0 0.7535714285714286 0.7216250000000001 0.05838407494145199 0.11265624999999999
0 0.8484543325526932 0.6442578125 0.19292740046838405 0.11767187500000001
0 0.8170023419203747 0.6804218750000001 0.16501170960187353 0.1408125
0 0.6054098360655737 0.718390625 0.1511007025761124 0.17790625
0 0.7850585480093676 0.69703125 0.12276346604215457 0.15031250000000002
1 0.18653395784543328 0.38990625 0.08707259953161592 0.047281250000000004
3 0.520480093676815 0.8070625 0.09566744730679157 0.062406249999999996
3 0.6552810304449649 0.8195859375 0.08667447306791569 0.063359375
1 0.5504683840749415 0.61553125 0.09016393442622951 0.04575
1 0.7509718969555035 0.5643828125 0.09295081967213115 0.043796875
1 0.11514051522248243 0.36 0.22512880562060889 0.17590625
1 0.8693559718969555 0.55959375 0.09079625292740047 0.05084375
1 0.8670491803278689 0.50946875 0.08159250585480095 0.044875
1 0.5432786885245902 0.5662343750000001 0.11021077283372366 0.056374999999999995
1 0.4391451990632319 0.6626484374999999 0.09159250585480093 0.048703125
1 0.43426229508196723 0.570921875 0.10327868852459017 0.051875000000000004
1 0.4915690866510538 0.5177734375 0.2234192037470726 0.06035937500000001
1 0.4376932084309133 0.6163515625 0.0948711943793911 0.053984374999999994
1 0.6504566744730679 0.5593281250000001 0.0792271662763466 0.04140625
1 0.6560187353629977 0.605546875 0.08566744730679156 0.0486875
3 0.7844145199063232 0.8643750000000001 0.4311709601873537 0.2144375
3 0.47659250585480095 0.8678750000000001 0.1934192037470726 0.08353125
1 0.11826697892271663 0.15859375 0.23185011709601874 0.1890625