1 0.41911718750000004 0.2273125 0.08542187500000001 0.034958333333333334
0 0.609515625 0.47201041666666665 0.09109375 0.12572916666666667
0 0.56346875 0.529375 0.12915625 0.08670833333333333
0 0.7607968749999999 0.41789583333333336 0.11181250000000001 0.08945833333333333
0 0.45765625000000004 0.4149375 0.05953125 0.06129166666666667
0 0.40629687500000006 0.4075625 0.03509375 0.029541666666666667
0 0.5431406249999999 0.4486875 0.0590625 0.07162500000000001
0 0.47328125 0.495125 0.04025 0.07820833333333334
0 0.6785625 0.3950416666666667 0.08540624999999999 0.048666666666666664
0 0.5070625 0.4815625 0.08396875000000001 0.09749999999999999
0 0.5299921875 0.3955208333333333 0.055046874999999995 0.04804166666666666
0 0.3839375 0.39470833333333327 0.01521875 0.013333333333333334
0 0.59940625 0.39595833333333336 0.10974999999999999 0.05708333333333333
0 0.4423828125 0.4882916666666667 0.083984375 0.08854166666666667
0 0.528125 0.4114583333333333 0.425 0.18125