0 0.7280546875 0.7218505747126437 0.040296874999999996 0.04848275862068965
0 0.6141484375 0.6919195402298851 0.023828125 0.0772183908045977
0 0.8532968750000001 0.7717931034482758 0.16646875 0.1859770114942529
0 0.72871875 0.6123218390804598 0.116625 0.07977011494252874
0 0.5402734375 0.6021149425287357 0.085265625 0.07866666666666666
0 0.652546875 0.6801494252873563 0.0379375 0.05717241379310345
0 0.497515625 0.6464022988505748 0.09490625 0.08333333333333333
0 0.9084687499999999 0.6854252873563219 0.052468749999999995 0.047908045977011496
0 0.8929140624999998 0.6996436781609197 0.11270312499999999 0.0892183908045977
0 0.6674140625 0.6564252873563218 0.047671875 0.030827586206896553
0 0.8428203125 0.6801379310344828 0.050390625 0.05370114942528736
0 0.5867109374999999 0.6784827586206897 0.070984375 0.09213793103448276
3 0.3485078125 0.590896551724138 0.034359375 0.048229885057471264
3 0.32207812500000005 0.5463563218390806 0.036 0.04475862068965517
0 0.6372578124999999 0.689344827586207 0.025859375 0.06862068965517241
3 0.25326562499999994 0.5439999999999999 0.0355 0.05016091954022989
0 0.48203125 0.6988505747126437 0.9421875 0.2574712643678161