8 0.45354687499999996 0.45608333333333334 0.2618125 0.32208333333333333
8 0.3455703125 0.3325625 0.25792187499999997 0.3409583333333333
8 0.9092500000000001 0.4213333333333333 0.14003125 0.24912499999999999
8 0.5983203125000001 0.28838541666666667 0.212359375 0.32585416666666667
8 0.8340781249999999 0.6054270833333334 0.1804375 0.2730625
8 0.8477499999999999 0.8674166666666667 0.1955 0.24270833333333333
8 0.339609375 0.6625416666666666 0.22753125000000002 0.305625
8 0.7191796874999999 0.4655729166666666 0.25320312500000003 0.3451458333333333
8 0.8023046875000001 0.31522916666666667 0.16504687499999998 0.2465
8 0.58828125 0.6369791666666667 0.2390625 0.309375
8 0.6926953124999999 0.14607291666666666 0.208984375 0.2876458333333333
8 0.8764062499999999 0.17338541666666665 0.163375 0.2565625
8 0.1484375 0.6588645833333333 0.19921875 0.2630208333333333
8 0.5 0.49895833333333334 0.996875 0.9979166666666667