0 0.4249375 0.684453125 0.10529166666666666 0.02375
0 0.4409791666666667 0.7179140625 0.076125 0.028953125000000003
0 0.34403124999999996 0.708875 0.08039583333333335 0.02175
0 0.3343333333333333 0.7356640624999999 0.08154166666666667 0.021890625
0 0.24275000000000002 0.71265625 0.060125 0.03121875
0 0.2063333333333333 0.7317109374999999 0.06420833333333334 0.020953125
0 0.4676041666666667 0.671578125 0.10583333333333332 0.01028125
0 0.1591979166666667 0.737578125 0.0283125 0.01853125
0 0.4185520833333333 0.6608125 0.05064583333333333 0.025312499999999998
0 0.37771875 0.7136484375000001 0.06047916666666667 0.043015625
0 0.4091458333333333 0.7492343750000001 0.03204166666666667 0.0333125
3 0.25077083333333333 0.7865546875 0.05358333333333333 0.049453125
3 0.28103125 0.40456250000000005 0.036145833333333335 0.023875
0 0.2561875 0.7363593749999999 0.043791666666666666 0.0170625
3 0.25011458333333336 0.768140625 0.2704375 0.05178125
3 0.5114791666666667 0.836125 0.043458333333333335 0.0128125
3 0.5936145833333334 0.8354453124999999 0.06464583333333333 0.014921875000000001
0 0.41925 0.701984375 0.09341666666666668 0.02521875
0 0.284375 0.7109375 0.16041666666666668 0.040625