0 0.49914000000000003 0.775450928381963 0.14908000000000002 0.1785941644562334
0 0.8743 0.3979045092838196 0.10504000000000001 0.11687002652519894
0 0.07407 0.4641511936339523 0.09498000000000001 0.11981432360742705
9 0.45664 0.29550397877984086 0.30668 0.4426790450928382
9 0.30447 0.44370026525198936 0.13174 0.19816976127320954
9 0.6464099999999999 0.5528116710875332 0.13046000000000002 0.21124668435013264
0 0.50446 0.20225464190981432 0.08612 0.08042440318302388
9 0.7886799999999999 0.435 0.12628 0.1496816976127321
9 0.5913200000000001 0.3801591511936339 0.11592 0.17437665782493367
9 0.72945 0.4963925729442971 0.15314 0.17782493368700267
9 0.41759 0.5201989389920425 0.12334 0.16055702917771883
9 0.5690599999999999 0.6386339522546419 0.15663999999999997 0.21175066312997348
9 0.26306999999999997 0.34187002652519893 0.09874 0.1123342175066313
9 0.44691000000000003 0.2516180371352785 0.0887 0.12010610079575597
9 0.51554 0.31940318302387266 0.10092 0.093342175066313