1 0.14690625 0.5592604166666667 0.05821875 0.0683125
1 0.109453125 0.5426666666666666 0.051937500000000004 0.06366666666666666
3 0.58690625 0.46141666666666664 0.0953125 0.12787500000000002
3 0.6347109375000001 0.4190520833333334 0.06967187500000001 0.09397916666666667
3 0.6996328125 0.26888541666666665 0.048609374999999996 0.12939583333333332
3 0.7058359375 0.4654270833333333 0.057109375 0.08777083333333334
1 0.0740234375 0.6029895833333333 0.148046875 0.14847916666666666
3 0.6890156249999999 0.3976979166666667 0.0570625 0.07235416666666666
3 0.6523828125 0.5096875 0.066046875 0.08520833333333333
3 0.7275078125000001 0.2195 0.022265625 0.02775
3 0.030773437499999994 0.36039583333333336 0.06079687499999999 0.18483333333333332