3 0.21367708333333332 0.7291171875 0.14110416666666667 0.070984375
3 0.4373333333333333 0.7357890625 0.146125 0.075421875
3 0.6131354166666667 0.7893671875 0.12997916666666667 0.09957812499999999
3 0.5205104166666668 0.83690625 0.17597916666666666 0.107375
3 0.3691979166666666 0.8670625000000001 0.15527083333333333 0.08156250000000001
3 0.328875 0.7856875000000001 0.11004166666666666 0.06775
3 0.25209375 0.8000468749999999 0.09764583333333333 0.10112499999999999
3 0.15719791666666666 0.8069921875 0.1518958333333333 0.105296875
3 0.15584375 0.7026015624999999 0.3116875 0.27273437500000003
3 0.28309375 0.936328125 0.1679375 0.122875
3 0.4356458333333333 0.9345000000000001 0.15954166666666666 0.12540625
3 0.5918854166666667 0.937109375 0.16222916666666667 0.12578125
3 0.8821458333333333 0.6460703125 0.06916666666666667 0.041984375000000004
3 0.5 0.64375 0.9958333333333333 0.709375