6 0.5610390625 0.7405583126550869 0.024140625 0.05794044665012407
6 0.53840625 0.784665012406948 0.02446875 0.06694789081885856
6 0.4208593749999999 0.7356947890818859 0.02271875 0.05456575682382134
6 0.519296875 0.7243052109181141 0.027125 0.08617866004962778
6 0.6103984375 0.8085111662531017 0.023203124999999998 0.0373697270471464
6 0.2333671875 0.7854590570719604 0.033515625 0.04188585607940446
6 0.49759374999999995 0.7051861042183623 0.017374999999999998 0.036426799007444166
6 0.48179687499999996 0.7432258064516128 0.022125 0.052704714640198505
6 0.49516406250000006 0.7845905707196031 0.022171875 0.049478908188585614
6 0.4553671875 0.79227047146402 0.022046875 0.05630272952853598
6 0.621765625 0.7265384615384616 0.027875 0.05243176178660049
6 0.5027968749999999 0.74136476426799 0.023875 0.05091811414392059
6 0.369765625 0.7827419354838709 0.024875 0.06741935483870969
6 0.59875 0.7748387096774195 0.02603125 0.045756823821339956
6 0.35078125 0.7667493796526055 0.6390625 0.228287841191067