0 0.269875 0.45393442622950814 0.34484375 0.5617798594847775
3 0.1466328125 0.6369555035128805 0.217234375 0.3199063231850117
0 0.6688515625 0.18471896955503514 0.193703125 0.349672131147541
1 0.493859375 0.3501873536299766 0.135625 0.20192037470725996
1 0.8119999999999999 0.12675644028103045 0.09403125 0.09210772833723653
1 0.9455234375 0.1894847775175644 0.090203125 0.15550351288056208
9 0.8345546875000001 0.8866393442622952 0.198109375 0.21594847775175643
9 0.8447890625000001 0.6989227166276346 0.14845312500000002 0.18206088992974237
9 0.6373046875 0.6430093676814989 0.123265625 0.16096018735363
9 0.9424687500000001 0.6533957845433255 0.1150625 0.1436065573770492
9 0.9482109375000001 0.8405620608899297 0.098328125 0.26562060889929745
9 0.6888828124999999 0.7592505854800936 0.151390625 0.21742388758782202
9 0.6955390625 0.5722599531615925 0.092421875 0.12939110070257612
9 0.8596640624999999 0.5767330210772833 0.10092187500000001 0.10339578454332553
9 0.763765625 0.6261826697892272 0.1150625 0.14782201405152223
9 0.6072265625 0.5573770491803278 0.06492187499999999 0.11208430913348946