8 0.2325703125 0.7792823529411765 0.174984375 0.26576470588235296
8 0.3991796875 0.773129411764706 0.179515625 0.29110588235294116
8 0.2789375 0.30179999999999996 0.14209375 0.2207294117647059
8 0.43 0.2544941176470588 0.16003125 0.2252235294117647
8 0.6042421875 0.24550588235294118 0.176484375 0.24098823529411764
8 0.777734375 0.22176470588235295 0.18515625 0.24823529411764705
8 0.79165625 0.4696588235294118 0.19846875 0.2696705882352941
8 0.7929765625 0.7566 0.21364062499999997 0.3246823529411765
8 0.5903671875000001 0.7608470588235294 0.206953125 0.2994352941176471
8 0.6049453124999999 0.4891764705882353 0.19007812500000001 0.26738823529411765
8 0.4275390625 0.5 0.171609375 0.26291764705882353
8 0.2612734375 0.531129411764706 0.164796875 0.24818823529411765