8 0.473515625 0.7632083333333333 0.2151875 0.2703333333333333
8 0.26567968750000004 0.8204583333333333 0.222296875 0.264
8 0.5092890625 0.50675 0.211140625 0.24775
8 0.6591796875 0.6750520833333333 0.216890625 0.2831458333333333
8 0.5435390625000001 0.28202083333333333 0.183703125 0.209
8 0.36399218749999995 0.31592708333333336 0.191265625 0.21052083333333332
8 0.706046875 0.23161458333333332 0.16871875 0.1975625
8 0.8515625 0.5815520833333333 0.18853124999999998 0.2944375
8 0.14655468749999997 0.40321875 0.191953125 0.2931875
8 0.7022890625 0.44512500000000005 0.208703125 0.251375
8 0.2666015625 0.5403645833333334 0.314453125 0.4088541666666667