7 0.38989379084967324 0.5966339869281045 0.6134803921568627 0.5910130718954248
4 0.4056209150326798 0.6415686274509804 0.21797385620915033 0.1820261437908497
4 0.29698529411764707 0.5103022875816994 0.2455065359477124 0.15844771241830066
4 0.20004084967320263 0.7445751633986928 0.13890522875816994 0.10084967320261437
4 0.1995261437908497 0.6009395424836601 0.10970588235294118 0.10377450980392157
4 0.13786764705882354 0.4962009803921569 0.12011437908496733 0.13893790849673202
4 0.26112745098039214 0.3679738562091503 0.16526143790849673 0.12513071895424838
4 0.3593382352941176 0.3432843137254902 0.07965686274509803 0.08888888888888889
4 0.5743790849673204 0.4331699346405229 0.12839869281045752 0.1569281045751634
4 0.42337418300653595 0.43636437908496734 0.21299019607843137 0.16622549019607843
4 0.11049019607843139 0.6323039215686274 0.05660130718954248 0.15816993464052287
4 0.11554738562091504 0.40728758169934637 0.07534313725490197 0.09333333333333332