8 0.3053125 0.4942708333333333 0.08006250000000001 0.06108333333333334
8 0.304 0.28658333333333336 0.02065625 0.008083333333333333
8 0.364515625 0.4378020833333333 0.07646875 0.0374375
8 0.4048984375 0.5162291666666667 0.035328125 0.06129166666666667
8 0.3407578125 0.46769791666666666 0.08401562500000001 0.04589583333333334
8 0.26817968750000004 0.42334375 0.07273437499999999 0.0483125
8 0.1350390625 0.42512500000000003 0.079515625 0.04058333333333333
8 0.1886953125 0.43464583333333334 0.28307812499999996 0.13724999999999998
8 0.0445859375 0.41325 0.08089062500000001 0.047875
8 0.38435937499999995 0.4201875 0.06671875000000001 0.043000000000000003
8 0.0198125 0.374875 0.03775 0.043875
8 0.04284375 0.3576458333333334 0.06971875 0.03808333333333334
8 0.0174140625 0.4336354166666666 0.034828125 0.044812500000000005
8 0.52265625 0.4635416666666667 0.9515625 0.22708333333333333