0 0.7820234375 0.3889166666666667 0.178640625 0.20675
0 0.075796875 0.51271875 0.14759375 0.1595625
0 0.40150781249999995 0.6988333333333333 0.142046875 0.16454166666666667
0 0.4331171875 0.6021249999999999 0.137484375 0.16904166666666667
0 0.4836718749999999 0.7479375 0.08562499999999999 0.246125
0 0.6693749999999999 0.6640937499999999 0.2910625 0.38810416666666664
1 0.18176562500000001 0.40117708333333335 0.19059375 0.22352083333333334
1 0.35646875 0.3847083333333333 0.16234375 0.20470833333333335
1 0.291359375 0.2675208333333333 0.1453125 0.16629166666666664
3 0.494046875 0.3041041666666667 0.2846875 0.30533333333333335
0 0.2259296875 0.5349270833333333 0.24676562500000002 0.26560416666666664