0 0.512140625 0.7127604166666667 0.054906250000000004 0.09485416666666667
0 0.5696640625 0.7254895833333334 0.071703125 0.1031875
0 0.8956640625000001 0.6647395833333333 0.068015625 0.13852083333333332
0 0.8433203125000001 0.6467291666666667 0.015078125000000001 0.014666666666666666
0 0.79225 0.6279479166666666 0.1023125 0.12481249999999999
0 0.0405546875 0.4513333333333333 0.039015625 0.03429166666666667
0 0.957265625 0.6024375000000001 0.030093750000000002 0.023083333333333334
0 0.7898828125 0.4183645833333333 0.018921874999999998 0.024562499999999998
0 0.886125 0.7542708333333333 0.02084375 0.016916666666666667
0 0.9413437499999999 0.430375 0.034937499999999996 0.05520833333333333
0 0.5526015624999999 0.7739479166666666 0.086234375 0.03047916666666667
0 0.9210390625 0.6435624999999999 0.048078125 0.12016666666666667
0 0.9088359374999999 0.39766666666666667 0.040984375 0.130375
0 0.86015625 0.5291666666666667 0.0671875 0.3541666666666667