3 0.33223437499999997 0.593231850117096 0.07284375 0.10173302107728337
3 0.2669921875 0.5572248243559719 0.065140625 0.10765807962529274
3 0.228875 0.5939929742388759 0.0686875 0.0959953161592506
3 0.12730468749999999 0.637751756440281 0.053078125 0.062014051522248245
3 0.3836953125 0.6794262295081968 0.073296875 0.08110070257611242
3 0.28325 0.6350702576112413 0.03 0.025175644028103045
1 0.49544531250000007 0.4875292740046839 0.019890625000000002 0.04138173302107729
1 0.536453125 0.5436533957845434 0.046375 0.054566744730679156
1 0.2518046875 0.7976346604215456 0.076953125 0.1005152224824356
1 0.2092734375 0.7779859484777517 0.069890625 0.10370023419203747
1 0.569078125 0.5304332552693208 0.0463125 0.07079625292740047
1 0.18257812499999998 0.9110421545667446 0.07062500000000001 0.1396487119437939
3 0.329359375 0.6619203747072601 0.09343749999999999 0.0677751756440281
3 0.17821875 0.6186065573770493 0.043187500000000004 0.04128805620608899
1 0.13148437500000001 0.8443559718969555 0.26296875000000003 0.28014051522248246
1 0.15701562500000002 0.7664051522248243 0.04090625 0.06292740046838408
1 0.43546874999999996 0.48637002341920377 0.041375 0.05021077283372365
3 0.4253828125 0.6323887587822015 0.073109375 0.15592505854800937
3 0.1432578125 0.596967213114754 0.053390625000000004 0.05042154566744731
3 0.18441406249999998 0.6485128805620609 0.054359375 0.05557377049180328
3 0.37485156249999996 0.5691569086651054 0.051609375 0.08557377049180327
3 0.37729687500000003 0.6250351288056207 0.0355 0.03531615925058548