0 0.0416484375 0.7412412177985949 0.08060937500000001 0.34669789227166276
1 0.192625 0.12778688524590162 0.03509375 0.03927400468384075
3 0.45422656250000004 0.6206908665105386 0.064953125 0.046814988290398124
3 0.37407031249999995 0.5636651053864169 0.364328125 0.16629976580796255
3 0.15217968750000002 0.31333723653395784 0.303203125 0.30016393442622946
3 0.9555 0.8125995316159251 0.089 0.12112412177985948
3 0.9746328125 0.9321662763466043 0.050734375 0.12091334894613584
1 0.1103125 0.07988290398126463 0.03878125 0.03428571428571429
1 0.028210937499999998 0.13833723653395785 0.040203125 0.04538641686182669
1 0.22193749999999998 0.17696721311475408 0.037093749999999995 0.04133489461358313
1 0.19417187500000002 0.09697892271662763 0.1233125 0.08023419203747072
1 0.0832265625 0.13121779859484778 0.042296875 0.04355971896955504
1 0.0568125 0.18153395784543325 0.04603125 0.04199063231850117
1 0.055343750000000004 0.08778688524590164 0.03746875 0.036885245901639344
1 0.07508593749999999 0.1386182669789227 0.040078125 0.03161592505854801
1 0.1673984375 0.17259953161592506 0.039671875 0.03569086651053864
1 0.1105078125 0.17844262295081967 0.038859375 0.041896955503512884
3 0.2918515625 0.3004918032786885 0.053484374999999994 0.06234192037470726
1 0.029484375 0.09994145199063231 0.018187500000000002 0.01740046838407494
1 0.2484375 0.16510538641686182 0.49375 0.2224824355971897