0 0.37756249999999997 0.22549999999999998 0.24575 0.07196875
3 0.28695833333333337 0.677734375 0.16029166666666667 0.11421875
3 0.10615625 0.43792187499999996 0.1220625 0.11271875
3 0.40297916666666667 0.6208515625 0.07020833333333334 0.091609375
3 0.40610416666666665 0.553875 0.081375 0.07325000000000001
0 0.13932291666666666 0.3 0.27264583333333337 0.1955
0 0.6777916666666667 0.1488984375 0.34012499999999996 0.189671875
0 0.4262708333333334 0.1564765625 0.28979166666666667 0.084328125
0 0.3658958333333333 0.18428125 0.204125 0.07025
1 0.18888541666666664 0.4180546875 0.14914583333333334 0.104546875
1 0.44918749999999996 0.35100781249999996 0.17554166666666668 0.12601562500000002
1 0.21992708333333333 0.51359375 0.14427083333333332 0.1184375
1 0.49887499999999996 0.6265703125 0.15445833333333334 0.128796875
1 0.29513541666666665 0.5674140625 0.17677083333333332 0.128078125
1 0.4507083333333333 0.5303359375000001 0.0565 0.074171875
1 0.332625 0.39327343750000004 0.096125 0.059921875
1 0.45205208333333335 0.8122499999999999 0.1183125 0.08690624999999999
1 0.5289583333333333 0.26164062499999996 0.15725 0.11909375
1 0.6028958333333333 0.6745625000000001 0.09841666666666667 0.0783125
3 0.22751041666666666 0.3083359375 0.05564583333333333 0.045265625
1 0.35594791666666664 0.461328125 0.16147916666666667 0.1303125
1 0.6856041666666666 0.7328593750000001 0.12087500000000001 0.09234375
1 0.6577604166666667 0.8024765625000001 0.1145625 0.08479687500000001
0 0.6787916666666667 0.466234375 0.5125416666666667 0.34025
1 0.3854166666666667 0.4515625 0.7666666666666667 0.49375