4 0.6458828125 0.6917604166666667 0.169421875 0.18822916666666664
4 0.8567656250000001 0.2423541666666667 0.1570625 0.21175
4 0.848828125 0.3917604166666667 0.0670625 0.1529375
4 0.7789453125 0.3696979166666666 0.140328125 0.22735416666666666
4 0.515296875 0.43764583333333335 0.1129375 0.13645833333333332
4 0.36394531249999995 0.4573541666666667 0.19914062500000002 0.19079166666666666
4 0.6574296875 0.5479583333333333 0.199515625 0.24262499999999998
4 0.2126484375 0.3658854166666667 0.185296875 0.1670625
4 0.3958984375 0.23796874999999998 0.065734375 0.10177083333333334
4 0.50475 0.25357291666666665 0.0804375 0.1113125
4 0.5486328125 0.2005625 0.116265625 0.11758333333333333
4 0.3736171875 0.08035416666666667 0.052734375 0.11158333333333334
4 0.413203125 0.25940625 0.1163125 0.08514583333333332
4 0.48671875 0.25 0.5890625 0.4375