0 0.26179687500000004 0.7420983213429256 0.15296875000000001 0.46050359712230216
1 0.6089453125 0.4912829736211031 0.086984375 0.12884892086330935
1 0.6837500000000001 0.5463669064748201 0.072 0.11508393285371703
1 0.5267734374999999 0.48375299760191853 0.080796875 0.11685851318944844
1 0.5575 0.7842805755395682 0.084125 0.14553956834532372
1 0.629890625 0.603872901678657 0.0686875 0.104052757793765
1 0.4950859375 0.8606354916067146 0.085890625 0.13071942446043164
1 0.7136484375000001 0.8294364508393285 0.091421875 0.137242206235012
1 0.6747656249999999 0.4403836930455635 0.0729375 0.10273381294964029
3 0.8964375 0.5305395683453238 0.045375 0.06678657074340529
3 0.9205781249999999 0.49453237410071943 0.049375 0.07333333333333333
3 0.9278203125 0.5882613908872902 0.055953125000000006 0.08467625899280576
3 0.882046875 0.6041726618705036 0.048593750000000005 0.08239808153477218
4 0.6032421875 0.24344124700239808 0.29870312499999996 0.3348441247002398
1 0.624234375 0.8448201438848921 0.08725000000000001 0.13189448441247004
1 0.47509375 0.7278657074340528 0.091625 0.14062350119904077