8 0.3971328125 0.7674178403755868 0.148078125 0.21347417840375588
8 0.38456250000000003 0.5378403755868545 0.1273125 0.15699530516431923
8 0.2966171875 0.4891784037558685 0.133953125 0.15892018779342723
8 0.628015625 0.5013262910798122 0.11459375000000001 0.15260563380281691
8 0.433875 0.4274413145539906 0.11003125 0.13154929577464788
8 0.5134140625 0.48469483568075117 0.120890625 0.1592018779342723
8 0.348328125 0.3919953051643193 0.0905 0.11539906103286385
9 0.4690390625 0.6155399061032865 0.14485937499999998 0.19690140845070422
9 0.5489531249999999 0.8155516431924883 0.1671875 0.2789906103286385
9 0.6022265625 0.6253990610328638 0.135234375 0.18413145539906103
9 0.2893984375 0.6774882629107981 0.153921875 0.20661971830985915
9 0.8399062500000001 0.4536032863849765 0.0965 0.14251173708920187
9 0.8453671875 0.8584272300469483 0.171390625 0.27868544600938966
9 0.9541796875000002 0.897018779342723 0.091640625 0.205962441314554
9 0.470890625 0.215962441314554 0.0589375 0.09150234741784037