8 0.6542265625 0.3680729166666667 0.145890625 0.14031249999999998
8 0.8368203125000001 0.54678125 0.201765625 0.20252083333333332
8 0.8580937499999999 0.40254166666666674 0.17728125 0.15358333333333332
8 0.5450546875 0.6517604166666666 0.188296875 0.18864583333333332
8 0.39296875 0.59253125 0.16784375 0.1985625
8 0.6044921875 0.5067395833333334 0.169578125 0.1648125
8 0.515546875 0.34790625000000003 0.1371875 0.13302083333333334
8 0.2636328125 0.29873958333333334 0.123859375 0.1211875
8 0.1860703125 0.39224999999999993 0.141484375 0.12975
8 0.8009921875 0.6946770833333333 0.22698437500000002 0.18714583333333332
8 0.461515625 0.45225 0.14678125 0.13491666666666668
8 0.0897578125 0.5059895833333333 0.162015625 0.15264583333333331
8 0.054484374999999995 0.26015625 0.108375 0.10410416666666666
8 0.49921875 0.509375 0.9984375 0.5979166666666667