8 0.3689921875 0.7294964871194379 0.06442187499999999 0.10414519906323184
8 0.2963046875 0.7082786885245902 0.078921875 0.10138173302107728
8 0.43162500000000004 0.6516978922716627 0.06421875 0.03028103044496487
8 0.5609609375000001 0.6657259953161592 0.037609375 0.029391100702576115
8 0.5580859375 0.6279508196721312 0.033515625 0.024707259953161594
9 0.6431015625 0.628231850117096 0.032609375 0.04587822014051522
9 0.68559375 0.6883723653395785 0.03803125 0.04274004683840749
8 0.4267578125 0.7183957845433255 0.066296875 0.06053864168618267
9 0.6721640625 0.6332786885245902 0.043953124999999996 0.0234192037470726
9 0.710359375 0.6283372365339579 0.026125 0.027166276346604214
8 0.39153125 0.6332786885245901 0.04353125 0.02468384074941452
8 0.3401484375 0.6260070257611241 0.060328124999999996 0.049578454332552695
8 0.668671875 0.6390749414519906 0.0169375 0.013419203747072601
9 0.559765625 0.6596252927400468 0.0409375 0.03667447306791569
9 0.43378125 0.6782201405152225 0.0676875 0.05236533957845433
9 0.3725390625 0.6693793911007025 0.068953125 0.07037470725995316
9 0.1691171875 0.7146604215456676 0.338234375 0.1955503512880562
9 0.9048515625 0.6382084309133489 0.10770312500000001 0.08320843091334895