9 0.8211953124999999 0.6083028720626632 0.10735937499999999 0.13785900783289817
9 0.9532031250000002 0.6215274151436032 0.09359375 0.09412532637075717
9 0.6376953125 0.5244516971279374 0.066796875 0.11161879895561358
9 0.5767421875000001 0.33795039164490864 0.066640625 0.05067885117493472
9 0.45172656250000004 0.2763707571801567 0.051734375 0.06908616187989557
9 0.2652734375 0.28734986945169716 0.059328124999999995 0.0537597911227154
9 0.5526093750000001 0.5099869451697129 0.0714375 0.10326370757180156
9 0.24717968750000002 0.07609660574412533 0.041078125 0.060652741514360314
9 0.0966796875 0.24983028720626632 0.020953125 0.02817232375979112
9 0.9615546875 0.5421279373368146 0.076890625 0.07443864229765014
9 0.588609375 0.4904569190600523 0.0480625 0.1020626631853786
9 0.839828125 0.523603133159269 0.07665625000000001 0.0719060052219321
8 0.40890624999999997 0.4923890339425588 0.06259375 0.06738903394255874
8 0.3850078125 0.48409921671018274 0.063453125 0.06386422976501306
8 0.347171875 0.4864360313315927 0.03765625 0.04671018276762402
8 0.5558828124999999 0.5131201044386423 0.061015625 0.10002610966057442
8 0.07173437499999999 0.582219321148825 0.024906249999999998 0.04005221932114882
8 0.6370156250000001 0.5369451697127937 0.06787499999999999 0.09180156657963445
9 0.9115624999999999 0.5106919060052219 0.08921875 0.11595300261096605
8 0.6806875 0.7745822454308094 0.04265625 0.06315926892950392
8 0.57271875 0.8369712793733681 0.0511875 0.06099216710182768
8 0.09829687499999999 0.5985117493472585 0.04634375 0.052637075718015666
8 0.25928125 0.6002610966057441 0.046375 0.06120104438642298
8 0.1910703125 0.5917362924281984 0.053640625 0.04911227154046997
8 0.6290625000000001 0.9265665796344648 0.065625 0.10738903394255875
8 0.5471015625000001 0.9055744125326372 0.060078125 0.08112271540469974
9 0.32734375 0.6475195822454308 0.2265625 0.4281984334203655
8 0.39765625 0.4751958224543081 0.6359375 0.793733681462141