6 0.49434374999999997 0.765015625 0.0699375 0.054156249999999996
6 0.252 0.7217265625 0.06766666666666667 0.042234375000000005
6 0.2854583333333333 0.7313671875 0.051166666666666666 0.045171875
6 0.30589583333333337 0.6120703125 0.027291666666666665 0.028234375
6 0.33260416666666665 0.6110078125 0.03025 0.030234375
6 0.367 0.728921875 0.05383333333333333 0.042312499999999996
6 0.4434270833333333 0.7663671875 0.04872916666666667 0.05695312500000001
6 0.298 0.7614921875 0.05591666666666666 0.057546875
6 0.22855208333333335 0.760546875 0.07164583333333334 0.0480625
6 0.34798958333333335 0.5893124999999999 0.035770833333333335 0.0191875
6 0.3867395833333333 0.76275 0.0566875 0.051531249999999994
6 0.4968229166666667 0.7280546875 0.05202083333333333 0.036203125
6 0.33584374999999994 0.761953125 0.05264583333333333 0.05053125000000001
6 0.4536145833333333 0.7278359375 0.0444375 0.043515625
6 0.32571875 0.7240390624999999 0.052812500000000005 0.030109375
6 0.35727083333333337 0.6100156250000001 0.02275 0.03021875
6 0.3810833333333334 0.5888671875 0.026125 0.013859374999999998
6 0.41430208333333335 0.7395859375 0.042395833333333334 0.066359375
6 0.38229166666666664 0.60078125 0.15208333333333332 0.0421875