7 0.5015000000000001 0.5101168224299065 0.9970000000000001 0.9797663551401868
4 0.5041875 0.560303738317757 0.202875 0.1730373831775701
4 0.559796875 0.33595794392523365 0.12471874999999999 0.15504672897196262
4 0.726203125 0.43906542056074765 0.1578125 0.1764485981308411
4 0.85315625 0.7029906542056075 0.2936875 0.24719626168224298
4 0.4808828125 0.8182126168224299 0.290046875 0.3168457943925234
4 0.356921875 0.2741588785046729 0.13374999999999998 0.18425233644859812
4 0.8423203125000001 0.5876401869158878 0.20589062500000002 0.30336448598130844
4 0.35015625 0.4400700934579439 0.18634375 0.14383177570093458
4 0.8554296875 0.49717289719626173 0.146890625 0.1691588785046729
4 0.737234375 0.7599766355140186 0.23356249999999998 0.197803738317757
4 0.9147734374999998 0.27640186915887854 0.170453125 0.2921495327102804
4 0.051851562500000004 0.39663551401869157 0.094671875 0.1955140186915888
4 0.4772265625 0.18235981308411214 0.071515625 0.13177570093457944
4 0.53359375 0.572429906542056 0.9296875 0.8504672897196262