5 0.8521171875 0.51196875 0.059859375000000006 0.1643125
5 0.490640625 0.3004270833333333 0.0686875 0.06985416666666668
5 0.6934296874999999 0.5956979166666667 0.130328125 0.11472916666666667
5 0.1276015625 0.4995 0.084984375 0.06941666666666667
5 0.1455390625 0.6701354166666668 0.125578125 0.042645833333333334
5 0.212203125 0.37904166666666667 0.06790625 0.152625
5 0.7702500000000001 0.5436666666666666 0.07921875 0.11266666666666666
5 0.7600703125 0.3169166666666667 0.056765625 0.09933333333333333
5 0.62184375 0.6786354166666667 0.17034375 0.03864583333333334
5 0.8477265625000001 0.6388020833333333 0.092515625 0.11527083333333334
5 0.41498437499999996 0.6826770833333333 0.16821875 0.024187499999999997
5 0.7856328125 0.6743541666666667 0.149015625 0.04575
5 0.6296953125 0.7529166666666666 0.166140625 0.03879166666666667
2 0.5597265625000001 0.46211458333333333 0.22167187500000002 0.3325208333333334
2 0.682734375 0.4756666666666666 0.1824375 0.3267916666666667
2 0.35078906249999997 0.4315104166666667 0.230859375 0.3636041666666667