3 0.7203267973856209 0.3751225490196079 0.04718954248366013 0.03661764705882353
3 0.8384477124183006 0.40566176470588233 0.29480392156862745 0.10848039215686274
0 0.6404166666666666 0.9178513071895426 0.1551797385620915 0.10753267973856209
0 0.7615604575163398 0.8286846405228758 0.13890522875816994 0.10955882352941176
0 0.5110049019607843 0.3342892156862745 0.07197712418300653 0.09642156862745098
0 0.11284313725490197 0.954640522875817 0.0442156862745098 0.03437908496732026
0 0.3015686274509804 0.5312745098039217 0.08745098039215687 0.12555555555555556
0 0.3901470588235294 0.3299591503267974 0.07062091503267974 0.1059313725490196
0 0.39704248366013073 0.8434803921568628 0.13598039215686275 0.1257516339869281
0 0.5195343137254903 0.7857434640522876 0.15900326797385622 0.12602941176470586
0 0.5876960784313726 0.7466258169934641 0.12931372549019607 0.10138888888888889
0 0.3035702614379085 0.6677614379084967 0.11919934640522876 0.12601307189542485
0 0.4364542483660131 0.805204248366013 0.135 0.1101470588235294
3 0.7413153594771242 0.3789869281045752 0.03305555555555555 0.0280718954248366
0 0.22526143790849676 0.24740196078431373 0.21094771241830065 0.17447712418300654
0 0.7118790849673202 0.8950081699346405 0.1695751633986928 0.10815359477124183
3 0.6709885620915033 0.378218954248366 0.02919934640522876 0.03666666666666667
0 0.4714052287581699 0.5939542483660131 0.9428104575163399 0.8088235294117647