5 0.2812265625 0.5514470588235294 0.093015625 0.08232941176470589
5 0.5530625 0.4762470588235294 0.0701875 0.08167058823529412
5 0.6626640625 0.43816470588235296 0.051890625 0.06108235294117647
5 0.4363671875 0.5274823529411765 0.06839062500000001 0.09816470588235293
5 0.6673281249999999 0.2419529411764706 0.04559375 0.06969411764705882
5 0.5968984374999999 0.2863529411764706 0.038140625 0.059670588235294114
5 0.48697656250000004 0.3096823529411765 0.056171875 0.08350588235294118
5 0.24664843749999998 0.3498588235294118 0.086234375 0.051952941176470584
5 0.3786171875 0.3584823529411765 0.073828125 0.10501176470588236
5 0.1989375 0.2243764705882353 0.07565625000000001 0.08616470588235293
5 0.4356484375 0.1662705882352941 0.036796875 0.06444705882352941
5 0.313921875 0.1974 0.02415625 0.05715294117647059
5 0.75546875 0.38271764705882355 0.042749999999999996 0.0292