4 0.330890625 0.47334792122538294 0.1740625 0.20035010940919037
5 0.40253125 0.7450875273522976 0.0465625 0.18938730853391683
5 0.42591406249999997 0.7905908096280088 0.031921875 0.24940919037199125
5 0.45532031249999994 0.743019693654267 0.037140625 0.18385120350109407
5 0.5199999999999999 0.7835229759299782 0.09912499999999999 0.24000000000000002
5 0.502703125 0.8110612691466084 0.06396874999999999 0.21735229759299782
5 0.5255234375 0.7027461706783369 0.108234375 0.15538293216630197
5 0.37 0.7801750547045952 0.028499999999999998 0.09575492341356674
5 0.388328125 0.8256345733041576 0.04803125 0.17205689277899341
5 0.4381875 0.825875273522976 0.018875 0.20426695842450765
5 0.466390625 0.7473194748358861 0.01203125 0.1535886214442013