0 0.45493749999999994 0.35940625 0.0528125 0.05302083333333333
0 0.495 0.35908333333333337 0.04534375 0.06725
0 0.40709375000000003 0.3283125 0.05015625 0.050791666666666666
0 0.349109375 0.3534479166666667 0.075875 0.09856250000000001
0 0.4546640625 0.33472916666666663 0.042546875 0.023958333333333335
0 0.27385156250000003 0.6164375 0.053890625000000004 0.064125
0 0.45921093749999997 0.41890625000000004 0.048890625 0.06389583333333333
0 0.2969296875 0.5748020833333334 0.056734375000000004 0.0660625
0 0.3093984375 0.4485208333333333 0.031046875 0.1035
0 0.416203125 0.38615625000000003 0.087125 0.08852083333333334
0 0.4384765625 0.5117291666666667 0.048828125 0.08333333333333333
0 0.349171875 0.4320104166666667 0.04109375 0.07922916666666667
0 0.47957031249999993 0.4988125 0.045796875 0.08479166666666667
0 0.4515625 0.45 0.40625 0.2875