1 0.16211718749999998 0.6601285046728971 0.269859375 0.3732476635514019
1 0.7636406250000001 0.8367056074766356 0.271125 0.3063084112149533
1 0.3739375 0.5373831775700935 0.16734374999999999 0.22014018691588785
1 0.379390625 0.3546612149532711 0.1424375 0.1707710280373832
1 0.3774296875 0.1544158878504673 0.12423437500000001 0.16700934579439253
1 0.497828125 0.22703271028037383 0.11571875000000001 0.14177570093457945
1 0.6202109375 0.27332943925233644 0.152203125 0.21675233644859812
1 0.695734375 0.4565070093457944 0.1619375 0.2197429906542056
1 0.21340624999999996 0.4213551401869159 0.15028125 0.2044859813084112
1 0.7738437499999999 0.27532710280373834 0.151125 0.2441588785046729
1 0.493765625 0.07927570093457943 0.10049999999999999 0.14509345794392522
1 0.8136875 0.4665654205607477 0.0793125 0.11341121495327103
1 0.2607109375 0.844053738317757 0.316171875 0.28960280373831776
1 0.49921875 0.49883177570093457 0.9984375 0.9976635514018691