5 0.7586484375 0.5487353629976581 0.058765625 0.08936768149882904
5 0.55771875 0.5603161592505854 0.05696875 0.09468384074941452
5 0.72621875 0.3695316159250585 0.04115625 0.05199063231850117
5 0.629328125 0.7551288056206089 0.05365625 0.10608899297423886
5 0.21276562499999999 0.5647658079625293 0.017781250000000002 0.038946135831381734
4 0.549609375 0.3955152224824356 0.07440625 0.13107728337236535
4 0.6844296875 0.7842740046838409 0.118453125 0.14831381733021076
4 0.48385937500000004 0.38859484777517567 0.09803125 0.23962529274004682
4 0.295328125 0.3733138173302108 0.09609375 0.16597189695550352
4 0.4093125000000001 0.5797775175644028 0.1409375 0.17978922716627635
4 0.39625 0.33153395784543327 0.1310625 0.3163700234192037
4 0.5169218750000001 0.6762295081967213 0.10790625000000001 0.18829039812646373
4 0.6437578125 0.6380327868852459 0.150234375 0.15292740046838407
4 0.6725156250000001 0.4812529274004684 0.1763125 0.19594847775175644
4 0.6996640624999999 0.2992974238875878 0.127171875 0.14163934426229507
4 0.5766015624999999 0.23279859484777518 0.118578125 0.10110070257611242
4 0.3367265625 0.26581967213114754 0.042578125 0.04503512880562061
5 0.5991484375 0.4587704918032787 0.033828125 0.058103044496487115
5 0.7060546875 0.3727400468384075 0.019484375 0.039672131147540986
5 0.5817578125 0.2933372365339579 0.035265625 0.0451288056206089
5 0.43099218749999996 0.2690515222482435 0.035984375 0.03903981264637003
5 0.3313984375 0.31366510538641684 0.031859375 0.05355971896955504
5 0.704421875 0.699391100702576 0.0535625 0.08149882903981263
4 0.22728124999999996 0.4617447306791569 0.05425 0.12442622950819673
5 0.766390625 0.5782786885245901 0.10968750000000001 0.09149882903981264
5 0.36868749999999995 0.2510187353629977 0.030593749999999996 0.035995316159250584
4 0.49375 0.5784543325526932 0.628125 0.6510538641686182
5 0.5609375 0.4379391100702576 0.54375 0.31381733021077285