0 0.2408515625 0.7935915492957746 0.033265625 0.08502347417840375
0 0.3554609375 0.7042605633802816 0.072765625 0.10185446009389672
0 0.41996093749999996 0.7969953051643192 0.08920312500000001 0.16633802816901408
0 0.8807499999999999 0.7511267605633803 0.10943750000000001 0.12164319248826291
0 0.803359375 0.6766784037558685 0.07946875 0.17636150234741782
0 0.6719531249999999 0.6723708920187793 0.11862500000000001 0.09511737089201878
0 0.47733593750000003 0.9321596244131455 0.181296875 0.1212676056338028
0 0.23807031250000002 0.5919835680751174 0.169484375 0.3306338028169014
0 0.457703125 0.5337089201877935 0.07778125 0.17305164319248825
0 0.6705390625000001 0.910856807511737 0.020609375 0.06518779342723005
0 0.2292578125 0.8218896713615024 0.240640625 0.3562206572769953
0 0.6484531250000001 0.8003169014084507 0.046406249999999996 0.0778169014084507
0 0.46640625 0.6737089201877934 0.9328125 0.647887323943662