8 0.3013828125 0.6040520833333333 0.010828125 0.015104166666666667
8 0.8020781249999999 0.3641041666666667 0.11268750000000001 0.14829166666666668
8 0.6893203125 0.3662916666666666 0.138203125 0.20675
8 0.7635390625 0.21992708333333333 0.12923437499999998 0.15810416666666666
8 0.755359375 0.49302083333333335 0.104125 0.13883333333333334
8 0.8995703125000001 0.6120208333333333 0.060828125 0.14229166666666665
8 0.29227343749999996 0.6152395833333333 0.013515625 0.016520833333333332
8 0.501171875 0.6996979166666667 0.01546875 0.0145625
8 0.28659375 0.6116666666666667 0.012125 0.015375
8 0.6925156250000001 0.19019791666666666 0.10871875 0.09777083333333333
8 0.2787265625 0.61209375 0.007828125 0.01864583333333333
8 0.507796875 0.61546875 0.01675 0.0135625
8 0.5136171875 0.6999479166666667 0.018953125 0.017687500000000002
8 0.35 0.6708333333333333 0.134375 0.15833333333333333