0 0.19423711340206185 0.8539296875 0.311360824742268 0.130328125
0 0.1723092783505155 0.42698437499999997 0.05649484536082474 0.04146875
0 0.25276288659793816 0.6897578125 0.07525773195876288 0.036859375
0 0.27788659793814435 0.711921875 0.31981443298969076 0.2188125
0 0.3753092783505155 0.7278984375 0.03552577319587629 0.032015625
0 0.5498350515463918 0.7651015625 0.07175257731958762 0.029421874999999997
0 0.6545051546391752 0.7586953125 0.6909896907216495 0.274265625
0 0.564360824742268 0.57928125 0.03515463917525773 0.04796875
0 0.5517835051546391 0.5348046875000001 0.2314845360824742 0.27942187500000004
0 0.14955670103092783 0.474359375 0.07919587628865979 0.04840625
0 0.1605257731958763 0.45495312499999996 0.07057731958762886 0.0566875