0 0.7371189979123173 0.5460078125 0.36329853862212946 0.092140625
0 0.17715031315240082 0.189203125 0.34227557411273485 0.1955
0 0.5825991649269311 0.43228906249999993 0.5682463465553236 0.19529687499999998
0 0.8499791231732776 0.27833593749999996 0.18430062630480168 0.158796875
0 0.7177035490605429 0.09346875 0.20764091858037578 0.12162500000000001
0 0.6253131524008351 0.707453125 0.4149686847599165 0.24115625000000002
0 0.36757828810020876 0.674859375 0.10572025052192068 0.18690625
0 0.2122025052192067 0.4903515625 0.20027139874739042 0.081859375
0 0.4510229645093946 0.21560937500000002 0.22843423799582463 0.1133125
0 0.45487473903966597 0.12096875 0.15313152400835073 0.07640625
0 0.6888517745302714 0.235203125 0.36643006263048017 0.21153125
0 0.31845511482254696 0.598015625 0.19306889352818374 0.14356249999999998
0 0.6005636743215031 0.594859375 0.3980793319415449 0.23575
0 0.5 0.4453125 0.9958246346555324 0.890625