8 0.5168545751633987 0.5887663398692811 0.29661764705882354 0.292140522875817
8 0.5709395424836601 0.3767728758169935 0.1790032679738562 0.13694444444444445
8 0.20451797385620915 0.5596160130718955 0.3286437908496732 0.2905065359477124
8 0.4235130718954248 0.2529003267973856 0.11290849673202613 0.04570261437908497
8 0.43064542483660134 0.21261437908496733 0.0832843137254902 0.04826797385620915
8 0.5912663398692811 0.058758169934640524 0.12233660130718955 0.045718954248366014
8 0.3100816993464052 0.3716748366013072 0.18764705882352942 0.1529575163398693
8 0.42207516339869283 0.05843954248366013 0.1584313725490196 0.04416666666666667
8 0.3225980392156863 0.23996732026143794 0.10251633986928105 0.058464052287581704
8 0.2246732026143791 0.2532516339869281 0.10650326797385622 0.07013071895424837
8 0.5168872549019607 0.23766339869281045 0.08831699346405228 0.08052287581699347