1 0.9530468749999998 0.5853472222222222 0.0935 0.05608333333333334
1 0.874015625 0.6409305555555556 0.031718750000000004 0.04597222222222223
3 0.9787890625 0.5713611111111111 0.042359375 0.08144444444444444
3 0.8451328124999999 0.6316388888888889 0.027140625 0.042611111111111113
3 0.9430078125000001 0.5634583333333333 0.029546875 0.04958333333333334
3 0.9351953125 0.59875 0.018453125 0.021666666666666667
3 0.9280312500000001 0.5856805555555555 0.021843750000000002 0.030194444444444444
1 0.9568671875000001 0.6036805555555556 0.021328125 0.021416666666666667
1 0.8633124999999999 0.6759861111111111 0.027750000000000004 0.04669444444444444
1 0.8365 0.6537083333333333 0.03625 0.04636111111111112
1 0.8457578124999999 0.6314166666666666 0.025171875 0.04061111111111111
1 0.78925 0.6640138888888889 0.0199375 0.05230555555555555
1 0.77959375 0.6641250000000001 0.02134375 0.041416666666666664
3 0.8245859374999999 0.6852916666666666 0.032578125 0.04919444444444444
3 0.8089609375 0.6392777777777778 0.027171875 0.045611111111111116
3 0.9134140625 0.5745972222222223 0.014515624999999999 0.034861111111111114
1 0.821953125 0.6124166666666666 0.028687499999999998 0.046