5 0.31779166666666664 0.5685078124999999 0.040375 0.095546875
5 0.11538541666666667 0.7063203125 0.06772916666666666 0.12364062499999999
5 0.07920833333333334 0.6710234374999999 0.15841666666666668 0.048484375
5 0.35492708333333334 0.599078125 0.04272916666666667 0.037875
5 0.032916666666666664 0.730203125 0.05329166666666666 0.033625
5 0.007052083333333333 0.616203125 0.014104166666666666 0.06403125
5 0.19445833333333334 0.5330625 0.045625 0.027000000000000003
5 0.053197916666666664 0.6142578125 0.02685416666666667 0.014609374999999999
5 0.0925625 0.6029609375 0.06783333333333334 0.032796874999999996
5 0.16475 0.623859375 0.014583333333333334 0.01834375
5 0.15006250000000002 0.566828125 0.08929166666666667 0.05265625