8 0.34894607843137254 0.5698856209150327 0.16779411764705882 0.12196078431372549
8 0.31869281045751635 0.875 0.22297385620915033 0.1869281045751634
8 0.21504901960784312 0.5870669934640522 0.11431372549019607 0.11341503267973856
8 0.12280228758169935 0.7431535947712419 0.22498366013071894 0.15748366013071893
8 0.5356290849673203 0.7767892156862745 0.23923202614379085 0.20504901960784314
8 0.2386928104575163 0.8016830065359477 0.21519607843137253 0.17790849673202613
8 0.634828431372549 0.3853921568627451 0.23145424836601308 0.16852941176470587
8 0.4934150326797385 0.3076388888888889 0.14176470588235296 0.10517973856209151
8 0.5482271241830066 0.21393790849673203 0.19452614379084968 0.11820261437908497
8 0.6558415032679739 0.18016339869281048 0.16334967320261437 0.08705882352941177
8 0.35352941176470587 0.39435457516339867 0.15516339869281046 0.1213235294117647
8 0.4979656862745098 0.3683251633986928 0.13390522875816993 0.07841503267973857
8 0.47571895424836597 0.4457026143790849 0.11983660130718955 0.08366013071895426
8 0.4632352941176471 0.49673202614379086 0.8905228758169934 0.9934640522875817