4 0.5970859374999999 0.7996562500000001 0.19829687499999998 0.1894375
4 0.605296875 0.6353020833333333 0.19059375 0.19764583333333335
4 0.7512187499999999 0.7472708333333334 0.13284374999999998 0.20245833333333335
4 0.8212734375 0.6904895833333332 0.173984375 0.24493749999999997
4 0.9158750000000001 0.5914375 0.16825 0.18270833333333333
4 0.6895156250000001 0.5282083333333333 0.15209375 0.24333333333333332
4 0.9047734375 0.8915104166666665 0.136203125 0.14622916666666666
5 0.6437734374999999 0.45622916666666663 0.05689062499999999 0.030125000000000002
5 0.4994140625 0.6694166666666667 0.324703125 0.5247083333333333
3 0.4114140625 0.36892708333333335 0.010890625 0.013645833333333333
3 0.43596875000000007 0.38106249999999997 0.01615625 0.016833333333333332
3 0.41957031250000004 0.38492708333333336 0.015796875 0.016479166666666666
3 0.407515625 0.3812291666666667 0.0115 0.01575
3 0.39612499999999995 0.38459375 0.01625 0.014520833333333334
3 0.382140625 0.37881249999999994 0.014937500000000001 0.020583333333333335
3 0.3947109375 0.36059375 0.019484375 0.017687500000000002
3 0.369421875 0.3900520833333333 0.017937500000000002 0.017229166666666667
3 0.42132812500000005 0.37435416666666665 0.0141875 0.017249999999999998
3 0.3943359375 0.37277083333333333 0.013640625 0.012375
3 0.372875 0.40638541666666667 0.02253125 0.028645833333333332
3 0.38803125 0.39610416666666665 0.01946875 0.019166666666666665
4 0.9418046875 0.7670520833333333 0.106265625 0.1564375
4 0.5127578125000001 0.9238645833333334 0.105390625 0.15227083333333333
4 0.4794921875 0.7943749999999999 0.079203125 0.13708333333333333
4 0.4432578125 0.92640625 0.084265625 0.12135416666666667
1 0.731546875 0.3640833333333333 0.01809375 0.017208333333333332
1 0.7167343749999999 0.40496875 0.0099375 0.011770833333333335
1 0.4718984375 0.3669895833333333 0.017671875 0.01914583333333333
1 0.482296875 0.3598020833333333 0.013968749999999999 0.018770833333333334
1 0.795015625 0.41028125 0.0078125 0.010687499999999999
1 0.2935703125 0.4085729166666667 0.116796875 0.042645833333333334
1 0.70634375 0.36051041666666667 0.0136875 0.015395833333333333
1 0.50215625 0.36044791666666665 0.025312499999999998 0.022395833333333334
1 0.35434375 0.37209375 0.02865625 0.015645833333333335
1 0.5505625000000001 0.36567708333333326 0.0144375 0.017229166666666667
1 0.5819609375000001 0.36226041666666664 0.035453125 0.026104166666666664
1 0.447671875 0.3713958333333333 0.013750000000000002 0.015541666666666667
3 0.4143515625 0.361 0.013953125 0.010916666666666667
3 0.53203125 0.39791666666666664 0.5796875 0.1