3 0.8919609375 0.559824355971897 0.159046875 0.19983606557377048
3 0.5231015625000001 0.5582903981264636 0.014765625 0.024028103044496485
3 0.5005 0.5642271662763466 0.0166875 0.024988290398126462
0 0.48951562499999995 0.28359484777517563 0.050031250000000006 0.0798360655737705
0 0.617390625 0.23140515222482436 0.052125 0.10505854800936767
0 0.7322968750000001 0.19785714285714284 0.060343749999999995 0.09637002341920374
0 0.8507187499999999 0.2053161592505855 0.08525 0.16262295081967212
0 0.91971875 0.21010538641686183 0.07906250000000001 0.19843091334894614
0 0.7243203125 0.7472248243559719 0.069109375 0.09430913348946136
0 0.7995078124999999 0.19807962529274004 0.088578125 0.12721311475409836
0 0.777921875 0.8075409836065573 0.096625 0.10206088992974238
0 0.6788281250000001 0.22973067915690867 0.059312500000000004 0.12255269320843092
0 0.7511015624999999 0.30029274004683837 0.031265625000000005 0.11079625292740047
0 0.851046875 0.7678103044496487 0.0314375 0.101288056206089
0 0.6052578125 0.5108313817330211 0.055484374999999996 0.061522248243559716
1 0.5354921875 0.8071896955503511 0.025546875000000004 0.042576112412177985
1 0.5257499999999999 0.8366042154566745 0.07956250000000001 0.0993911007025761
1 0.58365625 0.754367681498829 0.0875625 0.10058548009367682
1 0.5390703125 0.7274707259953161 0.055859375 0.08772833723653396
1 0.6235625 0.5835948477751757 0.095875 0.10274004683840748
3 0.44330468750000007 0.7685128805620608 0.023390625 0.03370023419203747
3 0.45787500000000003 0.7508665105386417 0.02396875 0.03494145199063232
3 0.45867968749999993 0.7112412177985948 0.020796875 0.03475409836065574
3 0.46665625000000005 0.7903512880562061 0.0208125 0.032833723653395784
3 0.43846875 0.7969437939110071 0.024781249999999998 0.03079625292740047
3 0.466953125 0.8178688524590164 0.02359375 0.02430913348946136
3 0.48693749999999997 0.778711943793911 0.0229375 0.02529274004683841
3 0.48186718749999996 0.7594730679156909 0.021578125 0.026533957845433255
3 0.4700390625 0.7229508196721312 0.022890625 0.05423887587822014
0 0.8369843749999999 0.773559718969555 0.03203125 0.09011709601873535
1 0.6795703125 0.4224121779859485 0.016765625 0.020327868852459016
1 0.6619843750000001 0.41840749414519907 0.016718749999999998 0.018688524590163937
1 0.6547890625 0.4431733021077283 0.081328125 0.026533957845433255
1 0.6148828125 0.4568618266978923 0.010359375 0.011053864168618267
3 0.43832812499999996 0.7411475409836065 0.02078125 0.029882903981264638
3 0.60703125 0.6100702576112412 0.2609375 0.10070257611241218