8 0.5924295010845987 0.8350624999999999 0.2516702819956616 0.14859375
8 0.6615184381778743 0.7426875 0.21197396963123644 0.11196874999999999
8 0.4376681127982646 0.744953125 0.1905639913232104 0.110625
8 0.8653687635574837 0.7460390625000001 0.19468546637744036 0.080015625
8 0.21710412147505426 0.7473671875 0.24258134490238611 0.119171875
8 0.875 0.8284609375 0.24770065075921907 0.13564062500000001
8 0.8843167028199566 0.9389218750000001 0.23136659436008675 0.12215625000000001
8 0.6253253796095446 0.9526015625000002 0.2848806941431671 0.094796875
8 0.3533405639913232 0.943734375 0.27704989154013016 0.11253125
8 0.10817787418655098 0.942859375 0.20915401301518438 0.083125
8 0.12080260303687636 0.840265625 0.24160520607375272 0.13246875
8 0.35088937093275485 0.8340546874999999 0.23366594360086768 0.14654687500000002