4 0.9047812499999999 0.3755104166666667 0.11881250000000002 0.09747916666666666
4 0.5731875 0.34751041666666665 0.08225 0.14510416666666667
4 0.558078125 0.55425 0.1008125 0.14150000000000001
4 0.5765078125 0.7717916666666668 0.089234375 0.14679166666666665
4 0.354609375 0.42802083333333335 0.08096875 0.13579166666666667
4 0.1504765625 0.4222708333333333 0.061140625000000004 0.10754166666666666
4 0.470265625 0.237 0.07846875 0.07866666666666666
4 0.594515625 0.09861458333333334 0.06168749999999999 0.10402083333333333
4 0.6959531250000001 0.18945833333333334 0.0610625 0.08283333333333333
7 0.5005859375 0.4941041666666666 0.9976406250000001 0.9858333333333333
4 0.8265781249999999 0.5725104166666667 0.10303124999999999 0.13522916666666665
4 0.6761484375 0.20086458333333332 0.048921875 0.029645833333333333
4 0.36408593749999996 0.5889791666666667 0.111234375 0.12958333333333333
4 0.0390625 0.8815208333333333 0.078125 0.16666666666666666
4 0.40859375 0.48020833333333335 0.7390625 0.86875