3 0.956828125 0.4467083333333333 0.02384375 0.028
1 0.3128515625 0.46984374999999995 0.039140625 0.0500625
1 0.203359375 0.5786458333333333 0.0389375 0.05191666666666667
1 0.3211484375 0.7006145833333333 0.056765625 0.07089583333333334
1 0.21795312500000003 0.5353020833333333 0.04096875 0.045145833333333336
1 0.202546875 0.5060208333333334 0.03609375 0.04045833333333334
1 0.16734375 0.5145208333333333 0.042125 0.04741666666666667
1 0.10300000000000001 0.56434375 0.05115625 0.0695625
1 0.226078125 0.6004479166666667 0.0440625 0.04810416666666666
1 0.23606249999999998 0.5628541666666667 0.0378125 0.04320833333333333
1 0.14655468749999997 0.6281979166666667 0.049734375 0.0616875
1 0.5134765625 0.5120104166666667 0.423671875 0.2836875
1 0.6754374999999999 0.5321770833333334 0.032125 0.0388125
3 0.9041875000000001 0.4698020833333334 0.025656250000000002 0.025979166666666668
3 0.8193203124999998 0.40717708333333336 0.026734374999999998 0.03222916666666667
3 0.9389218749999999 0.437375 0.01634375 0.029875
3 0.8802109375 0.40858333333333335 0.019171874999999998 0.017541666666666667
3 0.8247890625000001 0.3686666666666667 0.016484375000000002 0.011166666666666667
3 0.9550468750000001 0.47790625000000003 0.08990625 0.0774375
3 0.7940859375 0.36879166666666663 0.017828125 0.016166666666666666
3 0.8086484374999999 0.36885416666666665 0.015640625 0.01633333333333333
3 0.8524062499999999 0.4112395833333334 0.017656250000000002 0.021729166666666667
3 0.9062031249999999 0.44287499999999996 0.02240625 0.025833333333333333
3 0.779546875 0.3794791666666667 0.025406250000000002 0.027166666666666665
1 0.19901562499999997 0.6364062500000001 0.048593750000000005 0.06135416666666667
3 0.840078125 0.42361458333333335 0.02190625 0.023979166666666666
1 0.49921875 0.528125 0.9984375 0.45625
3 0.865625 0.403125 0.265625 0.14791666666666667