0 0.1490703125 0.6410772833723654 0.099765625 0.21629976580796254
0 0.301640625 0.3065807962529274 0.0646875 0.12604215456674472
0 0.3046328125 0.4773067915690867 0.091796875 0.17690866510538644
0 0.6689453125 0.24314988290398126 0.036953124999999996 0.08817330210772834
0 0.462671875 0.3087236533957845 0.043937500000000004 0.08756440281030445
0 0.727234375 0.4268384074941452 0.05175 0.11039812646370023
0 0.7707421875 0.7048477751756441 0.047921875 0.0882903981264637
0 0.1351953125 0.43329039812646375 0.086984375 0.13782201405152225
0 0.588765625 0.33573770491803273 0.070375 0.10281030444964871
0 0.509796875 0.3097775175644028 0.0378125 0.10292740046838408
0 0.5223046875 0.3250351288056206 0.065359375 0.11690866510538642
0 0.6829609375 0.2470023419203747 0.039734375 0.07728337236533958
0 0.7661796875 0.36782201405152226 0.048640625 0.10266978922716628
0 0.546875 0.4262295081967213 0.534375 0.4637002341920375