1 0.6446875000000001 0.46060156250000006 0.056125 0.032015625
1 0.9021354166666667 0.28909375000000004 0.052520833333333336 0.0365
1 0.6850520833333335 0.3356875 0.04339583333333333 0.03540625
1 0.46767708333333335 0.3628125 0.09764583333333333 0.05503125
1 0.35682291666666666 0.46378906249999996 0.11339583333333333 0.091421875
1 0.40161458333333333 0.48479687499999996 0.044645833333333336 0.027125
1 0.7996875 0.4333046875 0.060875 0.031609375
1 0.433 0.5908125 0.06129166666666667 0.0361875
1 0.8642083333333334 0.494203125 0.08029166666666666 0.039625
1 0.9657083333333333 0.45169531249999995 0.060000000000000005 0.042046875
1 0.6784583333333333 0.5206640625000001 0.17408333333333334 0.085171875
1 0.8721041666666666 0.4148203125 0.06491666666666666 0.034953125
0 0.5631354166666667 0.15889843750000002 0.06914583333333332 0.035640624999999995
1 0.5681458333333335 0.44144531249999996 0.049124999999999995 0.035953125
1 0.5416666666666666 0.44375 0.9125 0.50625