2 0.5852109375 0.20204918032786887 0.173515625 0.18199063231850116
2 0.0899609375 0.5701053864168618 0.179921875 0.3595550351288056
4 0.40882031249999995 0.7255152224824356 0.032953125 0.04981264637002342
4 0.35965625 0.4985831381733021 0.01603125 0.04451990632318502
4 0.40793749999999995 0.5085245901639345 0.0320625 0.04740046838407494
4 0.5514218750000001 0.6154449648711944 0.07025 0.08362997658079625
2 0.7888125 0.06510538641686182 0.191125 0.1223887587822014
4 0.5308124999999999 0.5315456674473068 0.045125 0.05213114754098361
4 0.5566093750000001 0.45648711943793907 0.04659375 0.05611241217798595
4 0.5029843749999999 0.5038524590163934 0.02346875 0.03159250585480094
4 0.46397656249999997 0.5594145199063232 0.028640624999999996 0.0414519906323185
4 0.4390546875 0.6057494145199063 0.025734374999999997 0.039601873536299764