8 0.8934557438794727 0.5219921875 0.18291902071563088 0.127703125
8 0.4293785310734463 0.7965234375 0.14052730696798493 0.117296875
8 0.8462523540489642 0.45259375 0.15028248587570622 0.1026875
9 0.5640018832391713 0.3858359375 0.11094161958568738 0.062953125
9 0.9305367231638417 0.21711718749999998 0.13757062146892654 0.115140625
9 0.5537758945386064 0.18693750000000003 0.2171563088512241 0.135125
8 0.6899435028248588 0.7880312500000001 0.12851224105461392 0.09096875
8 0.8070998116760828 0.7049921875 0.11231638418079096 0.053703125
8 0.6717608286252355 0.712890625 0.10370998116760828 0.06915625
8 0.5657721280602637 0.7907734375 0.13376647834274955 0.114296875
8 0.8190395480225989 0.7654140625 0.14538606403013182 0.11782812499999999
8 0.8290207156308851 0.397109375 0.16440677966101694 0.09209375
8 0.2567419962335216 0.5784687500000001 0.23062146892655366 0.1285
8 0.6682203389830509 0.5272109374999999 0.14962335216572506 0.136359375
8 0.27717514124293785 0.4720546875 0.2134086629001883 0.09523437500000001
9 0.1915065913370998 0.1445234375 0.13001883239171375 0.082578125
9 0.17786252354048962 0.23746093750000002 0.16404896421845575 0.11004687500000002
9 0.27661958568738226 0.2078046875 0.12713747645951037 0.086515625
9 0.27846516007532957 0.118234375 0.12291902071563088 0.0885625
8 0.4384839924670433 0.7299921875 0.12412429378531073 0.058265625
8 0.71939736346516 0.49296875 0.4444444444444444 0.5328125