4 0.45535156250000003 0.6026297169811321 0.116046875 0.2393632075471698
4 0.49629687499999997 0.19589622641509435 0.0716875 0.06891509433962265
1 0.5101093750000001 0.6173584905660378 0.07784375 0.1257075471698113
1 0.5682109375 0.5546462264150943 0.075796875 0.10235849056603773
1 0.8381796874999999 0.7052476415094341 0.08039062500000001 0.10785377358490565
1 0.87871875 0.6816155660377359 0.09578125 0.1041745283018868
1 0.7642343749999999 0.249811320754717 0.13384374999999998 0.18933962264150944
1 0.1598125 0.7568867924528302 0.29225 0.48212264150943396
1 0.240078125 0.2659433962264151 0.13990625 0.2327358490566038
1 0.5993124999999999 0.8089858490566038 0.086625 0.13287735849056603
1 0.9066562499999999 0.7999999999999999 0.11909375 0.12584905660377357
1 0.464046875 0.876120283018868 0.0955 0.16441037735849054
4 0.9153125000000001 0.7412500000000001 0.03934375 0.04386792452830189
4 0.8195390625 0.2738679245283019 0.027359375000000002 0.04452830188679245
4 0.7489062499999999 0.7046933962264151 0.06609374999999999 0.13108490566037737
4 0.8068515625 0.5496698113207548 0.106453125 0.08259433962264151
4 0.8662421874999999 0.8810495283018868 0.216453125 0.11785377358490566
5 0.5320625 0.8830424528301888 0.05 0.057169811320754715
5 0.5906171875 0.6363679245283018 0.034203125 0.0755188679245283
1 0.514953125 0.25242924528301885 0.07415625 0.06669811320754718
1 0.33121093749999997 0.2277240566037736 0.059296875000000006 0.10516509433962265
4 0.22658593749999997 0.7797287735849057 0.131109375 0.23808962264150943
4 0.5963984375 0.7191981132075471 0.075953125 0.16443396226415094
4 0.25092187499999996 0.5741273584905661 0.08637500000000001 0.09283018867924528
4 0.49406250000000007 0.937558962264151 0.07375000000000001 0.05417452830188679
4 0.802484375 0.24022405660377355 0.03509375 0.0492688679245283
4 0.284375 0.5554245283018868 0.43125 0.6533018867924528