0 0.23102343749999998 0.5041979166666667 0.027953125000000002 0.06614583333333333
0 0.24343750000000003 0.4933125 0.02559375 0.062375
0 0.1770234375 0.509625 0.041015625 0.07425
0 0.8382343750000001 0.46417708333333335 0.04984375 0.03227083333333333
0 0.20147656249999998 0.5143229166666666 0.046921875 0.07135416666666666
0 0.17734375 0.4897395833333333 0.061875 0.07606249999999999
3 0.6881796875 0.48019791666666667 0.013734374999999998 0.0115625
0 0.220359375 0.49776041666666665 0.01896875 0.07360416666666666
1 0.14078906249999998 0.6104583333333333 0.037765625000000004 0.05241666666666667
1 0.1653359375 0.6447604166666667 0.045234375 0.057854166666666665
1 0.204765625 0.6378125 0.03678125 0.049041666666666664
1 0.18839062499999998 0.6070833333333333 0.03409375 0.035250000000000004
1 0.19914062500000002 0.5704791666666666 0.030625000000000003 0.043041666666666666
1 0.267671875 0.6223333333333333 0.040749999999999995 0.049
1 0.1567421875 0.7359479166666667 0.053921874999999994 0.0516875
1 0.24709374999999997 0.590875 0.0296875 0.04191666666666667
1 0.22886718750000004 0.6759375 0.033546875 0.05383333333333333
1 0.19548437500000002 0.6825833333333333 0.041625 0.050374999999999996
1 0.25796874999999997 0.6670833333333334 0.03525 0.04895833333333333
3 0.08609375 0.5109583333333333 0.035812500000000004 0.04516666666666667
3 0.1046015625 0.5456458333333333 0.028234375 0.03370833333333333
3 0.1170859375 0.51384375 0.026203125 0.024979166666666667
1 0.19078124999999999 0.7291562499999998 0.03459375 0.044645833333333336
3 0.57578125 0.6218645833333334 0.025468750000000002 0.03327083333333333
3 0.55784375 0.6541875 0.017812500000000002 0.03125
3 0.6260390625 0.6071979166666668 0.024109375 0.033479166666666664
3 0.6251328125 0.5749583333333332 0.022921875 0.035
3 0.6032265625 0.54975 0.027109375 0.033166666666666664
3 0.5949921875 0.5709791666666667 0.08842187500000001 0.14
3 0.108265625 0.498125 0.03071875 0.036833333333333336
1 0.1467109375 0.6925416666666667 0.063046875 0.1215
1 0.40078125 0.6072916666666667 0.6171875 0.27291666666666664