8 0.39021875 0.5924352941176471 0.05428125 0.04896470588235294
8 0.45553906250000004 0.6074235294117647 0.081484375 0.050094117647058824
8 0.4209296875 0.6350941176470589 0.076390625 0.04487058823529412
8 0.750453125 0.6206117647058823 0.08234375000000001 0.04249411764705882
8 0.5694375 0.5877058823529412 0.07140625 0.0412
8 0.5440546875 0.6126 0.071140625 0.047129411764705885
8 0.5182578125 0.6380470588235294 0.076890625 0.03256470588235294
8 0.6633046874999999 0.6011882352941177 0.066015625 0.04284705882352941
8 0.48480468749999994 0.5783882352941176 0.077953125 0.0488235294117647
8 0.8145625000000001 0.7058117647058822 0.07384375 0.05778823529411765
8 0.7317578124999999 0.6470117647058823 0.084828125 0.05538823529411765
8 0.8194453124999999 0.6681411764705883 0.073046875 0.04607058823529411
8 0.4243125 0.5649294117647059 0.05175 0.049341176470588236
8 0.59375 0.66 0.534375 0.12470588235294118