9 0.8042578125000001 0.3595911214953271 0.037890625 0.03960280373831775
9 0.37796093750000004 0.3838901869158879 0.088671875 0.06292056074766356
9 0.633 0.22672897196261685 0.03815625 0.027523364485981305
8 0.7437031249999999 0.3273714953271028 0.032468750000000005 0.029789719626168224
8 0.7621249999999999 0.36474299065420557 0.0386875 0.028224299065420563
8 0.770140625 0.38038551401869153 0.0379375 0.020490654205607476
8 0.864671875 0.3737733644859813 0.0421875 0.03212616822429906
8 0.8500859374999999 0.3590420560747664 0.039578125 0.04257009345794392
9 0.7461484374999999 0.32593457943925236 0.032703125 0.03228971962616822
8 0.8151640625000001 0.37188084112149533 0.041859375 0.029789719626168224
8 0.8045312499999999 0.3561098130841122 0.03671875 0.04081775700934579
8 0.7983593750000001 0.33518691588785043 0.04153125 0.04621495327102804
8 0.7542187499999999 0.34677570093457943 0.03615625 0.029813084112149533
9 0.8458515625 0.3337733644859813 0.037484375 0.03735981308411215
9 0.36155468749999997 0.2219626168224299 0.108640625 0.04719626168224299
9 0.216828125 0.23060747663551404 0.029281249999999998 0.027056074766355142
9 0.1814375 0.350607476635514 0.04846875 0.03280373831775701
9 0.7986875 0.3375350467289719 0.0375 0.05044392523364486
9 0.7710468749999999 0.20815420560747663 0.027375 0.02457943925233645
9 0.604125 0.3582943925233645 0.0395625 0.0397196261682243
9 0.6442734375 0.3417990654205607 0.048609374999999996 0.03014018691588785
9 0.4703125 0.2850467289719626 0.846875 0.24299065420560748