1 0.1253203125 0.911986111111111 0.250640625 0.14325
1 0.26721875 0.7819027777777778 0.058499999999999996 0.04658333333333333
3 0.8378828125 0.9826805555555557 0.019234375 0.03358333333333333
3 0.6759296875 0.9727361111111111 0.017359375 0.020694444444444446
0 0.22087500000000002 0.46043055555555557 0.3143125 0.3769166666666667
0 0.44425 0.6445972222222223 0.06628125 0.32691666666666663
0 0.8018281249999999 0.7028472222222222 0.31256249999999997 0.4158611111111111
0 0.785734375 0.717375 0.07315625 0.35875
0 0.18384375000000003 0.18115277777777777 0.0843125 0.09141666666666666
0 0.40639062500000006 0.6280972222222222 0.13525 0.31236111111111114
0 0.41745312500000004 0.16722222222222222 0.04978125 0.09477777777777777
0 0.40424218750000007 0.23684722222222224 0.040359374999999996 0.05519444444444445
0 0.44923437499999996 0.26419444444444445 0.020749999999999998 0.052111111111111115
0 0.6334296875 0.18393055555555557 0.060984375 0.10002777777777777
0 0.723171875 0.28280555555555553 0.05625 0.06938888888888889
0 0.7709140624999999 0.12393055555555556 0.069765625 0.1016388888888889
0 0.574125 0.5596666666666668 0.11459375000000001 0.21594444444444444
3 0.8805781250000001 0.9854861111111111 0.0393125 0.026750000000000003
0 0.5218671875 0.13361111111111112 0.032265625 0.041833333333333333
0 0.5984375 0.42083333333333334 0.553125 0.8416666666666667