7 0.7363 0.3168562874251497 0.1366 0.1662874251497006
8 0.5829500000000001 0.8589071856287425 0.09614 0.12326347305389222
8 0.58545 0.7361526946107785 0.08714 0.13446107784431136
8 0.5246000000000001 0.7401347305389221 0.07448 0.12128742514970059
8 0.47225 0.7444011976047904 0.06798 0.1089820359281437
8 0.41698 0.733188622754491 0.06559999999999999 0.09991017964071855
8 0.5053099999999999 0.8736676646706587 0.07881999999999999 0.15308383233532935
8 0.44125 0.8687874251497006 0.0815 0.13649700598802397
8 0.39192 0.8535928143712576 0.07072 0.12838323353293413
8 0.79829 0.7208083832335329 0.09165999999999999 0.14664670658682633
8 0.74826 0.1384880239520958 0.08112 0.09559880239520958
8 0.70425 0.6539970059880239 0.05522 0.062005988023952095