3 0.512875 0.8625 0.26775000000000004 0.21195833333333333
3 0.7464765625 0.7558645833333333 0.235921875 0.17839583333333334
3 0.8708828125 0.5870520833333334 0.234703125 0.24235416666666668
3 0.15565625 0.5200520833333333 0.2051875 0.20047916666666668
3 0.245875 0.8549479166666667 0.26887500000000003 0.20047916666666668
3 0.6485546875000001 0.32998958333333334 0.148171875 0.2461875
3 0.79184375 0.4199791666666667 0.19709375 0.13858333333333334
3 0.373671875 0.3313333333333333 0.24715625000000002 0.20554166666666665
0 0.40384374999999995 0.6875208333333334 0.11868749999999999 0.16866666666666666
0 0.3875 0.50840625 0.16343749999999999 0.1761875
0 0.64025 0.5209479166666667 0.18734375 0.22110416666666666
3 0.530359375 0.56225 0.26034375 0.23008333333333333
0 0.6969609374999999 0.6654583333333334 0.096765625 0.08479166666666667