9 0.2849765625 0.805703125 0.166015625 0.0930625
9 0.5959453124999999 0.766375 0.039890625 0.04153125
9 0.4419218750000001 0.6395078125 0.146375 0.047421875
9 0.6476015625 0.6169609375 0.035703125 0.036703124999999996
9 0.6817031250000001 0.6116484375 0.0380625 0.045171875
9 0.5438359375 0.6223203125000001 0.149546875 0.046671875
9 0.2530703125 0.654765625 0.045109375 0.03428125
9 0.555375 0.7731015625000001 0.03878125 0.044328125
9 0.6331328125 0.7459296875000001 0.038328125000000005 0.027671875000000002
9 0.284203125 0.49128906250000004 0.056906250000000005 0.040984375
9 0.1560390625 0.669265625 0.057921875 0.037093749999999995
8 0.71640625 0.6128203125 0.03178125 0.026890625
9 0.30217187500000003 0.6428984375 0.039125 0.023609375
9 0.440625 0.66953125 0.80625 0.4234375