0 0.14176562499999998 0.8785477178423237 0.06378125 0.20468879668049791
0 0.1820546875 0.6362240663900415 0.037796875 0.07784232365145229
0 0.2958359375 0.6182261410788382 0.10482812500000001 0.08985477178423237
0 0.3656171875 0.5638589211618258 0.079390625 0.07095435684647304
0 0.16666406250000002 0.8524066390041494 0.08870312500000001 0.16182572614107885
0 0.21571875000000001 0.7407780082987552 0.13753125 0.16188796680497924
0 0.12028125 0.6369709543568465 0.04853125 0.1274273858921162
0 0.2687890625 0.7332157676348549 0.099734375 0.16149377593360997
1 0.874609375 0.12453319502074689 0.226625 0.24802904564315353
1 0.7937890624999999 0.18261410788381746 0.123296875 0.16132780082987552
0 0.17854687500000002 0.8007468879668049 0.13709375 0.1595435684647303
0 0.2970546875 0.6698651452282157 0.114015625 0.07147302904564316
0 0.052976562500000005 0.9040560165975103 0.10092187500000001 0.1712655601659751
1 0.9693203125000001 0.10204356846473028 0.057421875 0.1986929460580913
0 0.054890625000000005 0.8252593360995851 0.10084375000000001 0.10342323651452283
0 0.21033593750000001 0.6288174273858921 0.044109375 0.1328630705394191
0 0.20078125 0.7697095435684648 0.3984375 0.45643153526970953