6 0.536015625 0.918875 0.1535 0.0555
6 0.61490625 0.86425 0.1449375 0.025
6 0.714859375 0.9311145833333333 0.13903125 0.05327083333333334
6 0.8762265625 0.9574479166666666 0.17867187499999998 0.05489583333333334
6 0.9178124999999999 0.9258333333333333 0.164375 0.059666666666666666
6 0.9366328124999999 0.8986770833333334 0.126734375 0.0315625
6 0.9027578125 0.9419583333333333 0.163703125 0.04595833333333333
6 0.8966015624999999 0.8222083333333333 0.060203125 0.0735
6 0.649828125 0.8049166666666666 0.08025 0.08916666666666666
6 0.8042109375000001 0.8515937499999999 0.153953125 0.07522916666666667
6 0.7404375 0.8035208333333334 0.13753125 0.115625
6 0.49225781249999995 0.8316041666666667 0.155765625 0.033625
6 0.45944531250000004 0.85140625 0.15226562500000002 0.03960416666666667
6 0.72165625 0.76140625 0.08940624999999999 0.05552083333333333
6 0.42653125000000003 0.8657604166666667 0.15946875 0.038562500000000006
6 0.7125 0.7625 0.571875 0.4