0 0.52578125 0.5858125000000001 0.11860416666666666 0.137875
0 0.71584375 0.3729140625 0.14885416666666668 0.098734375
0 0.22171875000000002 0.7296562499999999 0.08389583333333334 0.1528125
0 0.6705 0.29231250000000003 0.13675 0.12468749999999999
0 0.6281041666666667 0.2745625 0.14441666666666667 0.12753125
0 0.6023125 0.24962499999999999 0.14075000000000001 0.13359375
0 0.514125 0.238921875 0.10825 0.134
0 0.47208333333333335 0.24140625 0.120375 0.14578125
0 0.39584375 0.2974453125 0.12639583333333335 0.22751562500000003
0 0.5908333333333334 0.6350859375 0.13804166666666667 0.130859375
0 0.20527083333333335 0.6131171875000001 0.18141666666666667 0.11554687500000001
0 0.7121562499999999 0.345578125 0.14802083333333332 0.109625
0 0.3020729166666667 0.525671875 0.12885416666666666 0.10353125
0 0.45729166666666665 0.534375 0.6645833333333333 0.728125