0 0.35104687500000004 0.3131438515081207 0.07753125 0.15329466357308583
0 0.24417968750000002 0.2514965197215777 0.105421875 0.13607888631090487
0 0.3994296875 0.39168213457076567 0.079453125 0.1562645011600928
0 0.46636718750000006 0.5839327146171693 0.10523437499999999 0.2062412993039443
0 0.6298828125 0.6058004640371231 0.044796875 0.1662645011600928
0 0.741578125 0.575185614849188 0.13174999999999998 0.21069605568445476
0 0.7356015625 0.4711368909512761 0.113109375 0.18296983758700697
0 0.79896875 0.29164733178654295 0.08459375 0.15122969837587008
0 0.129078125 0.5904524361948956 0.114625 0.2228538283062645
0 0.8625703124999999 0.5662993039443155 0.129546875 0.15552204176334106
0 0.6341796875 0.48643851508120645 0.11173437500000001 0.13900232018561484
0 0.5711718749999999 0.31169373549883994 0.07175000000000001 0.1576798143851508
0 0.288484375 0.6028654292343387 0.13153125000000002 0.2083294663573086
0 0.5234375 0.4245939675174014 0.95 0.5382830626450116