8 0.6253 0.616837416481069 0.04908 0.04494432071269488
8 0.8 0.43983296213808465 0.058159999999999996 0.05414253897550111
8 0.7605400000000001 0.2829844097995546 0.04868 0.05420935412026726
8 0.6858500000000001 0.2889309576837416 0.05006 0.0489086859688196
8 0.60733 0.31395322939866366 0.02846 0.04140311804008909
8 0.56717 0.26567928730512247 0.03954 0.04868596881959911
8 0.6959099999999999 0.5762249443207127 0.04274 0.05334075723830735
8 0.76433 0.5146881959910913 0.053340000000000005 0.05374164810690423
8 0.5076400000000001 0.28515590200445434 0.04684000000000001 0.0455456570155902
8 0.56481 0.5658017817371938 0.045939999999999995 0.044610244988864144
8 0.485 0.44320712694877507 0.214 0.31625835189309576