9 0.558875 0.6186768149882904 0.1635 0.14807962529274005
9 0.3621875 0.6778805620608899 0.16028125 0.14456674473067915
9 0.1596015625 0.8974121779859484 0.083390625 0.0807728337236534
9 0.3283671875 0.7923653395784545 0.605984375 0.411615925058548
9 0.8352265624999999 0.8390281030444965 0.063828125 0.08611241217798596
9 0.9477500000000001 0.7921662763466042 0.0740625 0.0748711943793911
9 0.7044765625 0.8062763466042154 0.070609375 0.10079625292740046
9 0.5590546875 0.6194262295081967 0.162546875 0.14807962529274005
9 0.8021953125 0.6747189695550352 0.074453125 0.08035128805620609
9 0.753203125 0.5856206088992975 0.0708125 0.07227166276346604
9 0.1665859375 0.8332084309133491 0.069609375 0.05695550351288056
9 0.228109375 0.818407494145199 0.0675 0.07330210772833724
9 0.27447656249999997 0.578536299765808 0.060140625 0.09632318501170961
9 0.5734375 0.7306791569086651 0.85 0.5339578454332553