8 0.16426470588235295 0.6608660130718954 0.19941176470588237 0.16326797385620914
8 0.22532679738562092 0.4098202614379085 0.165 0.1227450980392157
8 0.0724264705882353 0.3490277777777778 0.1448529411764706 0.1113888888888889
8 0.2566748366013072 0.3347467320261438 0.14266339869281047 0.10161764705882352
8 0.11910130718954248 0.2946486928104575 0.14183006535947712 0.1056372549019608
8 0.2625898692810458 0.272140522875817 0.12900326797385622 0.08052287581699347
8 0.7510539215686274 0.9173856209150327 0.19230392156862744 0.16522875816993465
8 0.5056290849673203 0.09234477124183006 0.2590032679738562 0.15540849673202614
8 0.2957434640522876 0.9170996732026143 0.2103104575163399 0.16531045751633988
8 0.08427287581699347 0.9168545751633987 0.1640359477124183 0.13933006535947712
8 0.05775326797385621 0.421952614379085 0.1144281045751634 0.10769607843137255
8 0.5004738562091504 0.9224019607843137 0.19441176470588237 0.15519607843137256
8 0.013210784313725488 0.6492565359477125 0.023872549019607843 0.1451470588235294