2 0.54465625 0.7890654205607476 0.04234375 0.055887850467289724
2 0.4554921875 0.7281775700934578 0.061546875 0.056121495327102804
2 0.6133359375 0.7679789719626168 0.036859375 0.05464953271028038
2 0.5093203125 0.7398598130841122 0.065296875 0.05985981308411215
2 0.5763984375 0.7833177570093458 0.049296875000000004 0.06172897196261683
2 0.50409375 0.7922546728971963 0.04390625 0.050724299065420565
2 0.6510234375 0.6668107476635515 0.031984374999999995 0.04165887850467289
2 0.62646875 0.6605140186915889 0.0308125 0.05070093457943925
2 0.689 0.6626985981308411 0.04803125 0.050771028037383176
2 0.4640625 0.7787616822429907 0.0403125 0.06948598130841122
2 0.43328125 0.7739953271028037 0.04096875 0.055887850467289724
2 0.5885859375 0.6524766355140187 0.058796875000000005 0.07453271028037382
2 0.6717109375 0.641822429906542 0.026265624999999997 0.026869158878504672