9 0.776265690376569 0.769203125 0.18064853556485355 0.12603124999999998
1 0.9065899581589959 0.3586015625 0.03184100418410042 0.017046875
1 0.961621338912134 0.2808984375 0.023744769874476986 0.016859375
1 0.9553870292887028 0.359046875 0.023661087866108786 0.01946875
1 0.9709414225941422 0.35238281250000003 0.032761506276150626 0.035421875000000005
1 0.9881903765690375 0.3335390625 0.023619246861924684 0.021703125
1 0.9654602510460252 0.30496875 0.01585774058577406 0.01378125
1 0.9339853556485356 0.34515625 0.02830543933054393 0.01540625
1 0.9594456066945607 0.3259140625 0.034707112970711294 0.022921875
1 0.9866004184100419 0.316625 0.025041841004184103 0.0275625
1 0.9442050209205021 0.3114453125 0.02832635983263598 0.018140625
3 0.9006799163179917 0.33103125 0.0940376569037657 0.07409375