1 0.885122549019608 0.4801797385620915 0.022434640522875818 0.019117647058823527
1 0.9215686274509803 0.48208333333333336 0.028758169934640525 0.0205718954248366
1 0.9273692810457518 0.46128267973856213 0.0215359477124183 0.02312091503267974
1 0.935375816993464 0.438578431372549 0.034084967320261436 0.032124183006535946
1 0.9471241830065359 0.4690277777777778 0.02395424836601307 0.02125816993464052
1 0.9622303921568627 0.5425 0.031160130718954248 0.03496732026143791
1 0.9657598039215688 0.4953431372549019 0.03377450980392157 0.04950980392156863
1 0.928766339869281 0.5192320261437908 0.04093137254901961 0.05483660130718954
1 0.1043954248366013 0.30066176470588235 0.0230718954248366 0.020931372549019608
1 0.4381454248366013 0.5057107843137255 0.021486928104575163 0.021486928104575163
1 0.871045751633987 0.5482843137254902 0.029705882352941176 0.025522875816993463
1 0.8643055555555554 0.4824264705882353 0.02468954248366013 0.01874183006535948
1 0.0784967320261438 0.24273692810457517 0.05254901960784313 0.03354575163398693
1 0.4395424836601307 0.27941176470588236 0.8137254901960784 0.2222222222222222