1 0.22359477124183008 0.7625490196078432 0.11009803921568627 0.10562091503267974
1 0.3357352941176471 0.6891013071895424 0.08944444444444445 0.0684967320261438
1 0.43808006535947713 0.5997630718954249 0.1724673202614379 0.08949346405228759
1 0.2809967320261438 0.5026470588235294 0.07238562091503267 0.05790849673202614
1 0.3514624183006536 0.47964052287581704 0.058055555555555555 0.051176470588235295
1 0.4898856209150327 0.42434640522875816 0.12584967320261436 0.10787581699346405
1 0.046781045751633984 0.31308006535947713 0.0922875816993464 0.10776143790849674
1 0.32339052287581704 0.6352124183006536 0.07544117647058823 0.07545751633986927
1 0.1841748366013072 0.7189869281045751 0.07838235294117647 0.07601307189542485
1 0.5177124183006535 0.5631617647058823 0.15447712418300655 0.06766339869281045
1 0.5708986928104575 0.39931372549019606 0.1230718954248366 0.08281045751633986
1 0.390531045751634 0.43588235294117644 0.1359313725490196 0.10816993464052288
1 0.2544444444444444 0.6522794117647059 0.05879084967320261 0.03279411764705882
1 0.4991830065359477 0.5694444444444444 0.9983660130718954 0.8578431372549019