0 0.6579843750000001 0.34044289044289044 0.0960625 0.20111888111888113
0 0.6560234374999999 0.12877622377622377 0.097921875 0.1408158508158508
0 0.7244453125 0.26959207459207457 0.10220312499999999 0.154988344988345
0 0.8266171874999999 0.3608741258741259 0.105203125 0.147995337995338
0 0.501375 0.5071212121212121 0.0246875 0.09620046620046621
0 0.449796875 0.4888461538461539 0.0688125 0.10342657342657342
0 0.55684375 0.6792657342657343 0.07665625000000001 0.12557109557109555
0 0.5099765625 0.6433333333333333 0.056609374999999997 0.08820512820512821
0 0.318109375 0.9657692307692307 0.033468750000000005 0.06846153846153846
0 0.6676953125 0.16692307692307692 0.082796875 0.0813986013986014
0 0.62821875 0.12045454545454545 0.11156250000000001 0.12277389277389278
0 0.589734375 0.3812937062937063 0.08978125 0.1596969696969697
0 0.6086328125 0.25122377622377623 0.046234375 0.1153146853146853
3 0.63203125 0.8567715617715618 0.028125 0.029067599067599068
3 0.627328125 0.8886013986013986 0.06684375000000001 0.05934731934731935
3 0.5564609375 0.9356060606060606 0.09517187499999999 0.12878787878787878
0 0.55390625 0.62004662004662 0.8890625 0.7552447552447552