5 0.47680468749999994 0.78125 0.036734375 0.08125
5 0.3941015625 0.7297291666666667 0.033390625 0.091
5 0.41255468749999996 0.6974375 0.016484375000000002 0.0465
5 0.32632812499999997 0.6543020833333333 0.02225 0.07389583333333333
5 0.5100390625 0.76128125 0.036578125 0.07164583333333334
5 0.4545078125 0.7636875 0.027140625 0.07629166666666666
5 0.5332343749999999 0.7589583333333333 0.028937499999999998 0.0665
5 0.323046875 0.7217708333333334 0.040875 0.11154166666666666
5 0.2913671875 0.7060520833333334 0.057328124999999994 0.03772916666666667
5 0.3590390625 0.6141875 0.023828125 0.03575
5 0.40928906249999997 0.7211875 0.037390625 0.06633333333333333