8 0.48439062499999996 0.6352395833333334 0.26371875 0.3361458333333333
8 0.5248671875 0.3195 0.210546875 0.207375
8 0.5798593750000001 0.43833333333333335 0.195875 0.17704166666666668
8 0.3446640625 0.3937083333333334 0.23089062500000002 0.2764166666666667
8 0.1786484375 0.7150520833333333 0.185390625 0.22247916666666667
8 0.826671875 0.3641770833333334 0.141 0.1184375
9 0.05393749999999999 0.22359375 0.1045 0.15506250000000002
9 0.09709375 0.19502083333333334 0.0814375 0.07120833333333333
1 0.46082812500000003 0.07641666666666666 0.365875 0.14991666666666664
8 0.6706093750000001 0.7258854166666667 0.12803124999999999 0.1153125
8 0.7250625 0.5819583333333334 0.22668750000000001 0.280125
8 0.212890625 0.5169374999999999 0.24609375 0.18229166666666666
8 0.6563125000000001 0.19330208333333332 0.1693125 0.24497916666666666
8 0.29900000000000004 0.7417499999999999 0.19615625 0.2615416666666667
8 0.3653125 0.20848958333333334 0.18790625 0.17135416666666667
8 0.08084375 0.5649270833333334 0.15778125 0.2415625
8 0.49296875 0.46979166666666666 0.7390625 0.80625