9 0.7743203125 0.7865416666666667 0.149140625 0.16449999999999998
9 0.9373593750000001 0.5031145833333334 0.12528125 0.18427083333333333
9 0.636828125 0.46734375000000006 0.128375 0.14189583333333333
9 0.22082031249999998 0.4809479166666667 0.28517187499999996 0.2493125
9 0.228546875 0.23298958333333336 0.08425 0.1035625
9 0.7129218749999999 0.4109375 0.11678124999999999 0.14329166666666668
9 0.6001015625 0.15069791666666668 0.068234375 0.09781250000000001
9 0.17742968750000002 0.7333854166666666 0.14642187499999998 0.24477083333333333
9 0.29241406249999996 0.80140625 0.14642187499999998 0.17552083333333332
9 0.5064921875 0.4298645833333333 0.159734375 0.1948125
9 0.780953125 0.46508333333333335 0.0714375 0.079375
9 0.5408984375 0.7324166666666667 0.124203125 0.165625
9 0.37382031250000003 0.6375833333333333 0.197828125 0.22629166666666667
9 0.46171875 0.49895833333333334 0.8453125 0.9979166666666667