1 0.3085703125 0.400868544600939 0.07964062499999999 0.07276995305164319
0 0.5198437499999999 0.7328638497652582 0.07146875 0.15413145539906103
0 0.35071875 0.9371126760563381 0.14328125 0.10314553990610328
0 0.3120625 0.8258920187793428 0.1114375 0.1836150234741784
0 0.487703125 0.813075117370892 0.089 0.0995774647887324
0 0.839203125 0.5238615023474178 0.11768749999999999 0.13349765258215962
0 0.203421875 0.9156807511737091 0.11699999999999999 0.16863849765258218
0 0.062257812499999995 0.698262910798122 0.048828125 0.14084507042253522
0 0.45584375 0.6724882629107982 0.06709375 0.16830985915492958
0 0.5783984375 0.6897065727699531 0.068578125 0.14359154929577464
0 0.1721484375 0.673744131455399 0.091515625 0.09359154929577464
0 0.10164843750000001 0.636830985915493 0.040890625 0.1168075117370892
0 0.55953125 0.7851056338028168 0.06365625 0.08842723004694836
1 0.13160156250000002 0.44737089201877933 0.22185937500000003 0.10816901408450703
0 0.414640625 0.7778169014084506 0.0630625 0.1215962441314554
0 0.33046875 0.6784037558685446 0.6578125 0.6384976525821596