1 0.3762734375 0.6178645833333333 0.050984375000000005 0.06414583333333333
1 0.46848437499999995 0.23548958333333334 0.11734375 0.16677083333333334
1 0.673 0.5287083333333333 0.11240625 0.149875
1 0.4901484375 0.7688124999999999 0.129859375 0.17216666666666666
1 0.1952890625 0.6123020833333332 0.085734375 0.1368125
1 0.327640625 0.6782604166666667 0.055437499999999994 0.07927083333333333
1 0.16666406250000002 0.44259375 0.048421874999999996 0.0704375
1 0.3006171875 0.5866875 0.054328125000000005 0.06354166666666666
1 0.7686328124999999 0.7525833333333334 0.068421875 0.124125
1 0.7073750000000001 0.7581666666666665 0.09384375 0.11520833333333333
1 0.5158671874999999 0.35598958333333336 0.116265625 0.14877083333333332
1 0.349953125 0.757 0.04359375 0.05225
1 0.40703125 0.471875 0.2390625 0.6104166666666667