0 0.05853125 0.561984126984127 0.0839375 0.12645502645502646
0 0.0765078125 0.40275132275132275 0.050515624999999995 0.11624338624338623
0 0.3126796875 0.4179497354497354 0.067203125 0.19706349206349205
0 0.38917968750000004 0.49070105820105814 0.019421874999999998 0.04134920634920635
0 0.6057265624999999 0.5017857142857143 0.037140625 0.05939153439153439
0 0.6529453125 0.521468253968254 0.059546875 0.1827248677248677
0 0.7401953124999999 0.48478835978835977 0.007640625 0.037724867724867724
0 0.8392968749999999 0.46711640211640215 0.06343750000000001 0.20232804232804233
0 0.8896328125 0.46674603174603174 0.058421875 0.12089947089947091
0 0.285375 0.897314814814815 0.073 0.17441798941798944
0 0.365984375 0.7376851851851851 0.04271875 0.09891534391534391
0 0.44253906249999997 0.8139153439153438 0.08479687500000001 0.25037037037037035
0 0.521625 0.8366666666666667 0.10103124999999999 0.15857142857142856
0 0.49921875 0.6335978835978836 0.9984375 0.6798941798941799