3 0.073328125 0.3928941176470588 0.11946874999999998 0.10856470588235294
9 0.2316328125 0.8545058823529411 0.152703125 0.22745882352941177
9 0.33128124999999997 0.7242235294117646 0.14740625000000002 0.20628235294117647
9 0.411921875 0.6099764705882353 0.11803125 0.18823529411764706
9 0.49469531250000004 0.5078705882352941 0.123859375 0.1932470588235294
9 0.5625859375 0.688764705882353 0.146234375 0.1955058823529412
9 0.6439140625 0.5764117647058824 0.123859375 0.21348235294117648
9 0.7095703125 0.22808235294117649 0.11192187499999999 0.1595529411764706
9 0.5568593749999999 0.4069411764705882 0.11315625 0.1771294117647059
9 0.77896875 0.37752941176470584 0.12237499999999998 0.17529411764705882
9 0.7161484375 0.4733764705882353 0.12342187499999999 0.1692
3 0.0583984375 0.3586588235294118 0.10795312500000001 0.21971764705882352
9 0.7768671875000001 0.14961176470588236 0.097953125 0.15183529411764707
9 0.6261171875 0.3301647058823529 0.088546875 0.17143529411764705