0 0.055265625 0.41959374999999993 0.06837499999999999 0.11777083333333334
1 0.47775 0.8549166666666667 0.4953125 0.2901666666666667
1 0.755765625 0.39902083333333327 0.19121875 0.20033333333333334
1 0.5417734375000001 0.21792708333333335 0.168453125 0.22114583333333335
1 0.0627890625 0.5149479166666666 0.125578125 0.23114583333333333
3 0.8683984375 0.6358541666666667 0.263203125 0.32787499999999997
3 0.193703125 0.22 0.0304375 0.035625000000000004
3 0.17571874999999998 0.2816458333333333 0.03559375 0.03558333333333333
3 0.1397890625 0.2518020833333333 0.036140624999999996 0.0391875
0 0.941546875 0.9041979166666666 0.083625 0.16972916666666665
3 0.23039062500000002 0.1561875 0.029281249999999998 0.03904166666666666
3 0.1884140625 0.21405208333333334 0.18260937500000002 0.23297916666666665