4 0.3767265625 0.4373046875 0.33273437499999997 0.278921875
5 0.36000000000000004 0.2505859375 0.23059375000000001 0.44942187499999997
5 0.824421875 0.32492187499999997 0.1674375 0.1065625
5 0.6468671875 0.731421875 0.36710937499999996 0.2685625
4 0.9000703125000001 0.5737734375000001 0.199859375 0.214203125
4 0.9033671875 0.0685390625 0.193265625 0.137078125
4 0.12471874999999999 0.12921093749999998 0.24943749999999998 0.240453125
4 0.5595546875 0.085953125 0.188765625 0.11684375
4 0.9525234375 0.261796875 0.094953125 0.091625
4 0.5873281250000001 0.2495 0.09818750000000001 0.07715625000000001
5 0.656765625 0.391671875 0.13615625 0.14209375
5 0.2049375 0.7611328125 0.09684374999999999 0.43764062499999995
5 0.3737734375 0.6084375 0.253515625 0.12253125000000001
5 0.49132031249999997 0.13653125 0.640546875 0.20096875
5 0.963828125 0.18350781249999998 0.07234375 0.055921874999999996
5 0.6038984375 0.8922109375 0.075328125 0.20520312500000001
5 0.5744453125000001 0.063953125 0.06476562500000001 0.12790625
5 0.1336953125 0.7198203125 0.044703124999999996 0.061453125