1 0.5284479166666667 0.5550937499999999 0.014895833333333334 0.01140625
1 0.5507395833333334 0.551765625 0.0526875 0.0306875
1 0.5849270833333333 0.5411250000000001 0.04422916666666667 0.02628125
1 0.56028125 0.5270546875000001 0.07185416666666668 0.020609375
1 0.4888958333333333 0.5547109375 0.015291666666666667 0.012203124999999999
1 0.48060416666666667 0.547734375 0.014125 0.012656249999999999
1 0.46849999999999997 0.5481015625000001 0.010208333333333335 0.012640624999999999
1 0.5318645833333333 0.515578125 0.0446875 0.01959375
3 0.5423749999999999 0.5538281250000001 0.012083333333333333 0.0114375
1 0.6178333333333333 0.5574921875000001 0.027000000000000003 0.025546875000000004
1 0.5948541666666666 0.55971875 0.035166666666666666 0.02203125
1 0.51325 0.531484375 0.04125 0.01984375