8 0.6052399999999999 0.4587733333333333 0.10036 0.12501333333333334
8 0.39691 0.5943733333333333 0.11966 0.15056
8 0.28317000000000003 0.45025333333333334 0.10698 0.14584
8 0.39227 0.4516933333333334 0.12174 0.14162666666666668
8 0.50282 0.4667866666666666 0.10823999999999999 0.13202666666666665
8 0.62763 0.58508 0.1227 0.14216
8 0.5102599999999999 0.5925333333333334 0.114 0.152
8 0.51681 0.7229199999999999 0.12498000000000001 0.13709333333333332
8 0.62799 0.7107333333333333 0.10574 0.13106666666666666
8 0.28125 0.5867199999999999 0.10642 0.13738666666666668
8 0.28708999999999996 0.72732 0.10834 0.15421333333333334
8 0.39772 0.7336400000000001 0.11936 0.13896