1 0.1115234375 0.6390523690773067 0.223046875 0.044937655860349125
0 0.3737109375 0.6381047381546134 0.355984375 0.13002493765586035
0 0.832828125 0.6855610972568579 0.023125 0.02428927680798005
0 0.693734375 0.645149625935162 0.031406250000000004 0.019925187032418953
0 0.7387265624999999 0.6721571072319202 0.030703124999999998 0.02486284289276808
0 0.791953125 0.6769576059850374 0.015 0.018703241895261846
0 0.9113125 0.642930174563591 0.0435 0.029650872817955115
0 0.94121875 0.639925187032419 0.01565625 0.026882793017456358
0 0.7208125 0.6338778054862843 0.01040625 0.026758104738154615
0 0.73903125 0.6381670822942643 0.2086875 0.1265087281795511
0 0.9392343750000001 0.6096384039900249 0.02015625 0.05628428927680798