4 0.7456015625 0.3065729166666667 0.290484375 0.25585416666666666
4 0.9301171874999999 0.2063541666666667 0.138328125 0.36091666666666666
4 0.9258359375000002 0.8042291666666667 0.148328125 0.29308333333333336
4 0.46834375 0.8179895833333333 0.40012499999999995 0.3640208333333333
4 0.2038203125 0.17339583333333333 0.192359375 0.23058333333333333
4 0.1845234375 0.09321875 0.187796875 0.18456250000000002
4 0.9530859374999998 0.6342604166666668 0.092703125 0.18427083333333333
4 0.1466328125 0.7432604166666666 0.289890625 0.4786458333333333
4 0.9290546875000001 0.52815625 0.138515625 0.3153125
4 0.5645234375 0.10402083333333333 0.291359375 0.20804166666666665
4 0.2432265625 0.23590625 0.28707812499999996 0.2933541666666667
4 0.6944765625 0.06882291666666668 0.130515625 0.12727083333333333