0 0.6278828125 0.6135520833333333 0.578078125 0.5775208333333333
0 0.786359375 0.32003125000000004 0.42728124999999995 0.32839583333333333
0 0.210671875 0.8089895833333335 0.41796875 0.37302083333333336
0 0.37246875 0.23303124999999997 0.21909375 0.1618125
0 0.1694375 0.3070625 0.11428125 0.17483333333333334
0 0.6628671875000001 0.08995833333333333 0.182453125 0.17991666666666667
0 0.2464296875 0.41559375 0.12273437499999999 0.29610416666666667
0 0.3379921875 0.55584375 0.169484375 0.20260416666666667
0 0.4480546875 0.4038958333333333 0.171421875 0.22595833333333332
0 0.19716406250000001 0.5873854166666667 0.130703125 0.13943750000000002
0 0.343390625 0.32016666666666665 0.12253125000000001 0.35333333333333333
0 0.507125 0.20510416666666664 0.31865625 0.396375
0 0.3034609375 0.10735416666666667 0.101390625 0.18070833333333333
0 0.5 0.3333333333333333 0.996875 0.6666666666666666