8 0.6767968750000001 0.5972248243559719 0.23296875 0.2640983606557377
8 0.495515625 0.49662763466042154 0.18140625 0.2067447306791569
8 0.838859375 0.3715339578454332 0.20240624999999998 0.14156908665105386
8 0.8323359375000001 0.4973770491803279 0.17876562499999998 0.1267447306791569
8 0.8487734375 0.6049414519906323 0.126515625 0.10370023419203747
8 0.6716875 0.3089812646370024 0.1529375 0.15505854800936766
8 0.4753359375 0.3818969555035129 0.154203125 0.10271662763466043
8 0.51928125 0.3325644028103044 0.1274375 0.09927400468384075
8 0.952796875 0.600983606557377 0.09418750000000001 0.15587822014051522
8 0.49167187500000004 0.6303864168618267 0.15175 0.1440983606557377
8 0.6551875 0.7438173302107729 0.20390625 0.20224824355971896
8 0.8011874999999999 0.4433606557377049 0.397625 0.25505854800936767
8 0.5240546875 0.2872248243559719 0.10201562500000001 0.06386416861826698
8 0.775 0.5714285714285714 0.446875 0.7353629976580797