4 0.72 0.30868750000000006 0.09175 0.105875
7 0.5692578125000001 0.53153125 0.804046875 0.9076458333333334
4 0.8488828125 0.6434791666666667 0.11392187499999999 0.129
4 0.4188515625 0.1643125 0.038234375 0.09883333333333333
4 0.366265625 0.18381250000000002 0.06828125 0.11158333333333334
4 0.5481328125 0.6209583333333334 0.074390625 0.08579166666666667
4 0.6534765625000001 0.26064583333333335 0.054640625 0.04458333333333333
4 0.787984375 0.38914583333333336 0.07196875 0.08808333333333333
4 0.46864062500000003 0.7558854166666666 0.0688125 0.060437500000000005
4 0.3094375 0.23732291666666666 0.07753125 0.10339583333333334
4 0.27619531249999996 0.39272916666666663 0.049546875000000004 0.087125
4 0.42514843750000003 0.48757291666666663 0.047828125 0.08797916666666666
4 0.8475390624999999 0.5249375 0.033953125 0.06016666666666667
4 0.8267187500000001 0.46795833333333337 0.04184375 0.049124999999999995
4 0.5453125 0.5427083333333333 0.640625 0.6395833333333333