2 0.4525625 0.7876875 0.2770625 0.290375
9 0.5517265625 0.8288020833333333 0.071546875 0.07814583333333333
9 0.502078125 0.8734999999999999 0.05596875 0.09120833333333334
9 0.42228125 0.7081875 0.0691875 0.057291666666666664
9 0.34296875 0.7940625 0.05525 0.077375
9 0.6097578125 0.5937708333333334 0.022890625 0.03225
9 0.807640625 0.3190416666666666 0.06584375 0.05579166666666667
9 0.37503125 0.8196145833333334 0.07309375 0.0535625
9 0.49417968749999996 0.7906666666666667 0.062734375 0.09104166666666667
8 0.309765625 0.3990208333333333 0.028249999999999997 0.02041666666666667
8 0.3413125 0.3823125 0.028499999999999998 0.019708333333333335