0 0.7861171875 0.8152576112412179 0.10023437500000001 0.06053864168618267
0 0.7383984375 0.8674121779859485 0.091453125 0.0764168618266979
0 0.528203125 0.8800819672131147 0.0945 0.09295081967213115
0 0.5226249999999999 0.7962763466042154 0.08621875 0.05620608899297424
0 0.39834375 0.6464285714285714 0.11803125 0.13266978922716627
0 0.6808124999999999 0.8190866510538641 0.07059375 0.0311943793911007
0 0.6549609375000001 0.911463700234192 0.047296875 0.04723653395784544
0 0.17510937499999998 0.9034192037470726 0.06490625 0.10754098360655738
0 0.23267187500000003 0.9729508196721312 0.05337499999999999 0.0492271662763466
0 0.07896875 0.7042037470725995 0.1579375 0.2734660421545667
0 0.6835390625 0.8033372365339579 0.066671875 0.04845433255269321
0 0.4451796874999999 0.8320608899297425 0.035828125 0.04791569086651054
1 0.059859375000000006 0.4592740046838407 0.11971875000000001 0.09007025761124123
1 0.45011718749999996 0.5962529274004684 0.097828125 0.09053864168618266
3 0.15346875 0.48209601873536295 0.025937500000000002 0.03473067915690867
3 0.051484375000000006 0.2992974238875878 0.0523125 0.13035128805620608
3 0.1232265625 0.47378220140515226 0.029296875 0.029063231850117097
3 0.1211640625 0.5195901639344263 0.022015625 0.04859484777517564
3 0.08975 0.3048126463700234 0.041125 0.11697892271662765
3 0.1032421875 0.25991803278688524 0.045765625 0.09997658079625292
3 0.03778125 0.27806791569086653 0.0415625 0.09604215456674473
0 0.56140625 0.27570257611241217 0.029906250000000002 0.0519672131147541
0 0.4703125 0.49882903981264637 0.940625 0.9976580796252927