6 0.55526 0.4728678678678679 0.18064 0.20753753753753754
6 0.5990599999999999 0.46088588588588586 0.19232 0.19924924924924922
6 0.46096000000000004 0.4984984984984985 0.1706 0.2427027027027027
6 0.5167 0.31954954954954956 0.28176 0.0790990990990991
6 0.23319 0.34762762762762767 0.28637999999999997 0.053033033033033035
6 0.81875 0.6745645645645646 0.3625 0.14414414414414414
6 0.50438 0.48063063063063066 0.17084 0.21153153153153154
6 0.50339 0.290045045045045 0.27626 0.05396396396396396
6 0.47851 0.2613963963963964 0.25306 0.05252252252252252
6 0.22636 0.30990990990990985 0.27764 0.038618618618618615
6 0.22116 0.2921471471471471 0.262 0.03798798798798799