0 0.04364 0.5020345744680852 0.08728 0.1061968085106383
0 0.148 0.48642287234042547 0.13808 0.1314095744680851
0 0.26163 0.4462367021276596 0.15434 0.10970744680851063
0 0.40303999999999995 0.4611303191489362 0.15716 0.15055851063829787
0 0.50229 0.4351063829787234 0.13494 0.12930851063829787
0 0.6718999999999999 0.46095744680851064 0.04096 0.0772872340425532
0 0.09337999999999999 0.785744680851064 0.11888 0.12914893617021278
0 0.80723 0.4494547872340426 0.12958 0.11938829787234043
0 0.91498 0.7586436170212766 0.11808 0.11867021276595743
0 0.72766 0.7717420212765957 0.13376 0.1385372340425532
0 0.21175 0.7696675531914893 0.14802 0.1361436170212766
0 0.34468 0.7864095744680851 0.047119999999999995 0.05212765957446809
0 0.009970000000000001 0.7812632978723404 0.019940000000000003 0.09305851063829788
0 0.629 0.6303191489361702 0.738 0.48404255319148937