3 0.27929166666666666 0.3258828125 0.24250000000000002 0.17970312500000002
3 0.2870416666666667 0.17147656249999998 0.05529166666666666 0.103671875
3 0.71903125 0.170625 0.07297916666666666 0.09459375
0 0.5000312499999999 0.7480078125 0.5976458333333333 0.262640625
3 0.2836458333333333 0.17440625 0.22025 0.1099375
3 0.5737291666666666 0.1763515625 0.08154166666666667 0.094203125
3 0.6210104166666668 0.169140625 0.08222916666666666 0.100875
3 0.6626354166666667 0.17198437500000002 0.06389583333333333 0.09915625
3 0.7784583333333333 0.1793046875 0.06783333333333334 0.091984375
8 0.4943958333333333 0.532546875 0.26529166666666665 0.23771874999999998
3 0.7258229166666668 0.3351015625 0.23064583333333333 0.172984375