0 0.5750078125 0.45720055710306406 0.027578125 0.0945682451253482
0 0.694046875 0.47589136490250694 0.01615625 0.04676880222841225
0 0.42274218750000003 0.44033426183844016 0.011359375 0.020668523676880223
0 0.710296875 0.459958217270195 0.022375 0.025431754874651814
0 0.6075781250000001 0.4604735376044568 0.01653125 0.08055710306406685
0 0.5861328125 0.4602646239554318 0.020234375 0.0715041782729805
0 0.728953125 0.44461002785515313 0.038906249999999996 0.07284122562674095
0 0.528203125 0.4495403899721448 0.0249375 0.05835654596100278
0 0.4961796875 0.4525348189415041 0.041765625 0.028969359331476326
0 0.4648671875 0.4449860724233983 0.022359375 0.04083565459610028
0 0.432125 0.42228412256267406 0.0230625 0.03309192200557103
0 0.5396171875 0.45412256267409473 0.033671875000000004 0.07743732590529248
0 0.804734375 0.43937325905292485 0.032968750000000005 0.05618384401114206
0 0.62421875 0.44846796657381616 0.4984375 0.14484679665738162