8 0.5583991683991684 0.44032031250000003 0.1150935550935551 0.06185937500000001
8 0.43024948024948023 0.434953125 0.10166320166320165 0.049125
8 0.601943866943867 0.4823515625 0.11478170478170478 0.059796875000000006
8 0.4688669438669439 0.4718359375 0.11378378378378377 0.054015625
8 0.5932952182952183 0.390953125 0.0902910602910603 0.0461875
8 0.661039501039501 0.411703125 0.09696465696465696 0.054843750000000004
8 0.9447089397089397 0.34725 0.11058212058212058 0.08190625
8 0.6544490644490645 0.44202343749999995 0.10054054054054054 0.058578125
8 0.42086278586278586 0.63934375 0.14804573804573803 0.118125
9 0.5553118503118504 0.5805312499999999 0.15765072765072766 0.12040625
9 0.4247401247401248 0.6388203124999999 0.1619126819126819 0.128140625