0 0.3462265625 0.7912604166666667 0.068953125 0.0496875
0 0.3880390625 0.7442083333333332 0.048265625 0.044375000000000005
0 0.44753124999999994 0.7331041666666667 0.0774375 0.059375
0 0.4529453125 0.78434375 0.048765625 0.06047916666666667
0 0.41460937500000006 0.8412395833333333 0.08896875 0.0656875
0 0.32785937499999995 0.8291458333333334 0.08228125 0.079375
0 0.6036718750000001 0.24160416666666668 0.052937500000000005 0.057833333333333334
0 0.65859375 0.5329270833333334 0.11056250000000001 0.10685416666666667
0 0.3022890625 0.20057291666666668 0.064453125 0.051229166666666666
0 0.385140625 0.88875 0.08475 0.08033333333333334
0 0.2430703125 0.49595833333333333 0.10710937499999999 0.13595833333333335
0 0.49992187500000007 0.8497812499999999 0.10793749999999999 0.08185416666666666
0 0.60184375 0.5991562500000001 0.08149999999999999 0.1174375
0 0.5 0.49895833333333334 0.996875 0.9979166666666667