0 0.6214921875 0.7451770833333333 0.11376562500000001 0.2612291666666667
0 0.5573203125 0.7452604166666666 0.08745312499999999 0.28860416666666666
0 0.43323437499999995 0.8035312500000001 0.12528125 0.2329375
0 0.401265625 0.7814479166666666 0.15178125 0.2368125
3 0.28151562500000005 0.5919687499999999 0.07284375 0.0919375
3 0.2737578125 0.499625 0.059328124999999995 0.0595
3 0.27078125000000003 0.458 0.0609375 0.050333333333333334
3 0.273578125 0.41575 0.0548125 0.055125
3 0.32385937499999995 0.420625 0.05315625 0.0535
1 0.28314843749999996 0.6662916666666666 0.087640625 0.096625
1 0.3842890625 0.6508958333333333 0.069265625 0.08783333333333333
1 0.5415703125 0.47884375 0.050234375 0.03189583333333333
1 0.5989765625 0.4770729166666667 0.046328125 0.0320625
1 0.5687265625 0.48970833333333336 0.035546875 0.014583333333333334
1 0.583109375 0.4475729166666666 0.0364375 0.041604166666666664
1 0.2757734375 0.5406979166666667 0.058421875 0.0540625
3 0.38363281250000003 0.41385416666666663 0.048546875 0.03820833333333333
3 0.33025 0.3978125 0.0610625 0.057374999999999995
1 0.282078125 0.7465104166666666 0.0695625 0.06964583333333334