8 0.7878828125 0.7775292740046839 0.160421875 0.15281030444964872
8 0.576546875 0.7002107728337237 0.14975 0.11259953161592505
8 0.6745859375000001 0.641135831381733 0.13314062499999998 0.12096018735362997
8 0.9248828124999999 0.5443559718969555 0.127109375 0.07545667447306792
8 0.8781640625 0.655351288056206 0.140171875 0.12503512880562062
8 0.519328125 0.7537822014051523 0.14796875 0.11355971896955504
8 0.7396953125 0.5870023419203747 0.111234375 0.09934426229508198
8 0.792375 0.5392271662763466 0.11421875 0.08313817330210772
8 0.834421875 0.4991334894613583 0.10931249999999999 0.08210772833723654
8 0.40440624999999997 0.7186416861826698 0.11490625000000002 0.11372365339578455
8 0.8230625 0.7074121779859485 0.1531875 0.12330210772833723
8 0.6105234375 0.5805620608899298 0.084984375 0.1010304449648712
8 0.7118046875 0.5094847775175644 0.094109375 0.08365339578454332
8 0.546140625 0.6134309133489462 0.07296875 0.09149882903981264
8 0.5 0.607728337236534 0.996875 0.5831381733021077