8 0.55996875 0.7269722222222224 0.4221875 0.5236111111111111
8 0.8744765624999999 0.5177222222222222 0.251046875 0.6773888888888889
8 0.1646953125 0.619375 0.329390625 0.6846944444444445
8 0.697078125 0.32504166666666673 0.09203125 0.43425
8 0.3038984375 0.6623333333333333 0.42954687500000005 0.6493333333333333
8 0.6165546875000001 0.21818055555555557 0.192859375 0.43636111111111114
8 0.5047890625 0.12468055555555554 0.141734375 0.2493611111111111
8 0.1051953125 0.21558333333333332 0.210390625 0.23377777777777778
8 0.4358359375 0.24208333333333334 0.195890625 0.19555555555555557
8 0.5283984375 0.4039305555555555 0.272296875 0.21502777777777776
8 0.37378125 0.0948611111111111 0.19090625 0.18394444444444444