4 0.71962 0.48448895027624306 0.10136 0.17284530386740332
4 0.44814000000000004 0.6673480662983425 0.10284 0.15248618784530388
4 0.6176799999999999 0.8537569060773481 0.10476 0.20309392265193368
4 0.6039 0.07411602209944752 0.1482 0.1293922651933702
4 0.78911 0.06558011049723758 0.06182 0.12209944751381216
4 0.72485 0.66 0.1005 0.18585635359116023
4 0.84101 0.4037845303867403 0.06818 0.1332596685082873
4 0.03322 0.1105939226519337 0.06304 0.16941988950276243
4 0.9125699999999999 0.33559392265193366 0.15806 0.2079281767955801
5 0.13585 0.39214088397790053 0.07646 0.20450276243093923
4 0.51305 0.24835635359116023 0.0841 0.10146408839779004
4 0.66591 0.2932458563535912 0.06534000000000001 0.13157458563535912
5 0.50707 0.29544198895027624 0.17374 0.1516574585635359
4 0.28208 0.6506491712707182 0.11284000000000001 0.1688121546961326
4 0.15045 0.5038950276243094 0.08274 0.08828729281767957
4 0.185 0.4986187845303867 0.166 0.9972375690607734