0 0.6124609375000001 0.5870215311004785 0.023609375 0.0404066985645933
0 0.7041406250000001 0.4589114832535885 0.037625 0.09677033492822967
0 0.7315390625 0.4793181818181818 0.034203125 0.11069377990430623
0 0.6276796874999999 0.5403588516746411 0.011765625 0.030287081339712918
0 0.6200468750000001 0.4782296650717703 0.073375 0.12253588516746411
0 0.5959609375 0.5649760765550239 0.021640625 0.05880382775119617
0 0.6399140625 0.5591746411483254 0.064578125 0.12136363636363635
0 0.6293046875 0.6371172248803828 0.027390625000000002 0.04322966507177033
0 0.5994296875 0.6311124401913876 0.030203124999999997 0.07208133971291866
0 0.6335078125000001 0.6771052631578947 0.031359375 0.05334928229665072
0 0.7774765625000001 0.4878349282296651 0.034484375 0.08351674641148324