0 0.08825 0.8097300469483568 0.16753125 0.3438262910798122
0 0.176625 0.6853638497652581 0.09115625000000001 0.12030516431924883
0 0.24021875 0.5632863849765258 0.03565625 0.06582159624413145
0 0.23149999999999998 0.5125234741784037 0.04428125 0.07091549295774648
0 0.29784375 0.4200821596244132 0.0799375 0.06791079812206573
0 0.32203125 0.3617723004694836 0.0319375 0.03692488262910798
0 0.5611796874999999 0.40030516431924884 0.030890624999999998 0.03957746478873239
0 0.6027968749999999 0.46311032863849766 0.04575 0.05330985915492958
0 0.6414609375 0.8456103286384976 0.070921875 0.08784037558685447
0 0.339984375 0.7373826291079812 0.026625 0.02382629107981221
0 0.281609375 0.3638028169014084 0.03446875 0.04990610328638498
0 0.43903125000000004 0.4000234741784037 0.02425 0.03145539906103286
0 0.57509375 0.8983215962441314 0.1163125 0.19002347417840376
0 0.7125 0.6784037558685446 0.559375 0.15023474178403756