0 0.7870843091334896 0.7408828125 0.2882201405152225 0.159765625
0 0.5998711943793911 0.17253125 0.3528571428571428 0.17040625
0 0.40714285714285714 0.1120625 0.17845433255269322 0.17684375000000002
0 0.278056206088993 0.505203125 0.14936768149882904 0.159
0 0.2669320843091335 0.8743046874999999 0.1459953161592506 0.193109375
0 0.1276463700234192 0.7594765625000001 0.14498829039812647 0.092484375
0 0.38783372365339575 0.57990625 0.21257611241217797 0.18584375
0 0.7336065573770492 0.165515625 0.3266042154566745 0.1488125
0 0.3839929742388759 0.9584687500000001 0.25538641686182667 0.0830625
0 0.14607728337236534 0.5459921875 0.04723653395784544 0.075421875
0 0.061850117096018745 0.556375 0.08669789227166277 0.0710625
0 0.7719555035128806 0.21242187499999998 0.293887587822014 0.1343125
3 0.7915105386416861 0.5400781250000001 0.2020843091334895 0.12359374999999999
3 0.8126697892271663 0.431015625 0.20215456674473067 0.11078125000000001
3 0.389016393442623 0.77940625 0.21892271662763466 0.296625
3 0.68692037470726 0.30769531250000004 0.15627634660421547 0.085203125
3 0.6773185011709602 0.4017421875 0.1596018735362998 0.106484375
3 0.8016276346604214 0.3322109375 0.175152224824356 0.10785937500000001
3 0.8115573770491803 0.0685390625 0.37688524590163935 0.132578125
3 0.7881498829039811 0.8775234375000001 0.16168618266978924 0.110109375
3 0.3737353629976581 0.32337499999999997 0.2569320843091335 0.27271875
3 0.2734543325526932 0.6729375 0.17220140515222482 0.21921875000000002
3 0.8688992974238875 0.613078125 0.15985948477751757 0.1046875
3 0.7049414519906324 0.6109531250000001 0.16529274004683842 0.10715625
0 0.6735831381733021 0.73940625 0.434519906323185 0.172
3 0.6506440281030444 0.930484375 0.15491803278688526 0.11368750000000001
3 0.49882903981264637 0.49921875 0.9976580796252927 0.9984375
0 0.3255269320843091 0.49921875 0.6510538641686182 0.9984375