5 0.76235 0.66588 0.2047 0.1741066666666667
5 0.27553 0.3699466666666667 0.17782 0.13616
5 0.5151699999999999 0.4923733333333333 0.18378 0.11402666666666667
5 0.37806 0.5520933333333333 0.07587999999999999 0.10973333333333334
5 0.41206 0.27373333333333333 0.25236000000000003 0.10117333333333332
5 0.68029 0.3352933333333334 0.24530000000000002 0.23762666666666665
4 0.58549 0.6089733333333334 0.13638 0.17944000000000002
4 0.79171 0.5247866666666667 0.0765 0.15608
4 0.8755599999999999 0.46459999999999996 0.13988 0.17304
5 0.9375 0.42735999999999996 0.07096 0.06266666666666666
5 0.62532 0.5092533333333333 0.09788 0.06810666666666666