1 0.30963999999999997 0.7800666666666668 0.106 0.15218666666666666
1 0.23145 0.8007733333333333 0.4629 0.3984533333333333
1 0.41585 0.6560933333333332 0.49389999999999995 0.35512
1 0.5841000000000001 0.44592 0.4768 0.26037333333333335
1 0.6874199999999999 0.8812133333333334 0.34976 0.23757333333333333
3 0.89875 0.5231066666666667 0.05354 0.05474666666666667
3 0.9614 0.4095333333333333 0.0718 0.09016
1 0.78015 0.7256133333333333 0.0885 0.10237333333333333
1 0.43562 0.6122266666666667 0.07532 0.08786666666666668
1 0.82911 0.73648 0.25282 0.2565866666666667
3 0.9748300000000001 0.3400666666666667 0.0499 0.05650666666666667
3 0.91698 0.44776000000000005 0.06520000000000001 0.05941333333333334
3 0.9375600000000001 0.3722133333333333 0.07324 0.08672
3 0.98961 0.3856266666666666 0.02078 0.06938666666666667
3 0.98038 0.2907333333333333 0.039240000000000004 0.05810666666666667
3 0.97415 0.4776933333333333 0.0517 0.05314666666666667