9 0.4007291666666667 0.6559999999999999 0.07141666666666667 0.0535625
9 0.8071875 0.8130703125000001 0.213625 0.12151562499999999
9 0.36433333333333334 0.7522109375 0.07358333333333333 0.050609375
9 0.4306458333333333 0.745078125 0.06645833333333333 0.052875000000000005
9 0.5138541666666667 0.859546875 0.23070833333333332 0.1460625
9 0.87109375 0.9133906250000001 0.2578125 0.11125
9 0.210375 0.9127109375 0.26575 0.141171875
9 0.55846875 0.9682187500000001 0.0616875 0.0635625
9 0.3163645833333334 0.732 0.08247916666666667 0.0558125
9 0.32476041666666666 0.6486875000000001 0.0695625 0.061281249999999995
9 0.4273645833333333 0.6302968750000001 0.050520833333333334 0.04428125
9 0.34030208333333334 0.7051406250000001 0.06235416666666667 0.03721875
9 0.35409375 0.537640625 0.04627083333333334 0.027625
9 0.37604166666666666 0.7359375 0.6895833333333333 0.50625