1 0.19411764705882353 0.2847058823529412 0.3788235294117647 0.5694117647058824
5 0.7280882352941177 0.7277124183006536 0.5078758169934641 0.19326797385620914
5 0.27191176470588235 0.7 0.19326797385620914 0.49663398692810456
5 0.8449428104575164 0.5524346405228758 0.3101143790849673 0.2741503267973856
5 0.0392483660130719 0.7875081699346405 0.0784967320261438 0.4215849673202614
5 0.13033496732026145 0.8528022875816993 0.1348202614379085 0.27191176470588235
5 0.5672140522875817 0.8779901960784314 0.4831535947712418 0.24401960784313725
5 0.39924836601307184 0.7295588235294118 0.15751633986928104 0.18271241830065357
5 0.4766748366013072 0.6287990196078431 0.34534313725490196 0.1486764705882353
5 0.12584150326797386 0.6516830065359478 0.17978758169934642 0.3730392156862745
5 0.7876470588235294 0.6123611111111111 0.3707843137254902 0.16854575163398694
3 0.5462745098039216 0.3374183006535948 0.47042483660130713 0.5347058823529411