3 0.075109375 0.3315416666666667 0.025031249999999998 0.028374999999999997
3 0.171703125 0.29965624999999996 0.02559375 0.022979166666666665
3 0.1928046875 0.29953124999999997 0.021234375 0.030645833333333334
4 0.9340703125 0.44171875 0.131859375 0.15364583333333334
1 0.632765625 0.8239166666666667 0.06221875 0.07720833333333334
1 0.7110078124999999 0.70740625 0.525109375 0.30293749999999997
1 0.54509375 0.5981875 0.4168125 0.20954166666666665
1 0.434671875 0.5014270833333333 0.27303125 0.18706250000000002
1 0.82753125 0.8378333333333333 0.34381249999999997 0.301125
1 0.09628125 0.2894166666666667 0.15203125 0.07208333333333333
1 0.41450000000000004 0.42666666666666664 0.22503125000000002 0.13233333333333333
3 0.193078125 0.3939583333333333 0.1826875 0.13254166666666667