1 0.7619921875 0.7349895833333332 0.014921875000000001 0.017520833333333333
1 0.6805625 0.7350833333333333 0.026125 0.01983333333333333
1 0.657671875 0.72884375 0.011125 0.012687499999999999
1 0.64509375 0.7081145833333333 0.01615625 0.0110625
1 0.7904296875 0.7271666666666666 0.013765625 0.013125
5 0.8256171875 0.7189895833333334 0.015765625 0.022104166666666664
5 0.7713984375 0.7491354166666667 0.030265625 0.014020833333333335
5 0.7677890625000001 0.7128437499999999 0.036640624999999996 0.04639583333333333
5 0.7898046875 0.7261562500000001 0.011546875 0.0105625
5 0.7462265625 0.7488229166666667 0.018390625 0.020645833333333332
1 0.7948515625000001 0.7188958333333334 0.012421875 0.015250000000000001
1 0.706546875 0.68765625 0.00853125 0.009979166666666667
5 0.698453125 0.7205208333333334 0.017625 0.014583333333333334