8 0.6815859375 0.38144791666666666 0.057296875000000004 0.04747916666666666
8 0.6811875 0.3436979166666667 0.0619375 0.042145833333333334
8 0.592609375 0.31189583333333337 0.056281250000000005 0.044875
8 0.58009375 0.34603125 0.05565625 0.04710416666666666
8 0.538671875 0.301875 0.02371875 0.02225
8 0.7439609375 0.3199270833333333 0.062359374999999995 0.049895833333333334
8 0.68440625 0.3129687500000001 0.055281250000000004 0.04472916666666667
8 0.765328125 0.36195833333333327 0.03596875 0.03208333333333333
8 0.7779843750000001 0.40830208333333334 0.03984375 0.0369375
9 0.244140625 0.55815625 0.067125 0.07339583333333333
8 0.7886015625 0.4384270833333333 0.052203124999999996 0.043145833333333335
8 0.8254921874999999 0.38708333333333333 0.049359375 0.047125
8 0.8287968749999999 0.34958333333333336 0.06209375 0.044625000000000005
9 0.44446093750000004 0.57484375 0.063203125 0.08764583333333334
9 0.1754921875 0.5671041666666666 0.10510937499999999 0.11229166666666666
9 0.1031484375 0.5893645833333333 0.111109375 0.13760416666666667
9 0.858953125 0.671625 0.08937500000000001 0.07375
9 0.8486953125000001 0.5944791666666667 0.106859375 0.10741666666666667
9 0.7237734375 0.5612604166666666 0.07323437499999999 0.05264583333333333
8 0.728484375 0.35463541666666665 0.0348125 0.024354166666666666
9 0.37151562499999996 0.5773854166666667 0.0954375 0.13268749999999999
8 0.403125 0.375 0.775 0.17916666666666667