0 0.64158 0.31836 0.04476 0.030533333333333332
0 0.65803 0.33613333333333334 0.03254 0.016373333333333333
5 0.73952 0.5800133333333333 0.10428 0.07314666666666667
5 0.75062 0.5344800000000001 0.09820000000000001 0.026026666666666667
0 0.6388800000000001 0.3527866666666667 0.07312 0.04066666666666666
0 0.6231599999999999 0.31237333333333334 0.04056 0.05189333333333333
0 0.59372 0.33097333333333334 0.04464 0.04578666666666667
0 0.64462 0.30058666666666667 0.01764 0.01936
5 0.6962200000000001 0.47922666666666663 0.09924 0.10890666666666668
0 0.5436500000000001 0.3209866666666667 0.0209 0.03317333333333333
1 0.48035 0.44821333333333335 0.03526 0.04944
1 0.48896000000000006 0.40298666666666666 0.03308 0.052373333333333334
1 0.50898 0.4485733333333333 0.03028 0.042319999999999997
1 0.5451 0.40868 0.02964 0.03389333333333334
1 0.56951 0.4394666666666666 0.0273 0.036906666666666664
1 0.5900799999999999 0.43220000000000003 0.02656 0.03458666666666667
1 0.57547 0.47296000000000005 0.02566 0.03493333333333333
3 0.67244 0.30584 0.0344 0.04618666666666667
3 0.67471 0.34701333333333334 0.01314 0.02576
3 0.69893 0.3091733333333333 0.04466 0.030986666666666666
3 0.5474499999999999 0.4736266666666667 0.032780000000000004 0.04448
5 0.7683 0.5081466666666666 0.08028 0.038213333333333335
5 0.74125 0.5070666666666667 0.0969 0.039946666666666665
5 0.74371 0.5629333333333333 0.08998 0.04618666666666667
5 0.7101000000000001 0.49518666666666666 0.03548 0.040986666666666664
5 0.7479699999999999 0.4937466666666666 0.06062 0.025413333333333333
5 0.64237 0.49448000000000003 0.01594 0.04778666666666667