0 0.38528125 0.43373239436619715 0.06890625 0.42117370892018774
0 0.42521875 0.4341197183098592 0.07675 0.3505868544600939
0 0.6601484375 0.524706572769953 0.164453125 0.11293427230046948
1 0.15089843749999998 0.4193661971830986 0.25573437499999996 0.29187793427230047
3 0.11453906250000001 0.4991079812206573 0.07420312500000001 0.09154929577464789
3 0.04999218749999999 0.5507863849765258 0.063953125 0.11082159624413146
3 0.11753906249999999 0.5734859154929578 0.077046875 0.07800469483568075
3 0.0239140625 0.478368544600939 0.047515625 0.0894131455399061
3 0.0233984375 0.5415962441314555 0.046484375 0.09938967136150235
0 0.43228125000000006 0.3809037558685446 0.08675000000000001 0.3393192488262911
3 0.1622890625 0.5707863849765258 0.049359375 0.08091549295774647
3 0.141078125 0.47291079812206566 0.08353125 0.10230046948356807