2 0.27504 0.70409 0.0784 0.07122
2 0.09050666666666667 0.76073 0.12592 0.15225999999999998
9 0.3889866666666667 0.11868000000000001 0.12224000000000002 0.09676
2 0.21792 0.6570499999999999 0.07552 0.08738
2 0.28589333333333333 0.64216 0.06538666666666666 0.0722
2 0.12862666666666667 0.58927 0.09394666666666666 0.1207
2 0.17884 0.59548 0.10466666666666667 0.05744
2 0.044 0.59851 0.08624000000000001 0.06866
9 0.16684 0.19482 0.05896 0.0414
9 0.15392 0.1668 0.05173333333333333 0.024
9 0.21764000000000003 0.17279 0.06397333333333333 0.0497
9 0.13726666666666665 0.13674 0.04952 0.03008
9 0.25453333333333333 0.14335 0.064 0.0461
9 0.20821333333333333 0.14118 0.056639999999999996 0.0308
9 0.27246666666666663 0.30178000000000005 0.16194666666666666 0.08020000000000001
2 0.05004 0.65501 0.09458666666666667 0.08706
2 0.13513333333333333 0.78613 0.11613333333333332 0.10886
2 0.19041333333333332 0.73375 0.09501333333333334 0.10662