8 0.2846484375 0.49143749999999997 0.09098437499999999 0.14208333333333334
8 0.056460937499999996 0.33370833333333333 0.109546875 0.110125
8 0.218890625 0.2510208333333333 0.07009375 0.087
8 0.8825859375 0.8292083333333333 0.234828125 0.32808333333333334
8 0.5858828125 0.22412500000000002 0.098265625 0.080625
8 0.70065625 0.3022708333333333 0.06828125 0.08454166666666667
8 0.76109375 0.34622916666666664 0.09565625 0.09354166666666666
8 0.6655546875 0.27449999999999997 0.067578125 0.07162500000000001
8 0.7070234375 0.5393229166666667 0.190453125 0.18427083333333333
8 0.8432187499999999 0.29960416666666667 0.10621875 0.11762500000000001
8 0.5390234374999999 0.6236145833333334 0.17154687500000002 0.22214583333333332
8 0.682515625 0.6388541666666667 0.10175000000000001 0.12775
8 0.8152890625 0.39209374999999996 0.102609375 0.0881875
9 0.3430078125 0.54503125 0.146796875 0.15547916666666667
8 0.57734375 0.41875 0.8421875 0.8375