4 0.539640625 0.29309375 0.2260625 0.19478125
4 0.1976484375 0.44353125000000004 0.11764062500000001 0.15765625
4 0.11471093750000001 0.5307734375000001 0.075109375 0.15126562500000001
4 0.5816953125 0.7893984374999999 0.126828125 0.138671875
4 0.7531015625 0.6401015624999999 0.197671875 0.12801562500000002
4 0.2997265625 0.18742187500000002 0.098203125 0.07503125000000001
4 0.6566015625 0.5140859375 0.13348437500000002 0.109578125
5 0.556046875 0.5393828125000001 0.08696875 0.091109375
5 0.48448437499999997 0.376078125 0.08196875 0.09034375
5 0.339421875 0.4138515625 0.050687499999999996 0.093421875
4 0.8056328125000001 0.4350703125 0.046984375 0.08354687499999999
4 0.5409296875 0.401671875 0.077828125 0.04678125
5 0.7624375000000001 0.36724999999999997 0.06925 0.08390625
5 0.6715703125 0.85290625 0.048453125 0.0846875
5 0.465828125 0.8582890625000001 0.0909375 0.079578125
5 0.3878125 0.7343437500000001 0.0739375 0.105625
5 0.3982890625 0.5992500000000001 0.082921875 0.065
5 0.7051953125 0.368828125 0.054546874999999995 0.06753125
5 0.6863593750000001 0.30738281250000005 0.0551875 0.089890625
5 0.6792265625 0.77921875 0.033765625 0.06753125
5 0.8103906249999999 0.2935078125 0.04675 0.051953125
5 0.571875 0.4984375 0.575 0.8375