3 0.678609375 0.19089953271028037 0.078875 0.12039719626168224
3 0.7413515625 0.14266355140186918 0.076890625 0.11121495327102804
3 0.8118359375 0.1629556074766355 0.073921875 0.10651869158878506
3 0.6829453125 0.07900700934579438 0.09148437499999999 0.12264018691588785
3 0.7621640624999999 0.05268691588785047 0.074890625 0.10537383177570094
5 0.49096875000000006 0.6423948598130841 0.032 0.22717289719626169
5 0.4595546875 0.6078621495327103 0.041953125 0.21661214953271027
3 0.6346171875000001 0.9098481308411216 0.089609375 0.1264252336448598
4 0.7500312499999999 0.5499766355140188 0.10509375000000001 0.2984579439252336
4 0.7763906250000001 0.31795560747663554 0.04896875 0.18936915887850467
4 0.832625 0.5303154205607478 0.094375 0.5198364485981308
4 0.676109375 0.3129556074766355 0.07665625000000001 0.08997663551401869