9 0.50475 0.5452928870292888 0.157625 0.24623430962343096
9 0.6980937500000001 0.5371652719665272 0.15812500000000002 0.2455020920502092
9 0.6063828124999999 0.42211297071129705 0.122265625 0.208744769874477
9 0.7415625 0.38667364016736405 0.11259375 0.17569037656903766
9 0.566515625 0.3290062761506276 0.0959375 0.1943723849372385
9 0.4431484375 0.30830543933054394 0.10495312500000001 0.11995815899581591
9 0.47378124999999993 0.41780334728033475 0.1258125 0.20803347280334727
9 0.3210625 0.5610355648535565 0.16878125 0.24416317991631797
9 0.154421875 0.44100418410041836 0.14725 0.22690376569037657
9 0.12125 0.5714225941422594 0.17653125 0.29610878661087864
9 0.318828125 0.3994456066945607 0.13203125 0.15943514644351464