2 0.271765625 0.9068854166666667 0.0679375 0.07710416666666667
2 0.09929687499999999 0.65828125 0.072125 0.07447916666666667
2 0.13386718749999998 0.64715625 0.050453125 0.07322916666666666
2 0.29885937500000004 0.7571979166666666 0.06787499999999999 0.06235416666666667
2 0.3864921875 0.7252291666666667 0.054890625000000005 0.050666666666666665
2 0.35598437499999996 0.6268750000000001 0.041749999999999995 0.04495833333333333
2 0.2500078125 0.6308125 0.045984375 0.041666666666666664
2 0.297765625 0.6403333333333333 0.023125 0.04025
2 0.5788125 0.7324166666666667 0.04790625 0.050041666666666665
2 0.06229687500000001 0.6858333333333333 0.06315625 0.08962500000000001
2 0.2086484375 0.6369270833333334 0.050984375000000005 0.0523125
9 0.12021875 0.4578333333333333 0.03303125 0.03220833333333333
9 0.7854296875 0.5379375000000001 0.028796875 0.027083333333333334
9 0.8646953125 0.4984895833333333 0.025171875 0.014270833333333333
9 0.3216953125 0.47025 0.043296875 0.03754166666666667
2 0.25053125 0.6949895833333334 0.060875 0.0624375
2 0.567578125 0.6964270833333334 0.04159375 0.05352083333333334
2 0.584203125 0.6856770833333333 0.03721875 0.050395833333333334
9 0.3657109375 0.4326041666666666 0.024203125 0.022458333333333334
9 0.5279609375 0.66628125 0.026203125 0.04135416666666667
9 0.5378046875 0.6607187499999999 0.019703125 0.0275625
2 0.4859375 0.6489583333333333 0.971875 0.5604166666666667