0 0.37682812499999996 0.5631807511737089 0.0204375 0.06725352112676056
0 0.47757812499999996 0.6848708920187795 0.06565625 0.09640845070422535
0 0.49692968750000005 0.6794953051643193 0.072765625 0.06626760563380282
0 0.7250781249999999 0.5354694835680751 0.13174999999999998 0.22568075117370892
0 0.5550078125 0.5677582159624412 0.027890625000000002 0.08307511737089202
0 0.9307500000000001 0.6773356807511738 0.0323125 0.04387323943661972
0 0.6200390625000001 0.46696009389671367 0.091109375 0.10880281690140846
0 0.5835468749999999 0.6195422535211268 0.06665625 0.025563380281690144
0 0.5629765625 0.6569835680751174 0.060671875 0.0706338028169014
0 0.45349218750000003 0.7163380281690142 0.068078125 0.11352112676056338
0 0.62615625 0.7530046948356807 0.0849375 0.1147887323943662
0 0.42159375 0.630481220657277 0.05709375 0.027582159624413145
0 0.941234375 0.7877699530516431 0.1109375 0.16666666666666666
0 0.65 0.6338028169014085 0.696875 0.38028169014084506