0 0.8606640625 0.28058333333333335 0.088484375 0.11266666666666666
0 0.8183828125 0.3390833333333333 0.036734375 0.10875
0 0.8746328125 0.4078541666666667 0.071890625 0.09683333333333333
3 0.5363203125 0.4754270833333333 0.7127343749999999 0.5725625
3 0.8724999999999999 0.48556250000000006 0.07065625 0.09358333333333334
0 0.7693203125 0.27371874999999996 0.057421875 0.0971875
0 0.933390625 0.47677083333333337 0.07040625 0.11308333333333334
0 0.9829140624999999 0.41341666666666665 0.034171875000000004 0.08549999999999999
0 0.9741171875000001 0.34534374999999995 0.051765625 0.0816875
0 0.9794140624999998 0.48659375 0.041171875000000004 0.07652083333333333
0 0.9300312499999999 0.3573020833333334 0.04428125 0.08510416666666668
0 0.9475468749999999 0.43195833333333333 0.07781249999999999 0.12645833333333334
0 0.8803828125000001 0.3633854166666667 0.093984375 0.1021875
0 0.79925 0.33532291666666664 0.01915625 0.09689583333333333
0 0.8254296875 0.31287499999999996 0.035109375 0.060333333333333336
0 0.8953125 0.28541666666666665 0.034375 0.08333333333333333