2 0.09392 0.3974403183023873 0.05232 0.0286737400530504
9 0.5181 0.6400132625994696 0.24496 0.21376657824933687
9 0.2539 0.4093368700265252 0.038119999999999994 0.03501326259946949
9 0.30502999999999997 0.4053050397877984 0.04426 0.03708222811671088
2 0.10374 0.42139257294429705 0.045759999999999995 0.021087533156498674
2 0.13799 0.42277188328912463 0.0299 0.03185676392572944
2 0.66246 0.4469496021220159 0.05596 0.04270557029177719
2 0.6113 0.43724137931034485 0.046079999999999996 0.05198938992042441
2 0.66485 0.41891246684350136 0.06954 0.05076923076923077
2 0.5863700000000001 0.4468567639257294 0.04822 0.031379310344827584
2 0.72201 0.39283819628647215 0.04598 0.05458885941644562
2 0.06846 0.43051724137931036 0.03404 0.03684350132625995
2 0.03665 0.4206631299734747 0.05722 0.04981432360742706
2 0.6449 0.38112732095490715 0.030359999999999998 0.059230769230769226
2 0.5679699999999999 0.37273209549071623 0.02134 0.033793103448275866
2 0.07858 0.38625994694960214 0.0444 0.03814323607427056