0 0.7422578124999999 0.3481924882629108 0.360609375 0.6884976525821597
0 0.41059375 0.17639671361502346 0.36346875 0.32584507042253524
3 0.78621875 0.8988262910798122 0.21612499999999998 0.1788262910798122
3 0.69815625 0.6870305164319248 0.1421875 0.24899061032863848
3 0.5714609375 0.795774647887324 0.12476562499999999 0.15061032863849763
0 0.4628671875 0.08269953051643192 0.303953125 0.16051643192488263
1 0.5828515624999999 0.6256455399061033 0.158640625 0.24091549295774647
1 0.6536406250000001 0.8844131455399061 0.16653125 0.2311737089201878
1 0.8355 0.7604225352112676 0.1629375 0.22136150234741783
1 0.24219531249999998 0.8737089201877934 0.133453125 0.2525821596244131
1 0.57659375 0.9545539906103286 0.133125 0.06492957746478874
1 0.1439453125 0.5284389671361502 0.160296875 0.1621830985915493
3 0.3401015625 0.43588028169014087 0.092078125 0.16927230046948358