0 0.36524 0.67362 0.46098666666666666 0.14096
0 0.8097066666666668 0.70112 0.02224 0.0258
0 0.62888 0.50171 0.10837333333333334 0.07914
0 0.3759866666666667 0.50919 0.062426666666666665 0.0385
0 0.8284933333333333 0.72225 0.026373333333333335 0.020739999999999998
0 0.41653333333333337 0.51828 0.039946666666666665 0.01684
0 0.86756 0.72473 0.08797333333333333 0.02198
0 0.37589333333333336 0.46678 0.05514666666666666 0.030760000000000003
0 0.4163733333333333 0.45471999999999996 0.038079999999999996 0.026879999999999998
0 0.44450666666666666 0.5708000000000001 0.116 0.04488
0 0.4011333333333333 0.46232999999999996 0.04786666666666666 0.03986
0 0.39032 0.36996999999999997 0.18352 0.04242
0 0.4004533333333334 0.32112 0.19541333333333333 0.05356
0 0.5866666666666667 0.483 0.6826666666666666 0.546