2 0.6627578125 0.8571458333333334 0.28523437500000004 0.16554166666666664
1 0.6186718750000001 0.5963125 0.666875 0.176125
4 0.19971875 0.6114270833333334 0.104125 0.13881249999999998
4 0.2274609375 0.5596458333333333 0.035453125 0.04725
4 0.0897890625 0.6093854166666667 0.137328125 0.15727083333333333
5 0.6488671874999999 0.5563541666666667 0.10692187500000001 0.03716666666666667
5 0.155828125 0.5622291666666667 0.077375 0.07075000000000001
5 0.7459140625 0.5868020833333333 0.103296875 0.0988125
5 0.6084375 0.6093854166666667 0.102375 0.04402083333333333
5 0.715703125 0.6359270833333334 0.11525 0.08802083333333334
5 0.1264375 0.6581666666666667 0.041249999999999995 0.04041666666666666
5 0.24200781249999997 0.5571979166666666 0.017015625 0.015854166666666666
5 0.2508359375 0.6236458333333333 0.018765625 0.040125
5 0.1101015625 0.6239166666666667 0.023265625 0.026208333333333333
5 0.0117578125 0.6667395833333334 0.023078124999999998 0.03822916666666667
5 0.6022734375000001 0.64765625 0.040171875 0.04047916666666666
5 0.6017734375 0.5645729166666666 0.074546875 0.06277083333333333
4 0.7507109375 0.6358854166666666 0.046859374999999995 0.05064583333333333
2 0.11666406250000001 0.8555520833333332 0.225921875 0.1654375