2 0.7349264705882352 0.6289705882352942 0.1543954248366013 0.11045751633986928
2 0.5950735294117647 0.35776143790849674 0.2533169934640523 0.09434640522875817
2 0.4837009803921568 0.6874264705882354 0.16197712418300653 0.15619281045751635
2 0.6109967320261438 0.6371568627450981 0.1573202614379085 0.11480392156862745
2 0.7432679738562091 0.7264624183006536 0.10986928104575162 0.13452614379084968
2 0.7970915032679738 0.7048774509803921 0.2689869281045752 0.13694444444444445
2 0.8979493464052287 0.6404493464052288 0.20410130718954247 0.11240196078431373
2 0.7001225490196079 0.3255555555555556 0.13583333333333333 0.08862745098039217
9 0.6270016339869281 0.7351388888888889 0.13119281045751635 0.1090032679738562
9 0.7831127450980392 0.3506454248366013 0.1116830065359477 0.08312091503267974
9 0.7454575163398693 0.7051960784313726 0.12986928104575163 0.15323529411764705
2 0.7961683006535948 0.35758986928104575 0.15344771241830066 0.0748529411764706