0 0.202875 0.8225729166666667 0.09403125 0.09952083333333334
0 0.24850781249999998 0.7493958333333333 0.069734375 0.05258333333333333
0 0.31215625 0.7538125000000001 0.05840625000000001 0.074625
0 0.6868437500000001 0.81353125 0.065375 0.09035416666666667
0 0.483296875 0.7871770833333332 0.044875 0.08497916666666666
0 0.36174218750000003 0.7748020833333332 0.046578125 0.08189583333333333
0 0.6143124999999999 0.80778125 0.0701875 0.0851875
0 0.757703125 0.8319791666666667 0.062375 0.07854166666666668
0 0.8233984375000001 0.8369479166666667 0.076859375 0.09372916666666667
0 0.8014765624999999 0.9464374999999999 0.067765625 0.10629166666666667
0 0.718171875 0.9312187499999999 0.05921875 0.11102083333333333
0 0.554359375 0.9024479166666667 0.073875 0.10710416666666665
0 0.4495078125 0.877375 0.07029687500000001 0.09595833333333334
0 0.59609375 0.83125 0.7109375 0.20833333333333334