0 0.146296875 0.6356458333333334 0.248875 0.2175
4 0.4686484375 0.5891354166666666 0.258671875 0.23656249999999998
5 0.4791171875 0.8366145833333334 0.333515625 0.1670625
5 0.43764843750000004 0.4211770833333333 0.271765625 0.1411875
5 0.8091250000000001 0.7847083333333333 0.32999999999999996 0.19529166666666667
5 0.7628281250000001 0.7211979166666665 0.32496875 0.15164583333333334
5 0.7526484375 0.8917604166666667 0.358234375 0.1411875
5 0.4136796875 0.9124374999999999 0.336328125 0.107625
5 0.3703046875 0.5062395833333333 0.075109375 0.0774375
5 0.584578125 0.6439270833333333 0.06209375 0.12685416666666666
5 0.521125 0.7452604166666666 0.322125 0.22685416666666666