6 0.1058828125 0.8123541666666667 0.095296875 0.065875
6 0.144984375 0.6558125 0.06218749999999999 0.03329166666666667
6 0.120921875 0.6989791666666666 0.06575 0.041666666666666664
6 0.0870703125 0.69553125 0.069265625 0.03852083333333333
6 0.1638515625 0.7083333333333334 0.07095312499999999 0.04054166666666667
6 0.2423125 0.6857500000000001 0.08637500000000001 0.081
6 0.08249999999999999 0.6756666666666666 0.0708125 0.03808333333333334
6 0.18360937500000002 0.6768020833333332 0.061625 0.03472916666666667
6 0.1490234375 0.66753125 0.072078125 0.03635416666666667
6 0.0526796875 0.7775625 0.061734374999999994 0.04691666666666667
6 0.07177343750000001 0.7419895833333333 0.077171875 0.04410416666666667
6 0.036164062500000003 0.7169479166666667 0.042734375000000005 0.0301875
6 0.1875 0.7682708333333335 0.07815625000000001 0.05508333333333334
6 0.121875 0.7354166666666667 0.228125 0.25833333333333336