0 0.0305859375 0.8156382978723404 0.060109375 0.11730496453900709
0 0.08788281249999999 0.8615425531914894 0.017953125 0.024999999999999998
0 0.1619140625 0.8205851063829788 0.043828125 0.1050709219858156
0 0.19965625 0.824982269503546 0.057125 0.09407801418439717
0 0.13082031249999998 0.821081560283688 0.024265625 0.1023758865248227
0 0.113484375 0.8062056737588652 0.03828125 0.09680851063829787
0 0.0777265625 0.8251241134751773 0.044390625 0.10074468085106383
3 0.48089062500000007 0.7966312056737589 0.0249375 0.04326241134751773
3 0.46850781250000006 0.8366843971631206 0.025546875000000004 0.05046099290780142
3 0.76425 0.6738297872340425 0.024125 0.04595744680851064
3 0.5658828124999999 0.7434397163120566 0.711921875 0.265177304964539
0 0.21105468749999998 0.7734397163120567 0.054234375 0.08801418439716312