2 0.5799375 0.27489411764705884 0.20696875 0.1524705882352941
2 0.10079687500000001 0.24074117647058824 0.19890625 0.17851764705882353
2 0.8826562499999999 0.2704 0.2346875 0.1524705882352941
2 0.3245703125 0.2561764705882353 0.16864062500000002 0.1572941176470588
2 0.0966328125 0.7063882352941178 0.193265625 0.16143529411764707
2 0.500296875 0.23912941176470587 0.1393125 0.13430588235294116
2 0.8604062499999999 0.16301176470588236 0.22690625 0.12131764705882353
2 0.1662890625 0.6050941176470589 0.154890625 0.12355294117647059
3 0.37407031249999995 0.5338470588235293 0.085796875 0.0956
3 0.6053437500000001 0.5558941176470588 0.01534375 0.028729411764705885
3 0.7647109375 0.5246000000000001 0.090671875 0.09070588235294116
2 0.766171875 0.5602352941176472 0.11784375 0.12376470588235294
2 0.860828125 0.7049411764705883 0.21315625 0.22470588235294117
2 0.7376406249999999 0.2126 0.09575 0.12331764705882352
2 0.794234375 0.6259882352941177 0.11790624999999999 0.13192941176470588
2 0.781296875 0.22469411764705882 0.09675 0.1432235294117647
2 0.218984375 0.2217529411764706 0.08609375 0.12030588235294118
2 0.6236875000000001 0.16898823529411763 0.12903125 0.2116235294117647
2 0.74975 0.5117882352941177 0.135125 0.07694117647058824