8 0.47528125 0.9 0.11909375 0.1460625
8 0.5191484375000001 0.8705 0.074328125 0.123875
8 0.5776562500000001 0.8755234375000001 0.11200000000000002 0.166171875
8 0.747671875 0.9284374999999999 0.1449375 0.09275
8 0.8811328125 0.38194531249999997 0.157828125 0.118359375
8 0.7084765625 0.8215468749999999 0.099390625 0.12196875
8 0.6288125 0.8372109375000001 0.11840625 0.138921875
8 0.540640625 0.9066484375 0.0635 0.142859375
8 0.7531171875 0.8085078124999999 0.12067187500000001 0.139984375
8 0.670671875 0.9350937500000001 0.14859375 0.08003125
8 0.8207812499999999 0.9181874999999999 0.1350625 0.11168750000000001
8 0.71646875 0.5348671875 0.1316875 0.204796875
8 0.21192187499999998 0.5426953125 0.14034375 0.21760937500000002