5 0.8730781249999999 0.8676354166666668 0.09128125000000001 0.1431875
5 0.601296875 0.5242708333333334 0.09634374999999999 0.12308333333333334
5 0.60296875 0.5796979166666667 0.09859375000000001 0.10564583333333334
5 0.5688828125000001 0.6724479166666667 0.094484375 0.04710416666666666
5 0.7054765625 0.5150520833333333 0.081765625 0.1159375
5 0.5455703125 0.7569687500000001 0.115984375 0.059812500000000005
5 0.8527578124999999 0.6244583333333333 0.037265625000000004 0.15212499999999998
5 0.6857421875 0.9460104166666666 0.11795312499999999 0.07510416666666667
5 0.8135234375 0.7576458333333334 0.09176562499999999 0.13645833333333332
9 0.25851562499999997 0.4149270833333334 0.15518749999999998 0.17322916666666668
5 0.7782578124999999 0.7550208333333334 0.020484375 0.03741666666666667