4 0.09377777777777777 0.8722452830188678 0.1555 0.19747169811320753
4 0.20387500000000003 0.5934150943396226 0.3819166666666667 0.45
5 0.4063888888888889 0.6137547169811322 0.12433333333333332 0.28109433962264146
5 0.3533611111111111 0.5917735849056603 0.1365 0.2981132075471698
5 0.3282222222222222 0.8223584905660378 0.2061111111111111 0.1529433962264151
5 0.4386527777777778 0.7839245283018869 0.07358333333333333 0.2745660377358491
5 0.41084722222222225 0.6808679245283019 0.11813888888888889 0.15841509433962264
5 0.27219444444444446 0.7845849056603773 0.12833333333333335 0.14245283018867924
5 0.33681944444444445 0.9219433962264151 0.23541666666666666 0.09256603773584907
5 0.21181944444444442 0.9116981132075472 0.08075 0.08905660377358492
3 0.7266805555555556 0.5177924528301887 0.4178611111111111 0.3327169811320755
3 0.7369027777777777 0.1887169811320755 0.13797222222222222 0.25916981132075473