6 0.12515625 0.5742291666666667 0.2503125 0.24941666666666668
6 0.193234375 0.4717604166666666 0.37234375000000003 0.24706250000000002
6 0.24529687500000003 0.4066666666666666 0.49059375000000005 0.305875
6 0.50646875 0.2929375 0.52234375 0.28
6 0.6405937500000001 0.24469791666666668 0.54 0.27764583333333337
6 0.738703125 0.20726041666666667 0.52159375 0.2473125
6 0.5456328125 0.6881145833333334 0.365671875 0.2682291666666667
6 0.737421875 0.5469687499999999 0.52515625 0.15989583333333332
6 0.8029453125 0.49058333333333337 0.38470312500000003 0.12470833333333334
6 0.9288203124999999 0.3988229166666667 0.142359375 0.12939583333333332
6 0.9731484374999999 0.3202291666666667 0.053703125 0.059250000000000004