8 0.569515625 0.551255868544601 0.11274999999999999 0.09429577464788733
8 0.6347031249999999 0.4982394366197183 0.09728125 0.10633802816901408
8 0.6963125 0.4549647887323944 0.09275 0.09345070422535212
8 0.760609375 0.3985680751173709 0.08825 0.08342723004694835
8 0.8044765625 0.3584741784037559 0.084203125 0.08112676056338029
8 0.30310156250000003 0.36463615023474183 0.07273437499999999 0.04809859154929577
8 0.7718906249999999 0.5504225352112676 0.10678125000000001 0.10676056338028168
8 0.6950937500000001 0.625481220657277 0.11681250000000001 0.12058685446009389
8 0.463765625 0.6993661971830984 0.09459375 0.11690140845070422
8 0.5168203124999999 0.7818309859154929 0.105359375 0.12112676056338029
8 0.5065546875000001 0.5005868544600939 0.090140625 0.09995305164319249
8 0.42945312500000005 0.4337441314553991 0.08821875 0.07495305164319249
8 0.8235312499999999 0.4986737089201878 0.09215625 0.10312206572769952
9 0.865234375 0.45922535211267607 0.09331249999999999 0.09497652582159624
9 0.9105390625 0.41090375586854466 0.09085937499999999 0.07053990610328639
8 0.57421875 0.5727699530516432 0.8390625 0.8497652582159625