8 0.5188359375 0.9083958333333333 0.040140625 0.051125
8 0.54678125 0.9252291666666665 0.039468750000000004 0.0355
8 0.5598046875 0.90990625 0.037171875 0.04497916666666667
8 0.5945781250000001 0.9263750000000001 0.0391875 0.04375
8 0.5990234375 0.9078229166666667 0.033359375000000004 0.028354166666666666
8 0.4055625 0.9063541666666667 0.04471875 0.027291666666666665
8 0.42807031250000005 0.8932916666666666 0.037234375 0.03704166666666667
8 0.47565624999999995 0.90515625 0.0395 0.048854166666666664
8 0.300203125 0.8979895833333333 0.03409375 0.024645833333333332
8 0.3147109375 0.8812916666666666 0.033921875000000004 0.028416666666666666
8 0.567234375 0.8869270833333334 0.03871875 0.03197916666666666
8 0.579875 0.8788333333333334 0.03028125 0.031208333333333334
8 0.27745312499999997 0.45646875 0.01771875 0.017062499999999998
8 0.4328125 0.6770833333333334 0.828125 0.49166666666666664