9 0.31912999999999997 0.7951466666666667 0.21162 0.20544
9 0.44044000000000005 0.8816533333333334 0.28692 0.21477333333333334
9 0.45015999999999995 0.3716133333333333 0.10304 0.054053333333333335
9 0.40618 0.4 0.19552 0.12586666666666668
9 0.6118000000000001 0.93076 0.047439999999999996 0.05421333333333333
8 0.57754 0.63444 0.0912 0.06568
8 0.68538 0.7152 0.10068 0.08202666666666666
8 0.6198199999999999 0.76468 0.1166 0.08909333333333333
8 0.28244 0.38457333333333327 0.06536 0.043919999999999994
8 0.25220000000000004 0.3716933333333333 0.05468 0.043919999999999994
8 0.6230399999999999 0.47894666666666674 0.11828 0.06845333333333334
9 0.59148 0.96436 0.05224 0.05869333333333334
9 0.37378000000000006 0.8351999999999999 0.18896000000000002 0.18773333333333334
9 0.54503 0.9442266666666668 0.08434 0.06584000000000001
9 0.67668 0.9677200000000001 0.09328 0.06456
9 0.6974600000000001 0.9448933333333333 0.05296 0.05064
9 0.6233200000000001 0.9798266666666666 0.07672 0.0372
9 0.57374 0.9003466666666666 0.04728 0.04992
9 0.49432000000000004 0.9418799999999999 0.0912 0.08834666666666667
2 0.42618 0.41128000000000003 0.09304000000000001 0.09925333333333333
6 0.60796 0.18684 0.05084 0.043546666666666664
9 0.438 0.7373333333333333 0.588 0.21066666666666667