0 0.2322734375 0.3493541666666667 0.337703125 0.172375
0 0.25059375 0.7049583333333334 0.3245625 0.33383333333333337
0 0.263171875 0.4408020833333333 0.24384375 0.15918749999999998
1 0.5137499999999999 0.4845 0.13209375 0.176125
1 0.8471718749999999 0.32729166666666665 0.10153125 0.15379166666666666
1 0.6145703124999999 0.20678125 0.10210937499999999 0.15247916666666667
1 0.4806484375 0.2546875 0.099328125 0.13041666666666668
1 0.64853125 0.47764583333333327 0.26646875 0.34825
3 0.7338125 0.31159375 0.14471875 0.1874375
3 0.44850781250000005 0.34515625 0.143734375 0.1901875
3 0.8016484375000001 0.47959375000000004 0.134953125 0.1735625
3 0.564015625 0.29990625000000004 0.09990625 0.10222916666666666
0 0.27972656249999994 0.29711458333333335 0.268671875 0.1211875
3 0.7587734375 0.4178854166666666 0.085671875 0.08143750000000001
3 0.5905703124999999 0.4797291666666667 0.041078125 0.08058333333333333
1 0.6490078125 0.3543854166666666 0.07273437499999999 0.1006875