7 0.5015000000000001 0.4955035128805621 0.9970000000000001 0.9865105386416863
4 0.064359375 0.5352927400468384 0.07162500000000001 0.12224824355971897
4 0.14317968749999999 0.5015456674473068 0.107765625 0.09854800936768149
4 0.86584375 0.6269672131147541 0.22640625 0.31459016393442624
4 0.2797421875 0.39851288056206086 0.09829687499999999 0.13098360655737704
4 0.14767187499999998 0.26117096018735364 0.0775625 0.08552693208430914
4 0.2575234375 0.24709601873536297 0.128421875 0.22454332552693207
4 0.6631171874999999 0.3657728337236534 0.209484375 0.1922014051522248
4 0.548234375 0.6951405152224824 0.122125 0.09028103044496487
4 0.171234375 0.6401522248243561 0.061125 0.07838407494145198
4 0.3805546875 0.39023419203747073 0.166671875 0.1562997658079625
4 0.12335937499999998 0.3619789227166276 0.1111875 0.15365339578454332
4 0.8678828125000001 0.3442974238875878 0.21976562500000002 0.22779859484777518
4 0.59584375 0.07423887587822015 0.121125 0.1484777517564403