0 0.63575 0.5341355140186916 0.012656249999999999 0.014439252336448598
0 0.8529296875 0.5967289719626169 0.095828125 0.23906542056074764
0 0.462328125 0.8371144859813083 0.0930625 0.20600467289719626
0 0.40226562499999996 0.7612383177570093 0.022468750000000003 0.048971962616822434
0 0.3913359375 0.780338785046729 0.092359375 0.2355373831775701
0 0.3104921875 0.726518691588785 0.022359375 0.021635514018691588
0 0.24118750000000003 0.6429088785046728 0.06753125 0.25086448598130845
0 0.2007890625 0.5883411214953271 0.088484375 0.19542056074766356
0 0.0947265625 0.611051401869159 0.084734375 0.2136915887850467
0 0.7055625 0.5921378504672897 0.08265625 0.21796728971962617
0 0.594859375 0.43809579439252333 0.03303125 0.07366822429906543
0 0.1487109375 0.5840420560747663 0.08051562500000001 0.21518691588785047
0 0.42583593749999993 0.3254672897196262 0.009234375 0.028457943925233643
0 0.346875 0.4848130841121495 0.69375 0.8247663551401869