1 0.311046875 0.5930093676814988 0.031156250000000003 0.05468384074941452
1 0.3463046875 0.16695550351288055 0.032796874999999996 0.05302107728337237
1 0.3775390625 0.16901639344262295 0.036140624999999996 0.05648711943793911
1 0.46174218749999996 0.25185011709601873 0.027734375 0.037423887587822016
1 0.6010546875 0.6892974238875877 0.100953125 0.09953161592505855
1 0.329125 0.6763348946135832 0.0296875 0.055199063231850115
1 0.2075546875 0.19956674473067917 0.029171875000000003 0.04629976580796253
1 0.1985546875 0.22262295081967215 0.015859375000000002 0.021217798594847775
1 0.17978125 0.18607728337236534 0.0408125 0.04700234192037471
1 0.797015625 0.45603044496487116 0.047343750000000004 0.06348946135831382
1 0.4800859375 0.17759953161592507 0.027265624999999998 0.02756440281030445
1 0.8286953125000001 0.4341100702576113 0.037984375 0.049578454332552695
3 0.2041953125 0.20927400468384075 0.028234375 0.06491803278688524
3 0.16828125 0.19023419203747075 0.026375 0.05372365339578455
3 0.3295390625 0.6764285714285714 0.031546875 0.05716627634660421
3 0.6007578125 0.7397072599531617 0.101515625 0.19843091334894614