0 0.0929453125 0.707096018735363 0.087703125 0.17236533957845432
0 0.0780703125 0.5951639344262295 0.085171875 0.19149882903981263
0 0.07909375 0.4749648711943794 0.0499375 0.13292740046838408
0 0.16015625 0.6025878220140516 0.09059375 0.18634660421545665
0 0.22795312500000003 0.604016393442623 0.07584375 0.1576814988290398
0 0.2276015625 0.5843911007025762 0.073109375 0.14953161592505856
0 0.2467578125 0.7205854800936768 0.10207812499999999 0.18950819672131147
0 0.0922421875 0.48218969555035124 0.057296875000000004 0.15201405152224823
0 0.28326562499999997 0.634519906323185 0.03965625 0.21264637002341918
0 0.23103125000000002 0.4741451990632318 0.09375 0.1500702576112412
0 0.1294375 0.43652224824355973 0.068625 0.13505854800936767
0 0.18846875000000002 0.42251756440281035 0.08115625 0.17936768149882903
0 0.04603906249999999 0.4752576112412178 0.033015625 0.12498829039812646
0 0.02734375 0.7014051522248244 0.0546875 0.25526932084309134