1 0.4720859375 0.6376291079812206 0.082078125 0.06615023474178404
5 0.20728125 0.8700704225352114 0.041281250000000005 0.03633802816901409
5 0.30911718749999995 0.6547417840375586 0.029921874999999997 0.06436619718309859
5 0.203609375 0.8419600938967137 0.0351875 0.04185446009389671
5 0.19713281249999998 0.8692840375586854 0.095328125 0.10269953051643192
5 0.28058593750000005 0.6615258215962442 0.071265625 0.07314553990610329
9 0.3905078125 0.5238497652582159 0.13092187500000002 0.18511737089201877
0 0.7618515625 0.4567136150234742 0.022640625 0.040657276995305164
4 0.3072890625 0.8376408450704225 0.118453125 0.11941314553990609
4 0.3321484375 0.8912206572769952 0.023734375 0.0368075117370892
0 0.73553125 0.42276995305164317 0.077625 0.11220657276995305