0 0.4022467320261438 0.13864379084967318 0.2786437908496732 0.2741503267973856
0 0.353937908496732 0.3471895424836602 0.7033660130718954 0.3033660130718954
0 0.5837254901960784 0.11913398692810456 0.3737254901960784 0.23826797385620913
0 0.8446241830065359 0.2612091503267974 0.3107516339869281 0.18924836601307188
0 0.7929411764705881 0.11031045751633986 0.41411764705882353 0.16470588235294117
0 0.8551388888888889 0.4376062091503268 0.2897222222222222 0.15419934640522875
0 0.8794852941176471 0.5960294117647059 0.24102941176470588 0.21091503267973857
0 0.2529411764705883 0.18988562091503267 0.28941176470588237 0.24941176470588233
0 0.09058823529411765 0.7322385620915033 0.17647058823529413 0.19058823529411764
0 0.9359558823529412 0.7179738562091503 0.12808823529411764 0.15055555555555555
0 0.1502777777777778 0.27216503267973857 0.15552287581699348 0.09959150326797386
0 0.09119281045751634 0.5563725490196079 0.1815686274509804 0.24758169934640525