2 0.4235703125 0.5766627634660422 0.045390625000000004 0.09398126463700235
2 0.2697734375 0.8803747072599531 0.081859375 0.08510538641686183
2 0.24834375 0.7780796252927401 0.0550625 0.08140515222482435
2 0.21067968750000002 0.8289812646370024 0.066140625 0.0724824355971897
2 0.1477421875 0.8697189695550351 0.059859375000000006 0.09676814988290398
2 0.21354687499999997 0.897728337236534 0.07815625000000001 0.10618266978922718
2 0.10610937499999999 0.834648711943794 0.044687500000000005 0.05992974238875878
2 0.3737890625 0.6980444964871194 0.043484375 0.08175644028103043
2 0.2945 0.7329391100702577 0.04940625 0.03744730679156909
2 0.20026562499999997 0.7845081967213116 0.055843750000000004 0.048922716627634664
6 0.5993984375 0.6198009367681498 0.051734375 0.10845433255269321
2 0.4221640625 0.8083957845433255 0.065234375 0.0915456674473068
2 0.10934375 0.8995667447306792 0.06815625 0.10119437939110071
2 0.30234375 0.7540983606557377 0.3640625 0.1686182669789227