4 0.4328046875 0.5749270833333333 0.049671875 0.09122916666666667
4 0.2906875 0.34179166666666666 0.08075 0.08779166666666667
4 0.46498437499999995 0.18165625 0.07409375 0.13693750000000002
4 0.48792187499999995 0.34269791666666666 0.35225 0.40672916666666664
4 0.55125 0.35665625 0.059343749999999994 0.16097916666666665
4 0.25365625 0.5359583333333333 0.0960625 0.2
4 0.6525937500000001 0.7142812500000001 0.09740625 0.14027083333333332
4 0.7214453125 0.4969374999999999 0.130296875 0.12754166666666666
4 0.5571875000000001 0.6633541666666666 0.26168749999999996 0.39425000000000004
4 0.5422109375 0.45757291666666666 0.062828125 0.055187499999999994
4 0.61134375 0.37272916666666667 0.05621875 0.13883333333333334
4 0.33576562499999996 0.5621041666666666 0.08021875 0.17754166666666665
4 0.72359375 0.33130208333333333 0.038656249999999996 0.13097916666666667