9 0.5079453125 0.3694166666666667 0.110765625 0.06454166666666666
9 0.7497734374999999 0.3511875 0.08267187499999999 0.09766666666666667
9 0.9254843749999999 0.3531770833333333 0.0504375 0.025187499999999998
9 0.6233124999999999 0.42455208333333333 0.13174999999999998 0.0540625
9 0.378375 0.16180208333333332 0.20056250000000003 0.11685416666666668
9 0.1475 0.16323958333333335 0.24518749999999997 0.1020625
9 0.3616484375 0.3357291666666667 0.195859375 0.0745
9 0.7647578125 0.19671875000000003 0.051203125 0.025104166666666667
9 0.36428906250000004 0.4 0.194796875 0.06754166666666667
9 0.3786640625 0.45248958333333333 0.164234375 0.07477083333333333
9 0.5095000000000001 0.42731250000000004 0.10965625000000001 0.06141666666666667
8 0.28810156249999996 0.71628125 0.119484375 0.08414583333333334
9 0.558171875 0.16867708333333334 0.16615625 0.10914583333333333
9 0.71484375 0.4010416666666667 0.3421875 0.7229166666666667