5 0.95035 0.6894933333333333 0.03882 0.06821333333333333
5 0.9625699999999999 0.626 0.02862 0.04768
5 0.94104 0.6119333333333333 0.03052 0.03352
5 0.95187 0.4842 0.0299 0.031760000000000004
5 0.94466 0.5699466666666666 0.03244 0.03968
5 0.93147 0.5523733333333333 0.02398 0.027893333333333336
5 0.9295 0.47724 0.032920000000000005 0.05416
5 0.97599 0.4662133333333333 0.020059999999999998 0.03605333333333333
5 0.94542 0.43568 0.10916 0.08922666666666666
5 0.97007 0.6387333333333334 0.05986 0.2981066666666667
5 0.9799 0.60048 0.02984 0.04416
5 0.92227 0.52004 0.0415 0.036719999999999996
5 0.96142 0.5573600000000001 0.04468 0.04176
5 0.713 0.6893333333333334 0.518 0.5093333333333333