0 0.249560546875 0.5932499999999999 0.19896484375 0.07234375
0 0.147060546875 0.62940625 0.27646484375 0.0729375
0 0.12058593749999999 0.808234375 0.1529296875 0.0729375
0 0.123525390625 0.7286953125 0.23529296875 0.169421875
0 0.30374999999999996 0.5099609375 0.2590625 0.172328125
0 0.48537109375 0.36492187499999995 0.2015234375 0.0865625
0 0.08591796875 0.8255703125 0.1718359375 0.098484375
0 0.506796875 0.31681250000000005 0.13125 0.0403125
0 0.0752734375 0.8561484374999999 0.150546875 0.074328125
0 0.061044921875 0.9322578125000002 0.12208984375 0.108421875
0 0.5371777343749999 0.28126562499999996 0.15662109375 0.04453125
1 0.744970703125 0.332765625 0.05884765625 0.04059375
1 0.724296875 0.3538515625 0.0806640625 0.059921875