0 0.39528125 0.5138333333333333 0.038093749999999996 0.06045833333333333
0 0.29991406249999997 0.5081979166666667 0.105609375 0.0720625
0 0.242484375 0.5679062500000001 0.03396875 0.05464583333333333
1 0.42395312500000004 0.44096874999999996 0.021812500000000002 0.0320625
1 0.46574218749999996 0.4237916666666667 0.196578125 0.11441666666666667
0 0.3725625 0.46091666666666664 0.03425 0.061875
0 0.14678125 0.5755937499999999 0.07309375 0.0803125
0 0.39564062499999997 0.5998541666666667 0.0900625 0.13724999999999998
0 0.3039375 0.5773229166666666 0.03515625 0.07589583333333333
0 0.48442968750000004 0.5694583333333334 0.096078125 0.08595833333333333
0 0.4135859375 0.4989895833333333 0.10889062499999999 0.08610416666666666
0 0.30778906250000004 0.44945833333333335 0.060421875 0.07233333333333333
0 0.22927343749999998 0.5579270833333333 0.042515625 0.06339583333333333
0 0.197 0.5808541666666667 0.060406249999999995 0.09695833333333333
0 0.3296875 0.5375 0.490625 0.2708333333333333