4 0.5104140625 0.34398263027295284 0.202984375 0.6141191066997519
4 0.399296875 0.3905955334987593 0.11409375 0.26352357320099257
4 0.478359375 0.9644540942928038 0.090125 0.06712158808933003
4 0.4074453125 0.1425062034739454 0.22223437499999998 0.2752853598014888
4 0.46271874999999996 0.7908684863523574 0.1541875 0.38287841191067
4 0.7471328125 0.47977667493796533 0.158484375 0.2539454094292804
4 0.5433749999999999 0.11854838709677419 0.14150000000000001 0.2269727047146402
4 0.3771015625 0.8569230769230769 0.091984375 0.2404466501240695
4 0.68271875 0.6744416873449132 0.06553125 0.1592555831265509
4 0.617421875 0.8813895781637717 0.194625 0.21558312655086848
4 0.6585390624999999 0.17715880893300248 0.12051562499999999 0.2501488833746898