4 0.13050781250000001 0.5776280834914611 0.111484375 0.10436432637571158
4 0.5638125 0.4976470588235294 0.104625 0.08235294117647059
4 0.6616171874999999 0.32388045540796967 0.11767187500000001 0.14954459203036052
7 0.4570546875 0.502685009487666 0.914109375 0.966280834914611
4 0.22884374999999996 0.11310246679316889 0.10434375 0.08347248576850096
4 0.064765625 0.1848292220113852 0.1184375 0.08988614800759012
4 0.3468671875 0.09447817836812146 0.07964062499999999 0.09248576850094876
4 0.6174765625 0.2035294117647059 0.039203125 0.04975332068311195
4 0.33703125 0.678965844402277 0.12078124999999999 0.10195445920303604
4 0.47466406250000004 0.3984440227703985 0.088265625 0.10876660341555977
4 0.015921875 0.5801043643263758 0.03184375 0.08313092979127135