0 0.2727586206896552 0.41010937499999994 0.32381338742393506 0.1505625
1 0.652474645030426 0.5623437499999999 0.09208924949290061 0.07365625
1 0.7344117647058823 0.54096875 0.2632657200811359 0.16693750000000002
0 0.166683569979716 0.56153125 0.09612576064908722 0.05915625
3 0.1817545638945233 0.6453828125000001 0.09949290060851926 0.072890625
3 0.2552231237322515 0.6819140625 0.08565922920892494 0.07585937499999999
3 0.18342799188640976 0.713 0.1413793103448276 0.068625
3 0.3299797160243408 0.693375 0.11975659229208925 0.076625
3 0.46700811359026373 0.702234375 0.08947261663286003 0.0785
3 0.3988438133874239 0.7200624999999999 0.07878296146044625 0.06293750000000001
3 0.3327789046653144 0.6483828125000001 0.08462474645030425 0.036109375
3 0.3897261663286004 0.676125 0.056166328600405685 0.03028125
3 0.4448782961460447 0.7529453125 0.027241379310344826 0.015421874999999998
3 0.2894929006085193 0.7392109375 0.09732251521298174 0.033265625
3 0.38294117647058823 0.762796875 0.09817444219066937 0.07015625