1 0.9392968749999999 0.07528103044496488 0.12140625000000001 0.15056206088992977
1 0.5482265625 0.23646370023419203 0.176921875 0.28088992974238874
1 0.3599453125 0.18982435597189698 0.214484375 0.3120608899297424
1 0.2065390625 0.3666861826697892 0.198515625 0.293559718969555
1 0.026984374999999998 0.7443793911007026 0.053968749999999996 0.2876346604215457
1 0.801671875 0.7128337236533958 0.19384375 0.2837939110070258
1 0.5803671875 0.522400468384075 0.184046875 0.29440281030444965
1 0.34483593749999997 0.6917564402810304 0.23089062500000002 0.3281030444964871
1 0.6118359375 0.8085128805620608 0.19148437499999998 0.3004449648711944
1 0.9003124999999998 0.4618032786885246 0.199375 0.3078688524590164
1 0.35757812499999997 0.9142271662763466 0.20840625 0.15281030444964872
1 0.1519765625 0.8803278688524591 0.176078125 0.23934426229508196
1 0.141234375 0.6311709601873536 0.19928125000000002 0.2753161592505855
1 0.7296875 0.8009367681498829 0.5375 0.39344262295081966