4 0.397953125 0.6823536299765808 0.18053125 0.27295081967213114
4 0.228125 0.2789227166276346 0.10625 0.17330210772833723
4 0.12166406250000002 0.47529274004683847 0.177390625 0.14590163934426228
4 0.49018750000000005 0.4394379391100703 0.10459375 0.12543325526932084
7 0.5007499999999999 0.532576112412178 0.9984999999999999 0.9123653395784543
4 0.1521796875 0.6494379391100703 0.112453125 0.1438407494145199
4 0.73840625 0.7415690866510538 0.18740625 0.22023419203747074
4 0.370859375 0.4826229508196721 0.15009375 0.08215456674473068
4 0.66596875 0.8767798594847775 0.16984375000000002 0.24644028103044496
4 0.3453984375 0.3960421545667447 0.12410937500000001 0.12969555035128807
4 0.8344140624999999 0.5636299765807963 0.109171875 0.10908665105386417
4 0.6836875 0.3941451990632318 0.12084375 0.10866510538641685
4 0.5026249999999999 0.5247658079625293 0.15128124999999998 0.08269320843091335