4 0.8152941176470588 0.5364705882352941 0.21411764705882352 0.21176470588235294
4 0.5763153594771242 0.6350326797385621 0.16573529411764706 0.1618954248366013
4 0.4992892156862745 0.2199591503267974 0.05946078431372549 0.15946078431372548
3 0.3606535947712418 0.3922058823529412 0.09398692810457517 0.09398692810457517
3 0.44998366013071894 0.41370098039215686 0.08633986928104576 0.08743464052287582
3 0.33109477124183007 0.26643790849673205 0.08947712418300653 0.085
3 0.17672385620915032 0.371609477124183 0.06776143790849673 0.059526143790849674
3 0.25238562091503264 0.3947957516339869 0.059379084967320264 0.05936274509803921
3 0.3032352941176471 0.4259640522875817 0.055947712418300655 0.055098039215686276
3 0.31961601307189547 0.4780882352941176 0.06001633986928104 0.060653594771241826
3 0.30899509803921565 0.3438235294117647 0.05168300653594771 0.06741830065359476
3 0.25569444444444445 0.4774183006535948 0.06501633986928104 0.06800653594771242
3 0.304795751633987 0.5392728758169935 0.06612745098039216 0.0644281045751634
3 0.4382761437908497 0.30033496732026144 0.08998366013071896 0.09191176470588236
3 0.2306372549019608 0.3120343137254902 0.07235294117647059 0.07086601307189543
3 0.19897875816993466 0.5037091503267973 0.06282679738562091 0.05990196078431372
4 0.5804738562091504 0.2128104575163399 0.16816993464052288 0.19424836601307188
4 0.6533415032679739 0.22166666666666665 0.025049019607843136 0.03718954248366013
3 0.30718954248366015 0.5187908496732027 0.3954248366013072 0.24673202614379086