8 0.6864453125 0.650480093676815 0.094296875 0.09421545667447306
8 0.609796875 0.6293091334894614 0.09734374999999999 0.07702576112412178
8 0.5278203124999999 0.624976580796253 0.078015625 0.07014051522248244
8 0.5593984375 0.7533606557377049 0.10495312500000001 0.08185011709601875
8 0.7538359375 0.672751756440281 0.088046875 0.07562060889929742
8 0.4449921875 0.7150585480093677 0.096359375 0.05466042154566745
8 0.65884375 0.7370257611241218 0.04228125 0.046557377049180323
8 0.4799531249999999 0.6730444964871194 0.09715625 0.06908665105386416
8 0.5285546875 0.6978454332552694 0.08707812499999999 0.0853864168618267
8 0.72709375 0.7247423887587823 0.04715625 0.060866510538641685
8 0.741421875 0.7588173302107728 0.0486875 0.06733021077283373