8 0.4042109375 0.2603125 0.076359375 0.049041666666666664
8 0.542828125 0.21104166666666666 0.0788125 0.06133333333333334
8 0.39884375 0.22660416666666666 0.08240625 0.059958333333333336
8 0.4682109375 0.2113854166666667 0.074296875 0.0523125
8 0.559296875 0.2519791666666667 0.08421875 0.06425
8 0.480625 0.25346875 0.07715625000000001 0.05772916666666667
8 0.6386171875 0.24929166666666666 0.078359375 0.058208333333333334
8 0.55378125 0.2726145833333333 0.076 0.0283125
8 0.6349921875 0.27260416666666665 0.085015625 0.035166666666666666
8 0.47809374999999993 0.27630208333333334 0.082875 0.0315625
8 0.336234375 0.54359375 0.14290624999999998 0.15589583333333332