0 0.259984375 0.32821874999999995 0.100625 0.13135416666666666
0 0.543859375 0.347125 0.09625 0.14
0 0.613375 0.38086458333333334 0.04559375 0.0989375
0 0.6993203125 0.35435416666666664 0.133078125 0.11712499999999999
0 0.6734765625 0.3065 0.097265625 0.07229166666666667
0 0.6790546875 0.19633333333333336 0.085828125 0.061625
0 0.41115625 0.3300416666666667 0.0878125 0.122625
0 0.7185 0.15705208333333331 0.07646875 0.04710416666666666
0 0.228875 0.24077083333333332 0.0846875 0.05679166666666667
0 0.46187500000000004 0.42716666666666664 0.11053125 0.13708333333333333
0 0.16934375000000002 0.38144791666666666 0.113125 0.12477083333333333
0 0.7654453125 0.3126875 0.096734375 0.10695833333333334
0 0.496875 0.25833333333333336 0.79375 0.3958333333333333