4 0.5665899999999999 0.623471615720524 0.5483 0.5938864628820961
4 0.8513099999999999 0.34470524017467247 0.29738 0.5529475982532751
4 0.49356000000000005 0.18706331877729257 0.69832 0.37412663755458514
5 0.24893 0.6254585152838428 0.10882 0.13109170305676857
5 0.17862 0.3112117903930131 0.07976000000000001 0.06351528384279476
5 0.33734000000000003 0.10072052401746726 0.05832 0.047860262008733626
4 0.06484000000000001 0.8348362445414848 0.12556 0.1730349344978166
4 0.05867 0.25168122270742355 0.11734 0.23820960698689955
4 0.05943 0.5024563318777293 0.11886 0.17224890829694323
4 0.07396 0.35390829694323145 0.08816 0.1377292576419214
5 0.42319 0.23398471615720523 0.09678 0.07740174672489084