1 0.062058823529411763 0.593671875 0.06825882352941177 0.0314375
1 0.11776470588235295 0.6227734375 0.056423529411764706 0.025296875000000003
1 0.2616 0.6131484375 0.06922352941176471 0.041578125
1 0.22370588235294114 0.6424765625 0.05371764705882352 0.028078125
1 0.5313176470588236 0.483390625 0.055435294117647055 0.028875
1 0.32124705882352944 0.609796875 0.057882352941176475 0.02809375
1 0.16870588235294118 0.6258046875 0.04531764705882353 0.019921875
3 0.6381882352941177 0.789265625 0.1700705882352941 0.12262500000000001
3 0.38728235294117647 0.8822421874999999 0.2195058823529412 0.138328125
3 0.8410705882352942 0.72596875 0.21080000000000002 0.12259374999999999
3 0.858764705882353 0.8652265625 0.22872941176470588 0.163203125
3 0.6032000000000001 0.9216953125 0.2031529411764706 0.15226562500000002
3 0.5244 0.8206171875000001 0.1779294117647059 0.102578125
3 0.7734117647058824 0.7055859375000001 0.16531764705882354 0.113171875
3 0.48937647058823525 0.7756875000000001 0.1491529411764706 0.06728125
3 0.7749411764705882 0.9157265625 0.23689411764705884 0.141578125
3 0.7306823529411766 0.7994375 0.09289411764705882 0.08121874999999999
3 0.975494117647059 0.7932890625 0.04901176470588235 0.122484375
3 0.9372823529411766 0.6626484375 0.12374117647058824 0.080765625
1 0.4557647058823529 0.49233593749999993 0.04207058823529412 0.015453125000000002
1 0.4791647058823529 0.45871874999999995 0.33122352941176475 0.09009375
3 0.9403764705882353 0.757234375 0.11924705882352941 0.1119375