8 0.46404411764705883 0.5662908496732026 0.13259803921568628 0.13032679738562092
8 0.5593872549019608 0.5237254901960784 0.13050653594771242 0.14016339869281047
8 0.6365686274509804 0.45571078431372547 0.13454248366013072 0.1306045751633987
8 0.730718954248366 0.4129084967320261 0.09803921568627451 0.10784313725490197
8 0.12022058823529412 0.7524346405228758 0.1370751633986928 0.1168627450980392
8 0.5752777777777778 0.11535130718954248 0.1438235294117647 0.1370751633986928
8 0.4986683006535947 0.48584150326797393 0.10161764705882352 0.08119281045751633
8 0.23137254901960783 0.7887254901960784 0.1254248366013072 0.07973856209150326
8 0.1543627450980392 0.850923202614379 0.10970588235294118 0.07413398692810456
8 0.21867647058823528 0.7014542483660131 0.13790849673202615 0.11738562091503268
8 0.42829248366013073 0.08436274509803922 0.11357843137254903 0.1277777777777778
8 0.276593137254902 0.039068627450980394 0.14665032679738563 0.07163398692810458
8 0.08316176470588235 0.3719035947712418 0.15890522875816993 0.1081862745098039
9 0.2854493464052288 0.39722222222222225 0.12772875816993465 0.08052287581699347
9 0.18786764705882353 0.4504084967320261 0.14161764705882354 0.08052287581699347