6 0.3205390625 0.57803125 0.08004687499999999 0.0550625
6 0.287875 0.5999375 0.0786875 0.062375
6 0.3461328125 0.5538854166666667 0.081078125 0.0573125
6 0.3786484375 0.540875 0.084328125 0.049958333333333334
6 0.381765625 0.5139166666666667 0.07840625 0.050333333333333334
6 0.5023671875 0.49370833333333336 0.08492187500000001 0.04775
6 0.44598437499999993 0.4493854166666667 0.07468749999999999 0.03277083333333333
6 0.4802890625 0.41522916666666665 0.066546875 0.034583333333333334
6 0.49620312499999997 0.40117708333333335 0.06643750000000001 0.0378125
6 0.244421875 0.5398333333333334 0.07353125 0.050791666666666666
6 0.299421875 0.5004270833333334 0.07728125 0.0340625
6 0.3405625 0.4473645833333333 0.0570625 0.026312500000000003
5 0.535640625 0.45865625 0.0666875 0.03810416666666667
6 0.3885078125 0.39978125000000003 0.065796875 0.028520833333333332
6 0.321875 0.50625 0.571875 0.32083333333333336