0 0.49393750000000003 0.45528124999999997 0.02175 0.029770833333333333
0 0.124125 0.411875 0.12084375 0.16758333333333333
0 0.19689843749999997 0.5184583333333334 0.108421875 0.149875
0 0.2450078125 0.7061354166666667 0.121296875 0.20760416666666667
0 0.296125 0.6718437500000001 0.04434375 0.06614583333333333
0 0.3522265625 0.22993750000000002 0.269140625 0.17583333333333334
0 0.5488984375 0.2544895833333333 0.138828125 0.17785416666666667
0 0.69575 0.2583020833333333 0.12175 0.15389583333333334
0 0.3446640625 0.399625 0.207296875 0.18875
0 0.46538281249999996 0.4977708333333333 0.035953125 0.025583333333333333
0 0.4513359375 0.5375520833333333 0.207359375 0.20877083333333332
0 0.34133593749999996 0.6744895833333333 0.027953125000000002 0.024729166666666667
0 0.572265625 0.5208437499999999 0.1171875 0.14322916666666666
0 0.4453125 0.46145833333333336 0.71875 0.71875