3 0.6929859484777517 0.39059374999999996 0.08817330210772834 0.05646875
3 0.519718969555035 0.4131171875 0.07339578454332553 0.050546875000000005
3 0.38240046838407493 0.40403906250000005 0.07899297423887587 0.040546874999999996
3 0.6251170960187354 0.38196875 0.0514519906323185 0.02228125
3 0.47137002341920375 0.38589843749999997 0.07098360655737705 0.023671875000000002
3 0.16395784543325528 0.44778906250000006 0.06613583138173301 0.021046875
3 0.23701405152224825 0.42787500000000006 0.08189695550351288 0.02515625
3 0.577096018735363 0.39424218750000006 0.0507728337236534 0.031890625
3 0.6124355971896955 0.40686718749999995 0.09377049180327869 0.052796875
3 0.7275175644028103 0.40953125 0.14018735362997659 0.0356875
3 0.45900468384074944 0.40646875 0.05515222482435597 0.021843750000000002
3 0.42357142857142854 0.4177734375 0.7547306791569086 0.096703125
1 0.4870843091334895 0.3596953125 0.05908665105386417 0.022484375
1 0.3959718969555035 0.365 0.05826697892271662 0.01815625
1 0.35949648711943794 0.36827343749999997 0.03402810304449649 0.009953125