4 0.6762581699346405 0.6562908496732027 0.12401960784313726 0.10104575163398694
4 0.3262908496732026 0.1692483660130719 0.14555555555555555 0.13614379084967318
4 0.4976388888888889 0.6438725490196079 0.2547222222222222 0.23820261437908496
4 0.40705882352941175 0.52 0.2164705882352941 0.13647058823529412
4 0.727859477124183 0.7301225490196078 0.06777777777777777 0.060310457516339865
4 0.48288398692810464 0.08820261437908497 0.07998366013071896 0.14398692810457517
4 0.696968954248366 0.7092320261437909 0.06897058823529412 0.075359477124183
4 0.36252450980392154 0.6589787581699347 0.10501633986928104 0.15923202614379087
7 0.5126143790849673 0.6750980392156862 0.5586274509803921 0.4898366013071895
7 0.3402614379084967 0.16103758169934643 0.43117647058823527 0.31687908496732026
7 0.8281290849673203 0.07422385620915033 0.34374183006535947 0.14583333333333334
7 0.9470424836601306 0.3931454248366013 0.10591503267973855 0.4113235294117647