8 0.7578437499999999 0.70278125 0.09128125000000001 0.03797916666666667
8 0.7617499999999999 0.6504791666666667 0.080875 0.07941666666666666
8 0.681359375 0.65225 0.095125 0.08499999999999999
8 0.6005546875 0.5813124999999999 0.083265625 0.07608333333333334
8 0.5928359375 0.6326041666666666 0.08251562500000001 0.069125
8 0.8395468749999999 0.6455833333333333 0.08471875 0.08245833333333333
8 0.678703125 0.5868958333333333 0.07731249999999999 0.063125
8 0.7576328125 0.5855416666666666 0.086546875 0.06391666666666666
8 0.6661875 0.6901666666666667 0.07921875 0.03295833333333333
8 0.5806875 0.6784791666666667 0.0849375 0.041291666666666664
8 0.835109375 0.5981145833333333 0.08240625 0.06710416666666667
8 0.8476406249999998 0.70440625 0.0783125 0.035062499999999996