4 0.5627890625 0.3611709601873536 0.089484375 0.1576580796252927
4 0.32769531250000006 0.7621077283372364 0.157859375 0.19189695550351288
4 0.6426875 0.8760655737704919 0.25503125 0.17555035128805618
4 0.8461484374999999 0.39881733021077287 0.257453125 0.36470725995316156
4 0.87690625 0.7618384074941452 0.14603125 0.17468384074941454
4 0.33028124999999997 0.17156908665105383 0.14084375 0.10468384074941453
4 0.46075 0.8247072599531615 0.10518749999999999 0.25175644028103045
4 0.5775 0.5801873536299766 0.08496875000000001 0.16271662763466044
4 0.312234375 0.6302459016393442 0.08678125 0.10494145199063232
4 0.5987421875000001 0.12237704918032785 0.092890625 0.1486416861826698
4 0.9413359374999999 0.3927985948477752 0.105265625 0.23964871194379392
4 0.67465625 0.7554683840749414 0.09028125000000001 0.11070257611241219
4 0.36208593749999995 0.29352459016393445 0.07698437500000001 0.07833723653395785
4 0.56328125 0.48360655737704916 0.8703125 0.9203747072599532