5 0.41834 0.7265066666666666 0.12404000000000001 0.19845333333333334
5 0.29363 0.6556666666666666 0.14506 0.05896
5 0.7583300000000001 0.5520133333333334 0.05866 0.051173333333333335
5 0.42701 0.25164 0.0839 0.12552
5 0.54108 0.20274666666666666 0.07972 0.07162666666666667
5 0.7715299999999999 0.6694666666666667 0.05694 0.06463999999999999
5 0.6081400000000001 0.6878666666666666 0.12664 0.07402666666666667
5 0.7895300000000001 0.8406266666666665 0.17318 0.12013333333333333
5 0.58777 0.8951333333333333 0.03706 0.045893333333333335
5 0.6354599999999999 0.1784666666666667 0.07556 0.09416000000000001
5 0.25351 0.3734533333333333 0.10593999999999999 0.04824
5 0.41208 0.48955999999999994 0.07551999999999999 0.09624
5 0.75243 0.35414666666666667 0.04846 0.15416000000000002
5 0.604 0.5026666666666667 0.508 0.7813333333333333