4 0.7221328124999999 0.31999999999999995 0.555734375 0.6305854800936768
5 0.423859375 0.42235362997658077 0.07534375 0.5152927400468384
5 0.3948203125 0.3823536299765808 0.042390625 0.40704918032786885
5 0.365640625 0.389519906323185 0.03740625 0.3812412177985948
5 0.2951875 0.5983021077283373 0.04278125 0.33988290398126464
5 0.1043125 0.4714871194379391 0.07553125000000001 0.4277049180327869
5 0.2336796875 0.42991803278688523 0.039921875 0.11173302107728338
5 0.0474296875 0.522271662763466 0.093296875 0.3452459016393442
5 0.3419375 0.5651170960187354 0.056374999999999995 0.3551053864168618
5 0.33527343750000005 0.6184543325526932 0.040984375 0.20894613583138172
5 0.1883828125 0.4670608899297424 0.037671875 0.3882201405152225
5 0.13390625 0.642248243559719 0.06421875 0.3614988290398127
4 0.6583125000000001 0.07340749414519906 0.09228125000000001 0.1085480093676815
5 0.48210937499999995 0.3581850117096019 0.05553125 0.1773536299765808
5 0.5947812499999999 0.918864168618267 0.124125 0.13177985948477752
5 0.25094531249999996 0.5109016393442622 0.057328124999999994 0.17266978922716628
5 0.32890625 0.509367681498829 0.2703125 0.5550351288056206