0 0.7511640625 0.18373774509803922 0.016984375 0.04884803921568628
0 0.7061015625 0.27770833333333333 0.061734374999999994 0.09095588235294118
0 0.7432421874999999 0.2936887254901961 0.024109375 0.09767156862745098
0 0.7827968750000001 0.24180147058823528 0.0335 0.0695343137254902
0 0.9839765625 0.5743382352941176 0.032046875 0.06593137254901961
0 0.7997109375 0.099375 0.009890625 0.03747549019607843
0 0.7248281249999999 0.18408088235294118 0.027437499999999997 0.04409313725490196
0 0.7451953125 0.14708333333333334 0.189078125 0.15519607843137254
0 0.7370625000000001 0.21535539215686278 0.02434375 0.1033578431372549
0 0.7021953125 0.22077205882352938 0.047703125 0.09737745098039215
0 0.7583046875 0.22242647058823528 0.016140625 0.05946078431372549
0 0.76125 0.2910906862745098 0.01596875 0.07120098039215686
0 0.79528125 0.6293995098039216 0.0306875 0.03958333333333333
0 0.8625 0.38112745098039214 0.25 0.4583333333333333