0 0.8188125000000002 0.5092110874200426 0.08028125 0.08063965884861407
0 0.84046875 0.542228144989339 0.06828125 0.055245202558635395
0 0.7566953125 0.47239872068230276 0.034578125 0.04270788912579958
0 0.8211171875 0.6261300639658848 0.067671875 0.04053304904051173
0 0.0233828125 0.9239232409381662 0.046765625 0.1486993603411514
0 0.9698515624999999 0.7251279317697229 0.06029687500000001 0.0750319829424307
0 0.6356484375 0.9280277185501066 0.062578125 0.05618336886993604
0 0.34884375 0.4493923240938167 0.0298125 0.021940298507462683
0 0.730578125 0.4661513859275053 0.01934375 0.05277185501066098
0 0.6705625000000001 0.6300426439232409 0.03846875 0.08622601279317697
0 0.378 0.2681449893390192 0.02378125 0.03816631130063965
0 0.252515625 0.5250319829424307 0.010906250000000001 0.0185501066098081
0 0.5775390625 0.9251492537313433 0.050734375 0.056609808102345414
0 0.54296875 0.4989339019189765 0.9109375 0.997867803837953