8 0.5129687500000001 0.752640625 0.13677083333333334 0.09453125
8 0.4539270833333333 0.8685390625 0.14681249999999998 0.110109375
8 0.3307395833333333 0.7624765625000001 0.14214583333333333 0.091953125
8 0.40621875 0.69996875 0.13472916666666668 0.088625
8 0.73159375 0.9110703124999999 0.15522916666666667 0.111890625
8 0.3199166666666667 0.3080625 0.27458333333333335 0.15225
8 0.16016666666666665 0.773296875 0.14633333333333332 0.1066875
8 0.8553125 0.34157812499999995 0.289375 0.10334375
8 0.2516875 0.6716484374999999 0.14933333333333335 0.094984375
8 0.7775312500000001 0.8089921875 0.17677083333333332 0.112359375
8 0.3154791666666667 0.5868515624999999 0.112625 0.069390625
8 0.8421249999999999 0.704875 0.138125 0.0980625
8 0.9315104166666667 0.8065859375000001 0.13172916666666665 0.116171875
8 0.5 0.48984375 0.9958333333333333 0.8546875