0 0.7022734374999999 0.8431455399061033 0.513046875 0.289906103286385
0 0.102421875 0.7209154929577465 0.17984375 0.1579342723004695
0 0.6744765625 0.5743075117370892 0.148390625 0.23335680751173707
0 0.9027578125 0.6954460093896714 0.108296875 0.0780281690140845
0 0.5476953124999999 0.5522652582159624 0.11151562500000001 0.1186150234741784
0 0.6012265625 0.5089084507042254 0.095609375 0.12068075117370891
0 0.83321875 0.6725234741784037 0.03484375 0.06035211267605634
0 0.7419609374999999 0.4364553990610328 0.038328125000000005 0.07281690140845071
0 0.42633593750000004 0.7417840375586855 0.127484375 0.19732394366197184
0 0.5616875 0.3430281690140845 0.08896875 0.0788262910798122
0 0.5402812499999999 0.41819248826291083 0.12621875 0.08830985915492957
0 0.47808593749999995 0.5581807511737089 0.022546875 0.06950704225352113