4 0.6211015625 0.8000833333333333 0.177078125 0.2065833333333333
4 0.48706250000000006 0.8458854166666667 0.13059375 0.18589583333333334
4 0.3509296875 0.7576354166666667 0.155078125 0.15677083333333333
4 0.446 0.6590729166666666 0.14440625 0.16489583333333335
4 0.34411718750000003 0.6505833333333333 0.109421875 0.13883333333333334
5 0.38646875 0.24000000000000002 0.05646875 0.17883333333333334
5 0.4498203125 0.22535416666666663 0.086265625 0.17841666666666667
5 0.3995078125 0.3459375 0.280265625 0.3902083333333334
4 0.49513281249999996 0.5436354166666667 0.054359375 0.09664583333333333
4 0.5420078125 0.5938437499999999 0.129140625 0.17460416666666667
4 0.39453125 0.5273541666666667 0.140625 0.14583333333333334