0 0.21353125 0.5117708333333334 0.134125 0.26587500000000003
0 0.5108828125 0.61490625 0.142953125 0.25177083333333333
0 0.29205468749999997 0.5329375 0.29117187499999997 0.33645833333333336
0 0.44595312499999995 0.36053125 0.37403125 0.2686458333333333
0 0.575296875 0.2686875 0.43059375 0.19529166666666667
0 0.6811796875 0.6741145833333333 0.095296875 0.30822916666666667
0 0.7510546875 0.6140833333333333 0.183796875 0.28733333333333333
0 0.547953125 0.6551666666666667 0.09265625 0.30274999999999996
0 0.6303359375 0.7089895833333333 0.053921874999999994 0.3078541666666667
0 0.7904453124999999 0.46404166666666663 0.316859375 0.289875
0 0.586046875 0.6803750000000001 0.052125 0.30716666666666664