4 0.4483046875 0.32581249999999995 0.145140625 0.15966666666666668
4 0.35466406250000004 0.5731145833333334 0.185734375 0.19102083333333333
4 0.6990624999999999 0.6009166666666667 0.06959375 0.06158333333333333
4 0.7377968749999999 0.7018125000000001 0.19503125 0.26845833333333335
4 0.5911796874999999 0.6282395833333333 0.15882812500000001 0.2070625
4 0.1994140625 0.9011770833333334 0.109421875 0.14589583333333334
4 0.6723515625 0.28822916666666665 0.144703125 0.12000000000000001
4 0.499703125 0.5188645833333333 0.12559375 0.1155625
4 0.42253125 0.6773854166666667 0.06584375 0.11264583333333333
4 0.8314296875 0.49130208333333336 0.06689062500000001 0.10893749999999999
4 0.26768749999999997 0.4102604166666667 0.14965625 0.19268749999999998
4 0.6875078125 0.5014479166666667 0.056171875 0.050979166666666666
4 0.0897734375 0.7057083333333333 0.098828125 0.15504166666666666
4 0.49765625 0.6208333333333333 0.8078125 0.7541666666666667