8 0.7504296875 0.49414583333333334 0.037609375 0.04679166666666667
8 0.619046875 0.4874583333333334 0.0384375 0.047374999999999994
8 0.70859375 0.49076041666666664 0.039218750000000004 0.0490625
8 0.26228124999999997 0.43187499999999995 0.04034375 0.05379166666666667
8 0.238 0.4934895833333333 0.03634375 0.050020833333333334
8 0.8094765624999999 0.4888645833333333 0.038015625 0.0559375
8 0.8477421875 0.492 0.036359375 0.05120833333333333
8 0.4142421875 0.49532291666666667 0.036796875 0.05677083333333333
8 0.5754375 0.49143749999999997 0.0409375 0.050708333333333334
8 0.7627343750000001 0.4255520833333334 0.028875 0.046187500000000006
8 0.15421093749999998 0.3268229166666667 0.046015625 0.06177083333333333
8 0.6701250000000001 0.5026041666666666 0.0350625 0.05454166666666667
8 0.47421875 0.409375 0.8859375 0.23125