4 0.459390625 0.4601145833333333 0.0844375 0.1320625
4 0.35978125 0.24325000000000002 0.13021875 0.16470833333333335
4 0.81615625 0.32634375000000004 0.07765625000000001 0.1270625
4 0.8474140625000001 0.09497916666666667 0.124140625 0.15208333333333332
4 0.24867187500000001 0.46825 0.086625 0.16879166666666665
4 0.12753125 0.11498958333333334 0.0930625 0.1843125
4 0.6776484375 0.05529166666666666 0.088234375 0.105875
4 0.6048046874999999 0.31526041666666665 0.074296875 0.0879375
5 0.5372656250000001 0.5776249999999999 0.12325 0.23208333333333334
4 0.3963046875 0.5384270833333333 0.121921875 0.22760416666666666
4 0.5997421875000001 0.5044895833333334 0.097203125 0.11460416666666666
5 0.32992187500000003 0.11363541666666667 0.0969375 0.13114583333333335
5 0.1978828125 0.3573854166666667 0.074109375 0.10814583333333333
5 0.8235312499999999 0.22241666666666668 0.0408125 0.05975
5 0.83921875 0.1491875 0.05071875 0.07691666666666667
5 0.2350078125 0.21438541666666666 0.066984375 0.08027083333333333