9 0.6115625 0.6820163170163169 0.24703124999999998 0.2943822843822844
9 0.7888671875 0.5036130536130536 0.163265625 0.3100699300699301
8 0.8644453125 0.11298368298368298 0.137546875 0.18442890442890444
8 0.9596406250000001 0.11818181818181817 0.08071874999999999 0.1792074592074592
8 0.95546875 0.019009324009324008 0.0890625 0.038018648018648016
8 0.8358984375 0.31297202797202794 0.16504687499999998 0.12673659673659673
9 0.9131796875000001 0.6141841491841492 0.089265625 0.1651981351981352
9 0.720328125 0.416025641025641 0.04684375 0.12445221445221445
9 0.49740625000000005 0.5923426573426573 0.082125 0.0871095571095571
9 0.9005000000000001 0.43844988344988345 0.11859375000000001 0.18878787878787878
9 0.8304921875 0.6883100233100233 0.295984375 0.3116783216783217
9 0.4254921875 0.7142773892773893 0.229734375 0.15764568764568765
9 0.177921875 0.6802447552447553 0.25984375000000004 0.28393939393939394