8 0.51334375 0.5557042253521126 0.2744375 0.3952582159624413
8 0.5930703125 0.23235915492957745 0.191140625 0.1461737089201878
8 0.7238046875 0.6019835680751173 0.156078125 0.1641549295774648
8 0.6928203125000001 0.5091784037558686 0.162828125 0.21647887323943663
8 0.31978906250000005 0.5329929577464789 0.145078125 0.23129107981220656
8 0.54325 0.6896478873239437 0.19146875000000002 0.17577464788732394
8 0.3427109375 0.7247769953051643 0.234015625 0.23650234741784038
8 0.6159453125 0.7642840375586853 0.26364062499999996 0.2034507042253521
8 0.7742656250000001 0.619131455399061 0.106375 0.18751173708920188
8 0.4245 0.33447183098591554 0.21106250000000001 0.27274647887323944
8 0.6543125 0.3448943661971831 0.05040625 0.06321596244131455
8 0.707765625 0.34332159624413144 0.06837499999999999 0.14298122065727698
9 0.514734375 0.6078169014084507 0.23625 0.3083098591549296
9 0.720984375 0.5987441314553991 0.15015625 0.15927230046948354
9 0.6819921875 0.3403403755868545 0.11204687499999999 0.13269953051643193