8 0.40853629976580796 0.7996718749999999 0.09730679156908664 0.0653125
8 0.48317330210772835 0.8157578125 0.10194379391100702 0.056921875
8 0.3849648711943794 0.9437031250000001 0.1663231850117096 0.0734375
3 0.6508430913348945 0.752765625 0.16159250585480095 0.04996875
8 0.1785831381733021 0.8423671874999998 0.10747072599531617 0.055640625
3 0.7780093676814989 0.724828125 0.07512880562060889 0.0231875
3 0.7468735362997657 0.74625 0.047517564402810304 0.0258125
8 0.4490046838407494 0.901640625 0.14334894613583138 0.053125
8 0.221135831381733 0.8011796875 0.10245901639344263 0.056765625
8 0.3185480093676815 0.7965078125 0.09391100702576113 0.06489062500000001
8 0.3324355971896955 0.8653593749999999 0.13939110070257613 0.06103125