0 0.4255625 0.5647916666666667 0.27134375 0.7707916666666667
0 0.1723671875 0.8104270833333334 0.065578125 0.060520833333333336
0 0.1923828125 0.8211041666666666 0.21967187500000002 0.2998333333333333
0 0.72021875 0.6101041666666666 0.061125 0.052958333333333336
0 0.6866562500000001 0.5952708333333334 0.194625 0.25708333333333333
0 0.5751718749999999 0.7648124999999999 0.026250000000000002 0.035
0 0.7901953125 0.5447604166666667 0.135421875 0.25956250000000003
0 0.48442187500000006 0.5669375 0.03528125 0.034625
0 0.6337109375 0.42753125 0.131453125 0.2921458333333333
0 0.505875 0.17046875 0.12009375 0.13889583333333333
0 0.6137890625 0.66278125 0.104265625 0.18835416666666666
0 0.47859375000000004 0.41072916666666665 0.028749999999999998 0.05279166666666667
0 0.482265625 0.5284375 0.043 0.059583333333333335