1 0.783484375 0.421375 0.10115624999999999 0.134875
5 0.24962499999999999 0.7732604166666667 0.061343749999999996 0.19272916666666667
5 0.299078125 0.79765625 0.042249999999999996 0.18947916666666667
5 0.365140625 0.7819999999999999 0.07209375 0.11779166666666667
5 0.38391406250000004 0.7602395833333334 0.094109375 0.15102083333333333
5 0.38586718750000004 0.907375 0.093140625 0.15833333333333333
1 0.9002890625000001 0.4180520833333333 0.088265625 0.11185416666666666
1 0.84178125 0.2778333333333333 0.09821875 0.126875
5 0.33240625 0.9038645833333334 0.02915625 0.09114583333333333
5 0.2064609375 0.8786458333333333 0.029765625 0.12020833333333333
5 0.20471093749999997 0.8253541666666667 0.033390625 0.11291666666666668
5 0.2100703125 0.7327916666666667 0.034296875 0.109
5 0.32136718750000004 0.7651666666666667 0.029859375 0.17791666666666667
5 0.23206249999999998 0.884625 0.0481875 0.08145833333333334
4 0.9282734375 0.8069791666666667 0.048390625 0.05595833333333333
4 0.9314531250000002 0.7479479166666666 0.10565625000000001 0.18789583333333332