9 0.3146640625 0.6160208333333334 0.026953125 0.02975
9 0.3924765625 0.6138229166666667 0.028109375 0.028395833333333335
9 0.3435703125 0.6328958333333332 0.033390625 0.04516666666666667
9 0.5359921875 0.6102291666666666 0.049234375000000004 0.059666666666666666
9 0.30550781250000003 0.6844270833333332 0.040890625 0.03960416666666667
9 0.3105078125 0.6479687500000001 0.045515625 0.0353125
9 0.3446328125 0.6710104166666667 0.046640625000000005 0.0389375
9 0.41817187499999997 0.6503229166666666 0.035375000000000004 0.034645833333333334
9 0.377296875 0.6571145833333333 0.04153125 0.03677083333333333
9 0.27284375 0.67334375 0.04609375 0.03910416666666667
9 0.6702109375 0.74828125 0.030546875 0.0348125
9 0.697078125 0.7458020833333333 0.028249999999999997 0.03247916666666666
9 0.41707031250000004 0.6249166666666668 0.026734374999999998 0.030375