8 0.435421875 0.096125 0.03396875 0.022791666666666665
8 0.4783046875 0.099 0.036515625 0.02783333333333333
8 0.5103671875000001 0.09997916666666666 0.015546874999999998 0.024041666666666666
8 0.657921875 0.6001458333333333 0.0315 0.051875
8 0.43421875 0.13667708333333334 0.031656250000000004 0.021104166666666667
8 0.6286796875 0.94890625 0.066328125 0.05552083333333333
8 0.622859375 0.8962395833333333 0.06459375 0.0566875
8 0.3997578125 0.096 0.035015625 0.028333333333333332
8 0.389703125 0.13186458333333334 0.030593749999999996 0.02272916666666667
9 0.6169765624999999 0.8448541666666666 0.063953125 0.057291666666666664
9 0.353125 0.8096145833333332 0.060406249999999995 0.0610625
9 0.6853359375 0.7845520833333333 0.044203124999999996 0.08056250000000001
9 0.7420390625000001 0.8343958333333333 0.051140624999999995 0.07691666666666667
9 0.7829765625 0.7044479166666666 0.040828125 0.06935416666666666
9 0.6893906249999999 0.5978854166666667 0.033375 0.051770833333333335
9 0.7889609375 0.8363645833333333 0.038953125 0.06752083333333332
9 0.832796875 0.8311666666666666 0.04090625 0.07791666666666666
9 0.4083984375 0.86453125 0.065203125 0.060270833333333336
9 0.40940624999999997 0.7661458333333333 0.0566875 0.04908333333333333
8 0.19917968749999998 0.5775 0.052046875000000006 0.043791666666666666
9 0.41442968750000003 0.7202604166666667 0.060421875 0.051479166666666666
9 0.46015625 0.8833333333333333 0.4046875 0.20416666666666666
8 0.5796875 0.5166666666666667 0.46875 0.8958333333333334