9 0.787296875 0.4426875 0.10471875 0.1515
9 0.6964921875 0.44460416666666674 0.10582812500000001 0.14916666666666664
9 0.640859375 0.4433020833333333 0.0674375 0.1353125
2 0.528921875 0.7493125 0.09109375 0.07129166666666667
9 0.8844140625 0.47403125 0.12857812500000002 0.15843749999999998
9 0.963125 0.4512604166666667 0.07375000000000001 0.1491875
9 0.566859375 0.44986458333333335 0.09884375 0.11885416666666666
9 0.9622421874999999 0.8315937499999999 0.075515625 0.18572916666666667
9 0.900515625 0.82175 0.090625 0.16608333333333333
2 0.2346171875 0.6911979166666666 0.389046875 0.11647916666666666
2 0.52459375 0.7993333333333333 0.08665625 0.05483333333333333