4 0.36903125000000003 0.7886854460093897 0.18834375 0.1444131455399061
4 0.39076562499999995 0.649413145539906 0.10493749999999999 0.1176525821596244
4 0.765078125 0.3435328638497653 0.06109375 0.0894131455399061
4 0.9033671875 0.2019835680751174 0.130609375 0.10232394366197184
4 0.378125 0.25938967136150237 0.08125 0.09624413145539906
4 0.7769453125 0.18811032863849766 0.071359375 0.08152582159624412
4 0.0548125 0.7776408450704225 0.109625 0.19058685446009388
4 0.5692812500000001 0.6787910798122064 0.06984375000000001 0.06115023474178404
4 0.81171875 0.4171830985915493 0.0594375 0.07291079812206573
4 0.6357890625 0.36350938967136154 0.075609375 0.06068075117370892
7 0.5900859374999999 0.3910093896713615 0.707515625 0.364037558685446
7 0.3313203125 0.7898943661971831 0.662640625 0.3932629107981221
7 0.43078906250000004 0.053931924882629115 0.203421875 0.09438967136150235
7 0.6476328124999999 0.1587910798122066 0.23385937499999998 0.20946009389671363
4 0.5766249999999999 0.3932511737089202 0.14809375 0.08988262910798121
7 0.8268281249999999 0.3086150234741784 0.34634375 0.4471830985915493
4 0.22984374999999999 0.8511267605633803 0.08996875 0.10549295774647886
4 0.5108906249999999 0.30779342723004693 0.053593749999999996 0.09610328638497652
4 0.6546875 0.3673708920187793 0.6875 0.7206572769953051