1 0.48453125 0.41684375 0.12140625000000001 0.08602083333333334
3 0.9211640625000002 0.2761875 0.058046875 0.05
1 0.7685 0.27720833333333333 0.046718749999999996 0.029500000000000002
1 0.8150390625 0.28269791666666666 0.042265625 0.028354166666666666
5 0.602671875 0.55740625 0.04471875 0.08614583333333334
5 0.6154531249999999 0.5161875 0.03775 0.031625
5 0.5583046875 0.5539687499999999 0.042859375 0.05335416666666667
5 0.70328125 0.6345416666666668 0.056281250000000005 0.06241666666666667
1 0.8646249999999999 0.27096875 0.06346874999999999 0.05397916666666667
5 0.5700546875 0.52790625 0.027609375000000002 0.049479166666666664
5 0.6812812500000001 0.6512604166666666 0.02296875 0.04022916666666666