3 0.6857708333333333 0.5797734374999999 0.6284583333333333 0.47192187499999994
3 0.48465624999999996 0.9745703125 0.06097916666666667 0.050859375
0 0.9656458333333333 0.546078125 0.06866666666666667 0.040281250000000005
0 0.95184375 0.48479687499999996 0.09514583333333333 0.04696875
0 0.8554895833333334 0.47387499999999994 0.0219375 0.04140625
0 0.9144062500000001 0.5905703125 0.07422916666666667 0.068140625
0 0.81871875 0.4809375 0.07547916666666667 0.04903125
0 0.8529166666666667 0.4656640625 0.10154166666666667 0.048640625
0 0.9616874999999999 0.5913515625 0.056625 0.047890625
0 0.9672291666666667 0.5604375 0.06554166666666666 0.04609375
0 0.7739999999999999 0.435890625 0.07704166666666666 0.058437499999999996