1 0.32772321428571427 0.630171875 0.05357142857142857 0.0310625
1 0.2539955357142857 0.5698515625 0.04200892857142857 0.030296875
1 0.2860044642857143 0.63734375 0.04276785714285714 0.01628125
1 0.28425223214285716 0.5519765624999999 0.042566964285714284 0.030046875
1 0.2769084821428572 0.6110859375000001 0.04796875 0.040953125
1 0.23151785714285714 0.5786484375 0.031785714285714285 0.023921875000000002
1 0.17279017857142856 0.5589765625 0.04049107142857143 0.025578125
3 0.4880357142857143 0.7143125 0.026205357142857145 0.01125
3 0.45335937500000006 0.7427578125000001 0.05140625 0.023203124999999998
3 0.4873660714285714 0.7062812500000001 0.01691964285714286 0.0095
3 0.5189508928571429 0.7144453125 0.0371875 0.015984375000000002
0 0.3151674107142858 0.8346953125000001 0.04055803571428572 0.017421875
0 0.4173102678571428 0.8520703124999999 0.06100446428571428 0.058765625
0 0.32344866071428574 0.8509921874999999 0.07600446428571428 0.070484375
0 0.27030133928571426 0.8230859374999999 0.026808035714285715 0.032046875
0 0.314140625 0.257484375 0.03912946428571429 0.010781250000000001
0 0.36290178571428566 0.2808046875 0.03767857142857143 0.027921875000000002
0 0.06676339285714286 0.427109375 0.08821428571428572 0.0605625
1 0.3123995535714286 0.6188828125 0.030959821428571427 0.024296875000000002
1 0.0701450892857143 0.385640625 0.038906249999999996 0.021124999999999998
1 0.21949776785714284 0.2987265625 0.03279017857142857 0.018328125
3 0.5123325892857142 0.7322578125 0.03256696428571428 0.016859375
3 0.4119308035714286 0.71159375 0.04319196428571429 0.025343749999999998
0 0.3047321428571429 0.8113125 0.05241071428571429 0.0448125
0 0.3684486607142857 0.80996875 0.06417410714285714 0.033468750000000005
3 0.39672991071428576 0.6316953125 0.08953124999999999 0.032796874999999996
3 0.44627232142857143 0.77603125 0.04290178571428571 0.0244375
3 0.2561607142857143 0.735828125 0.11946428571428572 0.09746875
3 0.15453125 0.73271875 0.05089285714285714 0.08540624999999999
3 0.19364955357142857 0.41612499999999997 0.03154017857142857 0.017937500000000002
3 0.39685267857142853 0.6428125 0.04044642857142857 0.01315625
1 0.03352678571428572 0.37528125 0.01736607142857143 0.0219375
1 0.2317299107142857 0.59653125 0.030825892857142857 0.017656250000000002
1 0.23154017857142858 0.554484375 0.02138392857142857 0.02525
3 0.24944196428571427 0.779421875 0.033482142857142856 0.01515625
3 0.3716517857142857 0.546875 0.36830357142857145 0.5375