1 0.49966406249999995 0.14329166666666668 0.047890625 0.07775
3 0.3327578125 0.12389583333333333 0.009015625 0.01175
3 0.31501562499999997 0.12496875 0.008906250000000001 0.010479166666666668
3 0.32339843749999997 0.138125 0.068953125 0.07704166666666666
5 0.13079687499999998 0.5882916666666668 0.0418125 0.049875
5 0.3438203125 0.7494375000000001 0.10110937499999999 0.16404166666666667
5 0.10667968750000001 0.6211979166666667 0.019359375 0.052270833333333336
5 0.016890625 0.7048125 0.027187499999999996 0.050291666666666665
5 0.0884140625 0.8130416666666667 0.017421875 0.06970833333333333
5 0.3477734375 0.5775729166666667 0.031609375 0.0476875
5 0.1973125 0.5427291666666666 0.0459375 0.091
5 0.16671875 0.5962604166666666 0.028499999999999998 0.0568125
5 0.23712500000000003 0.69578125 0.035125 0.051520833333333335
5 0.3713125 0.6380416666666666 0.0714375 0.041416666666666664
5 0.22674218750000003 0.7156354166666666 0.45270312500000004 0.36935416666666665
5 0.2694609375 0.5550937499999999 0.10601562499999999 0.10489583333333334