0 0.7875641025641026 0.7778046875 0.15298368298368298 0.076328125
0 0.33604895104895105 0.8440390625 0.06034965034965035 0.056203125
0 0.24145687645687647 0.8075625000000001 0.12076923076923077 0.056374999999999995
0 0.0977855477855478 0.7971874999999999 0.09627039627039627 0.018062500000000002
0 0.7293356643356643 0.65784375 0.09130536130536131 0.05940625000000001
0 0.7741608391608392 0.78671875 0.14454545454545453 0.04215625
0 0.8148717948717948 0.6443046874999999 0.08680652680652681 0.057703125
0 0.8738228438228438 0.6573046874999999 0.0606993006993007 0.033671875000000004
0 0.32420745920745925 0.804734375 0.05261072261072261 0.0463125
0 0.9244638694638694 0.6407578125 0.07993006993006993 0.06135937500000001
0 0.7446037296037296 0.602484375 0.04673659673659674 0.044
0 0.7534265734265735 0.6268203124999999 0.05272727272727273 0.049484375000000004
0 0.7731235431235431 0.6076796874999999 0.03118881118881119 0.023515625000000002
0 0.4988344988344988 0.75546875 0.9976689976689976 0.3421875