8 0.7722421875000001 0.6668580375782881 0.025421875 0.020605427974947806
8 0.7716484375 0.6438830897703549 0.023859375 0.02208768267223382
8 0.7886249999999999 0.6976409185803758 0.02346875 0.02058455114822547
8 0.731203125 0.697035490605428 0.027187499999999996 0.024509394572025053
8 0.7048984375 0.6878079331941546 0.023671875000000002 0.027348643006263048
8 0.7222109375 0.6758350730688935 0.023109374999999998 0.018893528183716077
8 0.75953125 0.6932150313152401 0.028968749999999998 0.02613778705636743
8 0.7424609375 0.6841544885177453 0.017359375 0.015741127348643007
8 0.481 0.5538935281837161 0.03421875 0.028956158663883087
8 0.38659374999999996 0.542526096033403 0.02978125 0.027306889352818373
8 0.5867812499999999 0.6914509394572026 0.0285625 0.028079331941544883
8 0.802046875 0.5620563674321504 0.029906250000000002 0.030793319415448852
8 0.705859375 0.5490501043841336 0.028499999999999998 0.031628392484342384
8 0.6588984375 0.5254488517745303 0.017515625 0.013068893528183715
8 0.5970546875 0.5558246346555322 0.032921875 0.03924843423799582
8 0.8632109375000001 0.5113256784968684 0.028546875 0.023110647181628394
8 0.8216249999999998 0.6826722338204593 0.0251875 0.021085594989561585
8 0.8280390625 0.6990814196242171 0.025984374999999997 0.021920668058455117
8 0.05240625 0.5354801670146138 0.02484375 0.016096033402922757
8 0.49296875 0.5448851774530271 0.9828125 0.3465553235908142