1 0.7132031249999999 0.7704683840749414 0.03396875 0.05213114754098361
3 0.5067734374999999 0.4014051522248243 0.039671875 0.045292740046838406
3 0.5020078125 0.4622014051522248 0.158734375 0.11831381733021078
3 0.8034140624999999 0.45413348946135834 0.13414062499999999 0.13843091334894614
4 0.389625 0.9637939110070257 0.06978124999999999 0.07241217798594848
0 0.49324218750000004 0.1589695550351288 0.061109375 0.13629976580796255
0 0.433296875 0.15505854800936766 0.06596874999999999 0.12135831381733021
0 0.696359375 0.16132318501170959 0.061343749999999996 0.13004683840749415
0 0.3567890625 0.1527166276346604 0.051546875000000006 0.08608899297423887
0 0.6296015625 0.16916861826697893 0.076921875 0.13988290398126463
0 0.21896875 0.16257611241217798 0.08353125 0.13498829039812646
0 0.2776953125 0.15432084309133492 0.09326562499999999 0.13023419203747072
0 0.3658125 0.16393442622950818 0.06859375 0.12824355971896956
0 0.56021875 0.14692037470725997 0.07921875 0.14250585480093678
0 0.75409375 0.1566744730679157 0.0673125 0.11770491803278688
1 0.5931249999999999 0.7257025761124122 0.15140625000000002 0.2004449648711944
4 0.325109375 0.9676112412177985 0.06665625 0.06477751756440281
4 0.20584375000000002 0.9700585480093677 0.04321875 0.05988290398126464
0 0.8469296875 0.16467213114754098 0.088078125 0.14522248243559718
0 0.965234375 0.1630679156908665 0.058562499999999997 0.13391100702576111
1 0.36617187500000004 0.46771662763466043 0.028187499999999997 0.04362997658079625
1 0.3591171875 0.45469555035128806 0.117140625 0.13763466042154568
1 0.69384375 0.8006791569086651 0.031093749999999996 0.04707259953161593
1 0.7260624999999999 0.8028337236533957 0.02996875 0.04229508196721311
1 0.73378125 0.7203161592505855 0.147875 0.21098360655737705
0 0.93984375 0.16393442622950818 0.1171875 0.13114754098360656