0 0.798828125 0.5944028103044496 0.29021875 0.3991100702576112
0 0.9055624999999999 0.5049882903981264 0.188875 0.3101170960187353
0 0.797484375 0.7494145199063232 0.3359375 0.3129274004683841
0 0.6255859375 0.8847072599531616 0.193078125 0.20707259953161594
0 0.6122421875 0.5423419203747072 0.197796875 0.52
0 0.9805859374999999 0.426615925058548 0.038828125000000005 0.26423887587822015
0 0.7802187500000001 0.6741217798594848 0.43956249999999997 0.6282435597189695
0 0.7725546875 0.416463700234192 0.082234375 0.17892271662763468
0 0.9153203124999999 0.5258430913348946 0.088453125 0.07192037470725995
1 0.29937500000000006 0.3526580796252928 0.16312500000000002 0.2168384074941452
1 0.2081171875 0.6058548009367682 0.416234375 0.4526932084309134
1 0.03440625 0.6538173302107728 0.0688125 0.1928337236533958
1 0.05144531249999999 0.7855620608899297 0.101609375 0.11421545667447308