1 0.43998366013071893 0.4555228758169935 0.13006535947712417 0.11911764705882354
1 0.379983660130719 0.40068627450980393 0.3862745098039216 0.17506535947712418
1 0.4161683006535948 0.10868464052287581 0.0993954248366013 0.06129084967320261
1 0.32652777777777775 0.22237745098039216 0.11821895424836601 0.08537581699346405
1 0.6518545751633987 0.1499918300653595 0.10014705882352941 0.08416666666666667
1 0.7089869281045751 0.3546813725490196 0.10111111111111111 0.08540849673202615
1 0.5640441176470589 0.11910130718954248 0.08988562091503267 0.09888888888888889
1 0.5552450980392157 0.47487745098039214 0.1072875816993464 0.11756535947712418
1 0.31683823529411764 0.5300163398692811 0.14671568627450982 0.08901960784313726
1 0.7610375816993464 0.1779248366013072 0.09351307189542483 0.07013071895424837
1 0.40194444444444444 0.33124183006535945 0.10820261437908496 0.03434640522875817
1 0.46652777777777776 0.6412908496732026 0.09547385620915033 0.09173202614379085
1 0.544452614379085 0.22762254901960785 0.0897875816993464 0.05191176470588235
1 0.5563725490196079 0.36764705882352944 0.8218954248366013 0.5359477124183006