0 0.3329140625 0.2511 0.023421875 0.0264
0 0.3600546875 0.2690625 0.078359375 0.08282500000000001
0 0.539453125 0.243725 0.0225 0.0565
0 0.5745390625 0.23479999999999998 0.057984375 0.10355
3 0.3796875 0.7134125 0.24315625000000002 0.155175
3 0.2309140625 0.6760125000000001 0.028484375 0.042074999999999994
3 0.20302343750000001 0.685 0.028140625000000002 0.03275
3 0.703109375 0.662125 0.03353125 0.026699999999999998
3 0.68165625 0.693825 0.025718750000000002 0.04305
3 0.6536328124999999 0.653625 0.027015624999999998 0.032549999999999996
3 0.71171875 0.6983125 0.02703125 0.043875000000000004
3 0.6636953125 0.6673750000000002 0.028109375 0.034249999999999996
3 0.732765625 0.6986625000000001 0.020749999999999998 0.038725
3 0.7820859375 0.7125125 0.027453125000000002 0.040425
3 0.7920625 0.7386875 0.02784375 0.025525000000000003
1 0.6565625 0.7234625 0.1516875 0.058125
3 0.046265625 0.6277875 0.08928125 0.119475
3 0.7512265625 0.7149874999999999 0.026453125 0.029525000000000003
3 0.46953125 0.62 0.8015625 0.315