9 0.657609375 0.61428125 0.19734374999999998 0.1476875
9 0.3589296875 0.5062916666666667 0.14842187499999998 0.182375
9 0.6573359375 0.46488541666666666 0.05404687500000001 0.05064583333333333
2 0.6635859375 0.34269791666666666 0.199265625 0.14785416666666668
2 0.7269140625 0.4901145833333333 0.060890625 0.0811875
2 0.6560078125 0.5075416666666667 0.056109374999999996 0.041875
2 0.6096796875 0.44966666666666666 0.049078125 0.05458333333333333
2 0.68625 0.6537604166666667 0.073875 0.06960416666666666
2 0.6586640625 0.4661458333333333 0.054765625 0.045875
2 0.57403125 0.467 0.04828125 0.04733333333333333
2 0.6093124999999999 0.6396666666666667 0.06453125 0.06891666666666667
2 0.6510078125 0.5373541666666667 0.051984375000000006 0.034958333333333334
2 0.593359375 0.6085520833333332 0.075 0.060770833333333336