4 0.465140625 0.8074166666666667 0.3540625 0.25833333333333336
4 0.39240624999999996 0.6073333333333333 0.21096875 0.29575
4 0.4252890625 0.234125 0.148234375 0.19058333333333335
5 0.41029687499999995 0.3694166666666667 0.195875 0.08941666666666667
4 0.6 0.6061875 0.198875 0.39775
4 0.8017109375 0.5295416666666667 0.214859375 0.14670833333333333
4 0.7411562500000001 0.23159375 0.2685 0.14477083333333332
4 0.7838203125 0.353125 0.187671875 0.23791666666666667
4 0.2850078125 0.4869791666666667 0.06832812499999999 0.11679166666666667
5 0.63703125 0.28708333333333336 0.103625 0.11812500000000001
5 0.7931328124999999 0.4856875 0.06782812499999999 0.048625