0 0.73988 0.5728983516483517 0.02912 0.024148351648351645
0 0.7665 0.5770879120879121 0.02044 0.02945054945054945
0 0.75039 0.5594642857142857 0.06166 0.07447802197802197
0 0.77415 0.5398076923076923 0.0185 0.07401098901098901
0 0.33273 0.5310164835164836 0.0687 0.05247252747252747
3 0.30219 0.6792445054945055 0.07554000000000001 0.08964285714285715
3 0.5147200000000001 0.42162087912087914 0.054200000000000005 0.040109890109890106
3 0.6916 0.4250137362637363 0.01616 0.021456043956043953
1 0.59413 0.6941758241758241 0.01706 0.02478021978021978
3 0.14139000000000002 0.4831318681318681 0.013179999999999999 0.016153846153846154
3 0.75963 0.7511675824175824 0.08334 0.07574175824175824
3 0.7498499999999999 0.2498076923076923 0.07438 0.07384615384615384
1 0.47568 0.7479532967032967 0.06196 0.06321428571428572
1 0.4948 0.7014285714285714 0.037840000000000006 0.03258241758241758
1 0.5149 0.6726236263736263 0.04528 0.04145604395604396
1 0.63542 0.41190934065934065 0.09451999999999999 0.07535714285714286
1 0.66334 0.33361263736263735 0.08268 0.08722527472527472
1 0.42809 0.7507280219780221 0.06082 0.05892857142857143
1 0.38998 0.7469642857142856 0.05956 0.07662087912087913
1 0.61874 0.7500274725274725 0.06816 0.08137362637362637
1 0.42458000000000007 0.6853708791208791 0.05356 0.06304945054945055
1 0.46173 0.6885851648351647 0.0509 0.06101648351648352
1 0.44498000000000004 0.7196565934065934 0.03648 0.021565934065934066
1 0.49183 0.6304807692307692 0.056420000000000005 0.06585164835164835
3 0.6814 0.41313186813186814 0.01576 0.018186813186813186
3 0.68835 0.7298626373626375 0.0169 0.021538461538461538
3 0.67514 0.4280906593406593 0.02032 0.02662087912087912
3 0.70004 0.4070054945054945 0.07012 0.06626373626373627
3 0.6819599999999999 0.7455357142857143 0.08608 0.07953296703296703
1 0.757 0.4052197802197802 0.066 0.07417582417582418