8 0.6389869281045751 0.5643954248366013 0.15274509803921568 0.09640522875816994
8 0.7886928104575164 0.6501388888888888 0.16683006535947711 0.08563725490196078
8 0.7999999999999999 0.5782761437908497 0.16179738562091503 0.10112745098039216
8 0.4997140522875817 0.5354493464052288 0.15416666666666665 0.09413398692810457
8 0.46118464052287583 0.6169689542483661 0.1737091503267974 0.08370915032679738
8 0.6256290849673203 0.6450653594771242 0.16299019607843138 0.07042483660130719
8 0.9348366013071896 0.584673202614379 0.13032679738562092 0.10205882352941177
8 0.9350245098039216 0.4995179738562092 0.12995098039215686 0.08854575163398692
8 0.799297385620915 0.48829248366013067 0.13826797385620915 0.08648692810457516
8 0.6640604575163398 0.48130718954248364 0.13544117647058823 0.09418300653594772
8 0.29543300653594773 0.46438725490196076 0.12011437908496733 0.0743954248366013
8 0.5343137254901961 0.46427287581699356 0.12911764705882353 0.08998366013071896
8 0.9359558823529411 0.666813725490196 0.127140522875817 0.07316993464052288
8 0.2034313725490196 0.42810457516339867 0.4035947712418301 0.28104575163398693