4 0.44237745098039216 0.4542483660130719 0.14985294117647058 0.15905228758169934
4 0.6587009803921569 0.36623366013071895 0.19165032679738564 0.1517483660130719
4 0.5904003267973856 0.24740196078431373 0.14259803921568626 0.16091503267973856
4 0.4826225490196079 0.22782679738562092 0.12142156862745099 0.15856209150326797
4 0.2611764705882353 0.20470588235294118 0.2823529411764706 0.3247058823529412
4 0.45999999999999996 0.11529411764705882 0.1623529411764706 0.13176470588235295
5 0.6223937908496732 0.4524346405228758 0.08723856209150327 0.1431045751633987
5 0.40844771241830063 0.3535212418300654 0.11052287581699347 0.13642156862745097
5 0.15479575163398693 0.39254901960784316 0.12181372549019608 0.11653594771241829
5 0.3736764705882353 0.2074264705882353 0.09777777777777778 0.05815359477124184
5 0.8320996732026144 0.39492647058823527 0.12769607843137257 0.11318627450980391
5 0.7642483660130719 0.6141176470588234 0.0523202614379085 0.05950980392156863