0 0.33908593750000005 0.31598360655737706 0.053015625 0.0886416861826698
1 0.6528046875 0.41591334894613585 0.073984375 0.03182669789227166
1 0.73284375 0.41668618266978924 0.0755 0.03730679156908665
3 0.2871640625 0.4703981264637002 0.013765625 0.02360655737704918
3 0.5375859375 0.5027985948477751 0.128390625 0.0733255269320843
3 0.288 0.4948711943793911 0.12893749999999998 0.08379391100702577
0 0.271 0.5704332552693209 0.0233125 0.052669789227166273
0 0.30602343750000005 0.5732903981264637 0.053890625000000004 0.05459016393442623
1 0.7503984375 0.6468501170960188 0.050921875000000005 0.07721311475409835
1 0.6978515625 0.6467213114754098 0.051546875000000006 0.10079625292740046
1 0.64540625 0.6387236533957844 0.049625 0.06770491803278689
1 0.2947265625 0.4871428571428572 0.017703125 0.02088992974238876