4 0.683734375 0.4369257540603248 0.1441875 0.15529002320185617
4 0.48568749999999994 0.2824245939675174 0.08775 0.18243619489559162
4 0.7224453125 0.6527030162412993 0.07648437500000001 0.11041763341067286
4 0.4971875 0.6758236658932714 0.10593749999999999 0.14510440835266822
4 0.3657578125 0.4265197215777263 0.088453125 0.20705336426914153
4 0.5609296875 0.21647331786542923 0.057046875 0.07999999999999999
4 0.259171875 0.543909512761021 0.04959375 0.08248259860788862
4 0.5117734375 0.5303016241299304 0.060140625 0.12324825986078886
4 0.5896953125000001 0.9216357308584686 0.066328125 0.10243619489559165
4 0.6037656250000001 0.20082366589327144 0.041999999999999996 0.08870069605568445
4 0.643578125 0.692691415313225 0.0414375 0.05897911832946636
5 0.5982734375 0.5535730858468677 0.082828125 0.14663573085846868
5 0.2780546875 0.4631322505800464 0.061890625 0.30825986078886314
5 0.3398046875 0.627505800464037 0.052953125000000004 0.0945939675174014
5 0.6860390625 0.25120649651972154 0.062078125 0.10533642691415313
5 0.5012265625000001 0.3843271461716938 0.09667187499999999 0.10805104408352668
5 0.4989375 0.8474825986078888 0.13065625 0.24466357308584688
5 0.47622656250000006 0.16953596287703018 0.042953124999999995 0.045475638051044084
5 0.4193515625 0.23997679814385153 0.029734375 0.07090487238979118
5 0.7674296875000001 0.5700580046403713 0.071671875 0.08823665893271462