1 0.5786416861826699 0.7333203125 0.08107728337236533 0.054828125000000005
1 0.6254683840749414 0.7643671875 0.07060889929742388 0.049859375
1 0.5434660421545667 0.842 0.07437939110070257 0.04775
1 0.5244028103044497 0.7633125000000001 0.06857142857142857 0.04878125
1 0.573688524590164 0.796265625 0.0860655737704918 0.05165625
1 0.6106206088992975 0.8360234375000001 0.06372365339578455 0.044859375
1 0.4224355971896956 0.8270624999999999 0.0633255269320843 0.0395
1 0.44447306791569086 0.6799062499999999 0.06604215456674473 0.03825
1 0.4822365339578455 0.839671875 0.062459016393442625 0.043125000000000004
1 0.4453747072599531 0.7529921875 0.05360655737704918 0.048109374999999996
1 0.5452576112412179 0.691875 0.07885245901639344 0.054843750000000004
1 0.4249063231850117 0.7885234375 0.0377751756440281 0.043203124999999995
1 0.5398126463700235 0.76328125 0.30210772833723654 0.2109375