5 0.43353125 0.14431249999999998 0.07975 0.058666666666666666
3 0.7261484375 0.6721354166666667 0.044703124999999996 0.056187499999999994
3 0.8924609374999999 0.5220416666666667 0.036828125 0.06820833333333334
3 0.8083828125 0.6704375 0.042265625 0.051875
3 0.8785546875 0.6551979166666667 0.043484375 0.06710416666666667
3 0.7674765625 0.6701875 0.048984375000000004 0.06058333333333333
3 0.8440468750000001 0.6697083333333332 0.03265625 0.04383333333333333
3 0.8825468749999998 0.61275 0.05165625 0.075
3 0.891125 0.5645625 0.03728125 0.06404166666666666
5 0.388484375 0.10522916666666667 0.026375 0.06016666666666667
5 0.408296875 0.07903125000000001 0.034749999999999996 0.03735416666666667
5 0.40217187499999996 0.3744479166666667 0.041625 0.06322916666666667
5 0.43950781249999993 0.3056979166666667 0.056484374999999996 0.06064583333333333
5 0.36369531250000003 0.11905208333333334 0.021953125 0.029479166666666667
5 0.4264375 0.38603125 0.02265625 0.04572916666666667
5 0.383796875 0.40271875 0.034875 0.0389375
5 0.3656953125 0.17282291666666666 0.009578125 0.03789583333333334
3 0.6569296875 0.6602604166666667 0.043953124999999996 0.059270833333333335
3 0.6926640625 0.6781041666666667 0.040546874999999996 0.04545833333333334
3 0.5835546875000001 0.64915625 0.049578125 0.06339583333333333
3 0.6567734375000001 0.32891666666666663 0.049734375 0.05683333333333333
3 0.6506640625 0.4565 0.19048437499999998 0.32845833333333335
5 0.4849140625 0.10275 0.063390625 0.049833333333333334
5 0.5077421875 0.18001041666666667 0.023515625000000002 0.03785416666666667
5 0.4119140625 0.2275625 0.022734375 0.057916666666666665