8 0.30278999999999995 0.4762533333333333 0.045939999999999995 0.05261333333333333
8 0.44409000000000004 0.2959866666666667 0.05522 0.037573333333333334
8 0.47009 0.37996 0.06082 0.03496
8 0.47736 0.3504 0.05096 0.039573333333333335
8 0.44931 0.32822666666666667 0.0595 0.036719999999999996
8 0.39586 0.30968 0.051840000000000004 0.03626666666666666
8 0.38623 0.33129333333333333 0.045700000000000005 0.038746666666666665
8 0.37146 0.3564 0.03532 0.044373333333333334
8 0.40683 0.37402666666666673 0.0567 0.03776
8 0.41928000000000004 0.34924 0.06148 0.045360000000000004
8 0.43381000000000003 0.28014666666666665 0.056780000000000004 0.04168
8 0.5120399999999999 0.3656533333333333 0.03116 0.038239999999999996
8 0.34980999999999995 0.5054133333333334 0.06781999999999999 0.08528
8 0.428 0.43733333333333335 0.628 0.33066666666666666