3 0.6003828125 0.3839764705882353 0.017703125 0.027341176470588233
3 0.4925703125 0.2284470588235294 0.014234374999999999 0.025317647058823528
3 0.6247734375 0.3666823529411764 0.027484375 0.04329411764705882
3 0.5691171875000001 0.34541176470588236 0.012421875 0.022635294117647056
3 0.5578671875 0.5208117647058823 0.018640625 0.02496470588235294
3 0.6863125 0.2388352941176471 0.0164375 0.024023529411764707
3 0.7201796875 0.3123529411764706 0.015953125000000002 0.02536470588235294
3 0.64634375 0.3288588235294118 0.008749999999999999 0.008352941176470587
3 0.5129609375 0.5508588235294117 0.014671875000000001 0.026141176470588234
3 0.48237499999999994 0.49030588235294115 0.01315625 0.021505882352941177
3 0.44611718750000007 0.4368470588235294 0.014765625 0.021176470588235293
3 0.3322890625 0.43781176470588234 0.019078125 0.02776470588235294
3 0.38596875 0.3606 0.01796875 0.026141176470588234
3 0.528125 0.43411764705882355 0.871875 0.7223529411764706