8 0.17119914346895074 0.5448984375 0.07528907922912205 0.032765625
9 0.6374946466809422 0.7 0.5112205567451821 0.294375
9 0.1355032119914347 0.7539374999999999 0.2710064239828694 0.22696875
9 0.6857066381156317 0.3233671875 0.09042826552462527 0.054609375
9 0.511017130620985 0.31878125 0.08049250535331906 0.05615625
9 0.33279443254817986 0.43453906249999996 0.13625267665952892 0.072546875
9 0.42120985010706635 0.4255234375 0.09505353319057816 0.063265625
9 0.599154175588865 0.326671875 0.08820128479657387 0.0558125
9 0.19794432548179872 0.4043984375 0.09820128479657388 0.059046875
8 0.13788008565310492 0.5719296875000001 0.08025695931477515 0.028234375
9 0.257558886509636 0.40696093749999995 0.08282655246252676 0.026734374999999998
9 0.6604282655246253 0.394890625 0.07220556745182012 0.051875000000000004
9 0.29533190578158464 0.3806953125 0.0798286937901499 0.033015625