0 0.31628125 0.5982708333333334 0.24209375 0.26116666666666666
0 0.52634375 0.6112083333333334 0.07734375 0.30716666666666664
0 0.60390625 0.47663541666666664 0.08696875 0.22510416666666666
0 0.7561875 0.43477083333333333 0.14581249999999998 0.16741666666666666
0 0.769515625 0.6496041666666666 0.26 0.236625
0 0.4548671875 0.6011562500000001 0.106734375 0.31727083333333334
0 0.5679765625 0.57865625 0.091015625 0.28989583333333335
0 0.5086328125 0.3814791666666667 0.058734375000000005 0.0945
0 0.1145546875 0.56740625 0.172140625 0.1798958333333333
0 0.41735156250000005 0.497625 0.163609375 0.26408333333333334
0 0.637296875 0.3875416666666667 0.07165625 0.08800000000000001
0 0.7305703125 0.49549999999999994 0.167234375 0.17791666666666667
0 0.20934375000000002 0.5385624999999999 0.11387499999999999 0.19766666666666666
0 0.40625 0.5322916666666667 0.809375 0.42291666666666666