0 0.6231500000000001 0.7507957957957958 0.64422 0.19870870870870871
0 0.22993 0.6393543543543543 0.16326 0.3169069069069069
3 0.27524 0.43220720720720723 0.17476 0.26093093093093095
3 0.37234 0.3583483483483484 0.13368 0.18594594594594596
3 0.5185 0.3727027027027027 0.18475999999999998 0.3064864864864865
3 0.47293 0.18726726726726728 0.20054 0.23597597597597597
3 0.6421800000000001 0.2422072072072072 0.15616 0.23954954954954955
3 0.6887300000000001 0.4591591591591591 0.16362000000000002 0.23003003003003
3 0.7605899999999999 0.40178678678678675 0.12134 0.23024024024024026
3 0.5808099999999999 0.5848798798798799 0.18762 0.16651651651651653
3 0.72215 0.6334534534534535 0.12078 0.1592792792792793
3 0.4213 0.5501501501501501 0.17876 0.2464864864864865