8 0.14622656250000002 0.20307242990654203 0.033484375 0.08063084112149532
8 0.2707421875 0.1387266355140187 0.030453124999999998 0.08119158878504673
8 0.2054765625 0.16769859813084115 0.028484375 0.089696261682243
8 0.24468750000000003 0.23207943925233646 0.06381250000000001 0.028271028037383177
8 0.181203125 0.16322429906542055 0.028187499999999997 0.10383177570093458
8 0.1655390625 0.19155373831775702 0.031734374999999995 0.09287383177570094
8 0.11444531250000001 0.20516355140186918 0.035140624999999995 0.07079439252336449
8 0.4611171874999999 0.18870327102803738 0.050078124999999994 0.06656542056074766
8 0.27162499999999995 0.5692990654205607 0.05571875 0.05107476635514019
8 0.2801796875 0.526553738317757 0.057578125 0.0433411214953271
8 0.281765625 0.4554205607476635 0.050562499999999996 0.051308411214953276
8 0.3423359375 0.1906892523364486 0.060484375 0.05207943925233645
8 0.23259375 0.1447663551401869 0.0221875 0.0914018691588785
8 0.6756640625 0.47114485981308407 0.046734375 0.04373831775700934
8 0.51015625 0.4953271028037383 0.9328125 0.9252336448598131