8 0.6910117647058823 0.8371718749999999 0.12023529411764707 0.0856875
8 0.516435294117647 0.8432187499999999 0.13799999999999998 0.091625
8 0.7492941176470589 0.8861015625 0.1384 0.08695312499999999
8 0.5972705882352941 0.841203125 0.10489411764705882 0.10112499999999999
8 0.8502235294117648 0.7576171875 0.10694117647058825 0.06742187499999999
8 0.8583411764705883 0.819703125 0.12374117647058824 0.046406249999999996
8 0.8411529411764707 0.9398671875 0.10870588235294118 0.077734375
8 0.8878117647058823 0.9073046874999999 0.09185882352941176 0.095328125
8 0.6301764705882352 0.7050625 0.09828235294117647 0.04953125
8 0.8135647058823529 0.8415546874999998 0.1564470588235294 0.057140625
8 0.5607529411764707 0.753640625 0.07628235294117647 0.044
8 0.795564705882353 0.715265625 0.06769411764705882 0.04496875