8 0.8291988130563798 0.731765625 0.12474777448071217 0.054906250000000004
8 0.7431008902077152 0.7042890625 0.12548961424332344 0.042734375000000005
8 0.6789169139465876 0.683703125 0.11753709198813056 0.04740625
8 0.5700890207715134 0.6969843750000001 0.11175074183976261 0.04796875
8 0.5364094955489614 0.74246875 0.11537091988130564 0.04828125
8 0.47933234421364984 0.625046875 0.09682492581602374 0.04065625
8 0.3851038575667656 0.6285078125 0.0943026706231454 0.037109375
8 0.5765430267062315 0.614625 0.10786350148367953 0.032218750000000004
8 0.6167359050445103 0.6319140625 0.09578635014836795 0.029609375
8 0.6536053412462908 0.641671875 0.09795252225519287 0.02321875
8 0.7142581602373886 0.743390625 0.12323442136498516 0.0421875
8 0.5288872403560831 0.5952968750000001 0.0873293768545994 0.027250000000000003
8 0.5510830860534125 0.652890625 0.1012166172106825 0.01896875
8 0.6142433234421365 0.71171875 0.456973293768546 0.2359375