4 0.7358828125 0.594125 0.303515625 0.28941666666666666
4 0.33537500000000003 0.6385625 0.24706250000000002 0.29883333333333334
4 0.26458593750000003 0.24623958333333335 0.159953125 0.21014583333333334
5 0.5953515625 0.3735416666666667 0.057265625 0.05541666666666667
5 0.4056484375 0.2910625 0.054546874999999995 0.07270833333333333
5 0.9152421875 0.5673229166666667 0.080140625 0.11464583333333334
5 0.8634062499999999 0.20645833333333333 0.049375 0.07162500000000001
5 0.7870234375 0.15932291666666665 0.049171875 0.0404375
5 0.23157031250000001 0.33147916666666666 0.055265625 0.04625
4 0.23810937499999998 0.12918749999999998 0.11209374999999999 0.10641666666666666
4 0.082109375 0.3094895833333334 0.10618749999999999 0.1390625
4 0.9797343749999999 0.387875 0.040531250000000005 0.1485