5 0.4487500000000001 0.655152224824356 0.274 0.14543325526932085
5 0.26525 0.369344262295082 0.0915 0.17283372365339578
5 0.754703125 0.7243091334894615 0.02715625 0.061077283372365336
5 0.7027187500000001 0.7754566744730679 0.03390625 0.09704918032786884
5 0.6019296875 0.6441686182669789 0.037234375 0.13475409836065574
5 0.6533203125 0.4012997658079625 0.062390625 0.038946135831381734
5 0.2106875 0.37439110070257614 0.06821875 0.1123887587822014
5 0.8231484375000001 0.6506557377049181 0.062390625 0.15325526932084307
5 0.6004453125 0.8045081967213115 0.077328125 0.12714285714285714
5 0.6583828125 0.6989695550351288 0.077546875 0.10927400468384074
5 0.2615390625 0.7014988290398125 0.07764062499999999 0.18126463700234194
5 0.3434140625 0.5850702576112412 0.040234375 0.06414519906323185
5 0.1447265625 0.8258430913348946 0.045953125 0.18231850117096018
5 0.41875 0.6627634660421545 0.753125 0.6229508196721312