4 0.35578125 0.5455729166666666 0.2356875 0.25427083333333333
4 0.648859375 0.6465208333333333 0.15046874999999998 0.296375
4 0.15794531250000002 0.25646874999999997 0.181765625 0.2635208333333333
4 0.55315625 0.1865520833333333 0.13746875 0.17735416666666665
4 0.7005859375 0.14117708333333334 0.169421875 0.18352083333333333
4 0.0723515625 0.5317604166666666 0.141171875 0.2070625
4 0.0935234375 0.7119270833333334 0.148234375 0.2329375
4 0.8838046875 0.509625 0.18660937500000002 0.2582083333333333
4 0.25158593749999997 0.36544791666666665 0.139828125 0.17764583333333334
4 0.8709453125 0.7169479166666667 0.143765625 0.15110416666666668
4 0.21680468749999998 0.7543541666666667 0.138984375 0.17816666666666667
4 0.7847500000000001 0.33195833333333336 0.13871875 0.22291666666666668
4 0.37873437499999996 0.34715625 0.12553125 0.14022916666666668
4 0.9640625 0.5729166666666666 0.06875 0.32916666666666666