8 0.75 0.7600898692810457 0.4910457516339869 0.4170424836601307
4 0.14943627450980393 0.14943627450980393 0.14158496732026143 0.146062091503268
8 0.39771241830065357 0.8452859477124182 0.20009803921568625 0.197859477124183
8 0.4139542483660131 0.6737908496732027 0.18290849673202614 0.16872549019607844
8 0.08830882352941177 0.7818218954248366 0.16622549019607843 0.17142156862745098
8 0.13283496732026145 0.6168709150326797 0.16772875816993466 0.15593137254901962
8 0.24577614379084967 0.6833986928104575 0.15965686274509802 0.15826797385620914
8 0.21631535947712416 0.8318709150326796 0.19429738562091503 0.19429738562091503
5 0.6354820261437909 0.05473856209150327 0.06883986928104575 0.03395424836601307
5 0.5963970588235293 0.07924019607843139 0.03400326797385621 0.026519607843137255
5 0.7398366013071895 0.11774509803921569 0.04702614379084968 0.03669934640522876
5 0.7153267973856209 0.10143790849673202 0.06990196078431372 0.0346078431372549