7 0.3151484375 0.8418117647058825 0.37517187500000004 0.2231529411764706
7 0.3872421875 0.6584235294117646 0.264140625 0.13934117647058825
6 0.3567109375 0.8449764705882353 0.022390625 0.04590588235294118
6 0.400609375 0.6680941176470588 0.04421875 0.052658823529411765
6 0.44525 0.6143176470588236 0.0158125 0.025294117647058825
6 0.34625 0.6345294117647059 0.02190625 0.02755294117647059
6 0.32006249999999997 0.651270588235294 0.0200625 0.02475294117647059
6 0.2774609375 0.7425529411764705 0.025296875000000003 0.03484705882352941
6 0.466484375 0.537035294117647 0.083625 0.0568
6 0.33508593750000004 0.785964705882353 0.021734375 0.031411764705882354
6 0.3917734375 0.7530941176470588 0.020359375 0.034611764705882356
6 0.47228906249999997 0.6424235294117646 0.016953125 0.028376470588235295
6 0.3774765625 0.6028941176470589 0.019921875 0.02432941176470588
6 0.3691796875 0.6412588235294117 0.029359375 0.0348
6 0.31899218749999997 0.8084352941176471 0.07876562499999999 0.06374117647058823
6 0.40596875 0.6302588235294118 0.0160625 0.025223529411764707