3 0.7841866666666667 0.52054 0.40256000000000003 0.27296
3 0.8102133333333333 0.8067000000000001 0.3795733333333333 0.31992000000000004
3 0.24510666666666664 0.8071499999999999 0.40952 0.30322000000000005
3 0.16029333333333334 0.6468100000000001 0.3205866666666667 0.26966
3 0.48390666666666665 0.47977 0.29064 0.21797999999999998
3 0.1924 0.46554 0.34303999999999996 0.24608000000000002
3 0.48918666666666666 0.70044 0.40568 0.29975999999999997
3 0.5205599999999999 0.91869 0.4464533333333333 0.16262000000000001
3 0.5000666666666667 0.37683000000000005 0.2846666666666667 0.10822
3 0.32208 0.28918 0.31861333333333336 0.2104
3 0.6390399999999999 0.24508 0.32469333333333333 0.22019999999999998
3 0.65908 0.08776 0.27464 0.17552
3 0.14642666666666668 0.21472 0.26528 0.18603999999999998
3 0.49866666666666665 0.499 0.9973333333333333 0.998