8 0.6253458213256484 0.7608 0.07962536023054755 0.14396
8 0.5642651296829971 0.7505799999999999 0.06772334293948126 0.13908
8 0.31256484149855907 0.7827799999999999 0.09187319884726225 0.06544
8 0.4457492795389049 0.7737 0.08319884726224784 0.08464
8 0.37930835734870316 0.77562 0.07884726224783861 0.08807999999999999
8 0.6761959654178674 0.8370299999999999 0.12645533141210374 0.0155
8 0.45599423631123914 0.8212999999999999 0.08651296829971182 0.0376
8 0.3760086455331412 0.82127 0.09069164265129682 0.03742
8 0.505821325648415 0.75025 0.06414985590778098 0.12262
8 0.519207492795389 0.81649 0.05530259365994237 0.05066
8 0.30546109510086455 0.82364 0.08942363112391931 0.03628