8 0.1791953125 0.3997395833333333 0.073359375 0.06260416666666667
8 0.5988203125 0.3607916666666667 0.067671875 0.05479166666666667
8 0.518734375 0.365 0.0668125 0.05404166666666667
8 0.5174921875 0.32142708333333336 0.06489062500000001 0.04552083333333334
8 0.28962499999999997 0.3632604166666667 0.0713125 0.05464583333333333
8 0.19139843750000002 0.35309375 0.065453125 0.0540625
8 0.11534375000000001 0.3545729166666666 0.07515625000000001 0.052187500000000005
8 0.10334375 0.40415625 0.0708125 0.0646875
8 0.34425781250000004 0.40222916666666664 0.069515625 0.059125
8 0.7267421875 0.3330208333333333 0.067265625 0.065125
8 0.269921875 0.40881249999999997 0.0720625 0.062375
8 0.364453125 0.35964583333333333 0.06021875 0.052375
8 0.8574140625 0.4075833333333333 0.065546875 0.06291666666666666
8 0.41484375 0.3458333333333333 0.8265625 0.15