0 0.5909140625 0.6242505854800937 0.084046875 0.11674473067915692
0 0.7012109375 0.6403981264637002 0.117796875 0.11035128805620609
0 0.48078125 0.7031498829039813 0.09196875 0.1418969555035129
0 0.66553125 0.7350351288056206 0.066125 0.08201405152224825
0 0.7578828125 0.7209484777517564 0.065734375 0.0334192037470726
0 0.5609531249999999 0.7049180327868853 0.054593749999999996 0.043700234192037474
0 0.5698515625 0.7487002341920375 0.150703125 0.18587822014051522
0 0.5106171875 0.6138758782201406 0.072140625 0.11149882903981265
0 0.55340625 0.6148829039812647 0.0389375 0.08911007025761124
0 0.6761171874999999 0.6966978922716628 0.074046875 0.043700234192037474
1 0.889640625 0.5849882903981265 0.21909375 0.2297423887587822
3 0.8160078125 0.7006440281030445 0.030046875 0.0422248243559719
3 0.83953125 0.653208430913349 0.0320625 0.037798594847775174
3 0.8419453125 0.6882084309133489 0.032296875 0.04386416861826698
3 0.8035078125 0.5957142857142856 0.033140625 0.04088992974238876
3 0.8874218749999999 0.671440281030445 0.03175 0.03641686182669789
3 0.8579453125000001 0.6104332552693209 0.074046875 0.05098360655737705
3 0.780359375 0.5855854800936768 0.025718750000000002 0.04002341920374707
3 0.8157578124999999 0.6648243559718969 0.030265625 0.03348946135831382
3 0.760515625 0.5832435597189696 0.0193125 0.035339578454332554
3 0.809765625 0.6294730679156908 0.03496875 0.041007025761124125
3 0.8093046875000001 0.5441334894613583 0.043953124999999996 0.03370023419203747
3 0.82540625 0.5210538641686182 0.03240625 0.03957845433255269
0 0.6678984375 0.6601990632318502 0.10132812499999999 0.09885245901639345
3 0.738640625 0.5483255269320844 0.024906249999999998 0.03566744730679157
3 0.796875 0.6194379391100703 0.2375 0.25526932084309134