8 0.5547147147147147 0.87813 0.5269069069069069 0.24374
8 0.3177327327327327 0.7602299999999999 0.3703003003003003 0.22534
8 0.7254354354354354 0.68989 0.45213213213213216 0.13034
8 0.8458558558558559 0.7797799999999999 0.3082882882882883 0.20224
8 0.8837537537537539 0.9123399999999999 0.2324924924924925 0.17532
8 0.3376876876876877 0.6028600000000001 0.3659459459459459 0.21496
8 0.21594594594594593 0.46449 0.3778978978978979 0.2427
8 0.27211711711711717 0.16626999999999997 0.32165165165165166 0.22497999999999999
8 0.5239489489489491 0.24057 0.2155855855855856 0.21934
8 0.1836786786786787 0.33187 0.3513813813813814 0.16166
8 0.7194594594594594 0.35812 0.3536936936936937 0.28931999999999997
8 0.8704954954954955 0.46494 0.25900900900900903 0.32727999999999996
8 0.9316816816816816 0.5318299999999999 0.13663663663663664 0.3375
8 0.4984984984984985 0.48 0.996996996996997 0.96