3 0.09202 0.32421333333333335 0.05292 0.06277333333333333
3 0.1395 0.30376000000000003 0.05088 0.07738666666666666
3 0.22799 0.28997333333333336 0.01654 0.02970666666666667
3 0.21670999999999999 0.2891066666666666 0.03578 0.05618666666666667
1 0.67088 0.7407866666666667 0.65824 0.5184266666666667
1 0.35814999999999997 0.7378266666666666 0.30506 0.3078666666666667
1 0.35899000000000003 0.5614133333333333 0.0809 0.09888
1 0.51442 0.39796 0.055920000000000004 0.052186666666666666
1 0.42628000000000005 0.4147733333333333 0.10136 0.08432
1 0.36824 0.39778666666666673 0.031239999999999997 0.039626666666666664
1 0.28018 0.4631333333333333 0.056960000000000004 0.0612
1 0.7293299999999999 0.43060000000000004 0.07206 0.07293333333333334
1 0.26869 0.6255333333333334 0.14446 0.14178666666666667
1 0.54674 0.5509333333333333 0.2512 0.30117333333333335
1 0.72483 0.5061333333333333 0.0841 0.10208
1 0.3185 0.4675333333333333 0.2474 0.32728
1 0.35552 0.3398 0.10628 0.11442666666666666
3 0.03865 0.33418666666666663 0.03614 0.06533333333333333
1 0.52 0.452 0.956 0.3973333333333333