4 0.57305 0.4130630630630631 0.24662 0.4175975975975976
4 0.17081 0.4529429429429429 0.27894 0.4212012012012012
4 0.80939 0.20705705705705701 0.2429 0.20234234234234233
5 0.33958000000000005 0.5855105105105105 0.12056 0.180990990990991
5 0.43611 0.19746246246246246 0.10357999999999999 0.09162162162162163
5 0.51846 0.13094594594594597 0.11228 0.10987987987987989
4 0.85924 0.45232732732732733 0.245 0.2564864864864865
4 0.9747199999999999 0.7361711711711713 0.04832 0.18765765765765766
5 0.87776 0.7331831831831831 0.24448 0.46966966966966966
5 0.25739 0.11015015015015014 0.09858 0.09141141141141142
5 0.052840000000000005 0.27900900900900905 0.10568000000000001 0.17123123123123124
5 0.90989 0.14345345345345345 0.11006 0.18696696696696696
5 0.00667 0.6314264264264264 0.01334 0.10747747747747748
5 0.25256 0.3311711711711712 0.05536 0.13249249249249248