3 0.8126500000000001 0.8141200000000001 0.13942 0.24472
3 0.8903 0.8576266666666666 0.20976 0.27349333333333337
4 0.36845 0.6286666666666667 0.13922 0.22922666666666666
4 0.10275 0.53304 0.20034 0.25151999999999997
4 0.25677 0.3447066666666666 0.18530000000000002 0.14354666666666666
4 0.10412 0.8828133333333333 0.18 0.14354666666666666
4 0.29381999999999997 0.8458933333333334 0.09351999999999999 0.10117333333333332
4 0.26673 0.60432 0.0829 0.13594666666666666
5 0.41774 0.45028000000000007 0.11320000000000001 0.12861333333333333
5 0.31866999999999995 0.87564 0.1153 0.11528
5 0.0161 0.77116 0.0322 0.19170666666666666
5 0.21475 0.661 0.040740000000000005 0.03357333333333333
5 0.40381 0.7635599999999999 0.1009 0.17522666666666664
3 0.7813 0.60676 0.08976 0.12136
4 0.43725 0.58364 0.08622 0.17245333333333335