8 0.42302343750000004 0.7987195121951219 0.065578125 0.08642276422764228
8 0.348828125 0.7524390243902439 0.060187500000000005 0.08008130081300813
8 0.2697265625 0.6560365853658537 0.065484375 0.06390243902439025
8 0.24025781250000003 0.5557317073170732 0.046765625 0.05028455284552845
8 0.15421875 0.5102439024390244 0.04396875 0.048658536585365855
8 0.475265625 0.8366361788617886 0.0703125 0.08689024390243902
8 0.3967734375 0.7001321138211383 0.058828124999999995 0.06880081300813008
8 0.300265625 0.7177235772357724 0.06759375 0.07085365853658536
8 0.3121875 0.618760162601626 0.05953125 0.06621951219512195
8 0.27610156249999995 0.5985873983739838 0.05354687500000001 0.052256097560975615
8 0.47752343750000004 0.7370121951219513 0.061921875 0.07520325203252033
8 0.35040625 0.670609756097561 0.06425 0.06817073170731708
8 0.44109375 0.6535670731707317 0.07159375 0.06863821138211383
8 0.3421875 0.5487804878048781 0.56875 0.5447154471544715