2 0.4351328125 0.869125 0.301890625 0.25645833333333334
2 0.2948203125 0.6105104166666667 0.22795312499999998 0.22089583333333335
2 0.8455078125 0.5838958333333333 0.308984375 0.31908333333333333
2 0.2460625 0.7585729166666667 0.24943749999999998 0.2404375
2 0.5658593749999999 0.58215625 0.208875 0.18247916666666666
2 0.761796875 0.396625 0.21909375 0.12358333333333334
2 0.4186640625 0.6714895833333333 0.13023437499999999 0.21747916666666667
2 0.562 0.69846875 0.17175 0.18052083333333335
9 0.41710156249999997 0.21344791666666665 0.254578125 0.20364583333333333
2 0.709359375 0.80078125 0.291875 0.34481249999999997
2 0.6675078125 0.4831875 0.134546875 0.15670833333333334
2 0.43481250000000005 0.5454895833333334 0.07209375 0.0765625