0 0.46184375 0.6665078125 0.08239583333333332 0.11385937500000001
0 0.5511250000000001 0.8103203125 0.17429166666666665 0.08592187500000001
0 0.5435416666666666 0.857796875 0.17720833333333333 0.11456249999999998
0 0.52109375 0.6743203125 0.06360416666666667 0.094953125
0 0.36913541666666666 0.6803046875 0.1136875 0.088171875
0 0.5193541666666667 0.8809453125 0.183 0.134390625
0 0.6012604166666667 0.788171875 0.09864583333333334 0.04040625
0 0.4006979166666666 0.6655546875 0.09902083333333334 0.11139062500000001
9 0.54340625 0.407515625 0.17764583333333334 0.059781249999999994
9 0.56909375 0.5729218749999999 0.2778958333333333 0.083875
0 0.5434895833333333 0.6948359375 0.12477083333333333 0.10979687499999999
0 0.5211979166666667 0.4056875 0.025604166666666664 0.01996875
0 0.5529583333333333 0.403859375 0.03175 0.014875
0 0.48801041666666667 0.746890625 0.07327083333333334 0.059375