6 0.7655859374999999 0.68571875 0.050640624999999995 0.11947916666666666
6 0.4974609375 0.42603125000000003 0.111328125 0.2155625
6 0.37684375000000003 0.36073958333333334 0.146 0.18497916666666667
6 0.1767890625 0.47940625 0.077765625 0.07010416666666666
6 0.2135390625 0.48141666666666666 0.064640625 0.07012499999999999
6 0.23035156250000002 0.49664583333333334 0.069140625 0.06833333333333333
6 0.26184375000000004 0.5048020833333333 0.06393750000000001 0.07768749999999999
6 0.41428906249999997 0.3824583333333333 0.179203125 0.187
6 0.7333359374999999 0.49630208333333337 0.081484375 0.23210416666666667
6 0.7227187500000001 0.6916249999999999 0.0454375 0.1235
6 0.667953125 0.44146874999999997 0.11746875000000001 0.19577083333333334
6 0.30643750000000003 0.35119791666666667 0.13799999999999998 0.23685416666666667
6 0.322859375 0.5185208333333333 0.05493749999999999 0.08587499999999999
6 0.49907031250000006 0.6181458333333334 0.066203125 0.118625
6 0.4064453125 0.5878958333333333 0.06448437500000001 0.10104166666666667
6 0.5399765624999999 0.6363020833333334 0.053984374999999994 0.10397916666666666
6 0.46567968749999994 0.62028125 0.072671875 0.10185416666666666
6 0.3561796875 0.5149583333333333 0.049984375 0.09358333333333334
6 0.546875 0.6166666666666667 0.553125 0.30833333333333335