4 0.42085156249999994 0.7555188679245284 0.10495312500000001 0.22570754716981134
4 0.5317968750000001 0.34152122641509436 0.21321875 0.11643867924528302
4 0.2984375 0.5636792452830188 0.2125 0.3136792452830189
4 0.7016171874999999 0.629245283018868 0.124078125 0.20721698113207548
5 0.57640625 0.4954952830188679 0.065625 0.21816037735849056
5 0.6250625000000001 0.6603183962264152 0.07259375 0.18988207547169814
5 0.664734375 0.46179245283018866 0.12356249999999999 0.18650943396226416
5 0.7911796875 0.7212853773584905 0.068296875 0.21898584905660376
5 0.844875 0.7584198113207548 0.09678125 0.11910377358490566
5 0.1870625 0.5967924528301887 0.060281249999999995 0.11811320754716981
5 0.3185546875 0.412063679245283 0.05582812499999999 0.06403301886792452
5 0.1458984375 0.3707900943396226 0.08039062500000001 0.09889150943396226
5 0.15285156249999998 0.45577830188679247 0.048796875 0.06089622641509434