8 0.7685466666666666 0.5737800000000001 0.1588 0.08316
8 0.7167333333333332 0.74442 0.16157333333333335 0.10308
8 0.5416933333333334 0.7879 0.16664 0.11288
8 0.34310666666666667 0.74653 0.19496 0.11698
8 0.8732666666666667 0.7955699999999999 0.16317333333333334 0.11978
8 0.27249333333333337 0.5063799999999999 0.12477333333333333 0.07448
8 0.5807066666666667 0.67212 0.14365333333333333 0.10056
8 0.23712 0.68787 0.16042666666666666 0.12286
8 0.40385333333333334 0.6628200000000001 0.14744 0.09276000000000001
8 0.11885333333333334 0.5992799999999999 0.16709333333333332 0.08428000000000001
8 0.35126666666666667 0.8926799999999999 0.19341333333333333 0.11084000000000001
8 0.15642666666666666 0.8204100000000001 0.15856 0.12337999999999999
8 0.13229333333333332 0.5170399999999999 0.12042666666666665 0.08044
8 0.444 0.42 0.888 0.68