4 0.535105633802817 0.5067421875 0.2734507042253521 0.137078125
4 0.6436619718309858 0.6256250000000001 0.38061032863849764 0.11071875
4 0.49801643192488265 0.3755234375 0.2300704225352113 0.12989062499999998
4 0.850856807511737 0.40667968749999994 0.17086854460093898 0.11373437500000001
4 0.9407276995305164 0.482796875 0.11215962441314554 0.12403125
4 0.17660798122065727 0.44844531249999997 0.35321596244131453 0.137453125
4 0.3342370892018779 0.5670390625 0.24983568075117374 0.09664062500000001
4 0.6654225352112677 0.47250781249999996 0.16460093896713615 0.136953125
4 0.1147887323943662 0.5411953125 0.19582159624413145 0.166296875
4 0.6436032863849765 0.582265625 0.248943661971831 0.09037500000000001
4 0.8775821596244131 0.5875312500000001 0.2448356807511737 0.15775