8 0.555203125 0.708326359832636 0.052468749999999995 0.058744769874476986
8 0.5066953125 0.7471338912133891 0.053140625 0.04334728033472803
8 0.4528515625000001 0.7407112970711297 0.054796875 0.04401673640167364
8 0.5606171875 0.7498640167364017 0.054703125 0.038682008368200835
8 0.5033203125 0.705397489539749 0.056046874999999996 0.05866108786610878
8 0.44917968750000004 0.7002092050209204 0.057359375000000004 0.05288702928870293
8 0.7837265625000001 0.4402824267782427 0.037265625000000004 0.026673640167364017
8 0.83321875 0.5293619246861925 0.048093750000000005 0.024372384937238496
8 0.915953125 0.5239539748953974 0.0405 0.01882845188284519
8 0.874625 0.5245606694560669 0.04425 0.020627615062761506
8 0.9546875 0.5199058577405858 0.04090625 0.02115062761506276