2 0.4459466666666667 0.7093599999999999 0.22282666666666667 0.14236000000000001
2 0.62332 0.64227 0.2541066666666667 0.13678
2 0.6376133333333333 0.38415 0.12168000000000001 0.07278
2 0.47016 0.5818099999999999 0.24138666666666667 0.12386
2 0.9831866666666667 0.4660599999999999 0.033626666666666666 0.09356
2 0.8404533333333334 0.40786 0.11685333333333334 0.08764
2 0.9383466666666667 0.43979 0.10304 0.08022
2 0.67396 0.35256 0.12738666666666668 0.08248
2 0.7692800000000001 0.37574 0.116 0.07912000000000001
2 0.28852 0.5017 0.2169333333333333 0.10868000000000001
2 0.15597333333333332 0.5637 0.22368 0.10984000000000001
8 0.5406 0.6736800000000001 0.09554666666666667 0.07540000000000001
8 0.07634666666666666 0.5782999999999999 0.04848 0.06828000000000001
8 0.23090666666666665 0.51698 0.060693333333333335 0.060880000000000004
8 0.37350666666666665 0.7320899999999999 0.09144 0.09237999999999999
8 0.4139066666666667 0.61356 0.05314666666666667 0.04376
2 0.2662133333333333 0.67201 0.06341333333333334 0.0883
2 0.22526666666666664 0.60202 0.22296 0.119
2 0.3253333333333333 0.651 0.21333333333333335 0.174