0 0.74509375 0.4884543325526932 0.02028125 0.04730679156908665
0 0.75353125 0.46941451990632316 0.13187500000000002 0.32707259953161594
0 0.2608828125 0.36730679156908663 0.072140625 0.114192037470726
0 0.1929609375 0.3826814988290398 0.018015625 0.034262295081967216
0 0.54934375 0.43703747072599536 0.0875 0.22512880562060889
0 0.1671953125 0.3775878220140515 0.016234375000000002 0.03091334894613583
0 0.115921875 0.38927400468384077 0.046656249999999996 0.03114754098360656
0 0.0552109375 0.35515222482435593 0.048171874999999996 0.09901639344262296
0 0.455734375 0.3388056206088993 0.02190625 0.02608899297423888
0 0.42924999999999996 0.3354215456674473 0.0168125 0.02503512880562061
0 0.18653906250000002 0.32592505854800935 0.022390625 0.02407494145199063
0 0.1796171875 0.3650351288056206 0.060203125 0.15217798594847776
0 0.2673515625 0.6294847775175643 0.023359374999999998 0.01269320843091335
0 0.5078125 0.5960187353629977 0.03125 0.03044496487119438