4 0.2258828125 0.18784374999999998 0.116484375 0.10822916666666667
4 0.5744374999999999 0.47846875 0.1403125 0.1539375
4 0.2935 0.43211458333333336 0.05959375 0.1059375
4 0.3785234375 0.3223541666666667 0.234703125 0.3294166666666667
4 0.5322734375 0.6138645833333333 0.143765625 0.17327083333333335
4 0.335390625 0.64465625 0.137375 0.23135416666666667
4 0.209421875 0.7051979166666666 0.12662500000000002 0.22077083333333333
4 0.78415625 0.2274375 0.08434375 0.144375
4 0.6219296875 0.8385104166666667 0.119890625 0.17710416666666667
4 0.7225859375 0.6378854166666666 0.145109375 0.2282708333333333
4 0.76171875 0.4453229166666667 0.1328125 0.14322916666666666
4 0.1314921875 0.47402083333333334 0.177265625 0.5012916666666667
4 0.535296875 0.22051041666666665 0.42940625 0.3264375
4 0.55390625 0.6270833333333333 0.5609375 0.5958333333333333