0 0.27949999999999997 0.5766249999999999 0.5555 0.8154166666666666
0 0.49556249999999996 0.35402083333333334 0.12234375 0.5248333333333333
0 0.40147656249999997 0.25176041666666665 0.181765625 0.45177083333333334
0 0.6891171875 0.26117708333333334 0.157046875 0.41410416666666666
3 0.85059375 0.58 0.24706250000000002 0.294125
3 0.72 0.7542708333333332 0.225875 0.294125
0 0.5426953125 0.2793958333333333 0.192140625 0.5415833333333333
0 0.7284140625 0.35479166666666667 0.258765625 0.3625
3 0.9091328125 0.8251770833333334 0.181734375 0.27589583333333334
0 0.31446093750000004 0.16152083333333334 0.077796875 0.04920833333333333
0 0.6340859375 0.23377083333333334 0.083765625 0.3065