8 0.6147656250000001 0.7988732394366197 0.28718750000000004 0.37976525821596246
8 0.586171875 0.16666666666666666 0.239875 0.3220657276995305
8 0.8196875 0.15955399061032863 0.23334375000000002 0.3056338028169014
8 0.797359375 0.47970657276995304 0.26734375 0.34964788732394364
8 0.8731953125 0.8112323943661971 0.253609375 0.3550469483568075
8 0.3746953125 0.4584272300469484 0.23185937499999998 0.35056338028169015
8 0.35974218750000003 0.8157276995305164 0.237828125 0.346056338028169
8 0.34403125 0.16068075117370892 0.24231250000000001 0.30338028169014086
8 0.5775546874999999 0.45926056338028165 0.21345312500000002 0.31429577464788727
8 0.1256953125 0.2553286384976526 0.218453125 0.3291549295774648
8 0.15464843749999999 0.5365727699530516 0.20495312499999999 0.32812206572769953
8 0.13162500000000002 0.8314553990610328 0.22137500000000002 0.3146009389671362