3 0.5171953125 0.8051990632318501 0.033296875 0.04749414519906323
3 0.9157187499999999 0.5928688524590164 0.04771875 0.05721311475409836
3 0.8667109375 0.5129156908665105 0.023984375 0.02081967213114754
3 0.6859921874999999 0.4872833723653396 0.262765625 0.15072599531615924
3 0.505390625 0.8263934426229508 0.12565625 0.08309133489461358
3 0.34118750000000003 0.8504332552693208 0.04696875 0.06433255269320842
3 0.63975 0.803711943793911 0.12371875000000002 0.05552693208430914
3 0.7502109375 0.7836651053864169 0.094484375 0.0494847775175644
3 0.8632499999999999 0.8364402810304449 0.1103125 0.04604215456674473
3 0.8174296875 0.8699063231850117 0.104546875 0.061451990632318494
3 0.231984375 0.8943676814988292 0.11796875 0.06573770491803278
3 0.20835937499999999 0.7184894613583138 0.10578125000000001 0.04981264637002342
3 0.967734375 0.6108548009367682 0.05034375 0.0636768149882904
1 0.5128515625000001 0.7677634660421545 0.038828125000000005 0.048688524590163935
3 0.32757812499999994 0.7982435597189697 0.10071875 0.05639344262295082
1 0.39998437499999995 0.8816042154566744 0.04828125 0.03843091334894613
1 0.1507265625 0.8406908665105387 0.012171875 0.01215456674473068
3 0.5328125 0.5234192037470726 0.93125 0.9484777517564403