3 0.4269765625 0.5426056338028169 0.42135937500000004 0.274225352112676
3 0.5117421875 0.9519014084507043 0.224203125 0.06046948356807512
5 0.7115625 0.514330985915493 0.078 0.21354460093896713
5 0.5623359375 0.2575 0.086390625 0.10964788732394366
5 0.2243125 0.305293427230047 0.03478125 0.2133098591549296
5 0.8394062499999999 0.22782863849765259 0.07478125 0.09321596244131455
5 0.5966015625 0.35096244131455395 0.047796875 0.07178403755868544
5 0.356140625 0.283169014084507 0.0758125 0.062018779342723006
5 0.26135156249999997 0.15379107981220658 0.077171875 0.03795774647887324
5 0.0674296875 0.6805164319248825 0.041484375000000004 0.10389671361502346
5 0.8881796875000001 0.5250117370892019 0.026921875 0.09068075117370893