8 0.4666770833333333 0.8123984375 0.17006249999999998 0.12257812500000001
8 0.3318333333333333 0.45833593749999996 0.24925 0.11485937500000001
8 0.6842812500000001 0.9391874999999998 0.15247916666666667 0.09703125
8 0.7207395833333333 0.85528125 0.13310416666666666 0.0785
8 0.64034375 0.7638281250000001 0.1578125 0.11053125
8 0.16219791666666664 0.8329609375 0.16810416666666667 0.10414062500000001
8 0.49832291666666667 0.702421875 0.14731249999999999 0.0948125
8 0.37365625 0.6535625 0.13302083333333334 0.0811875
8 0.5205104166666668 0.61265625 0.1219375 0.059343749999999994
8 0.64853125 0.6185546875 0.11735416666666666 0.063734375
8 0.3310729166666667 0.7440781249999999 0.1453125 0.10821875
8 0.61690625 0.431421875 0.25235416666666666 0.11621875
8 0.44904166666666673 0.3990078125 0.21541666666666667 0.100546875
8 0.43645833333333334 0.50078125 0.8729166666666667 0.3984375