1 0.326078125 0.13963700234192036 0.19234374999999998 0.1734192037470726
1 0.45541406249999994 0.17930913348946134 0.038078125000000004 0.07800936768149884
1 0.1745546875 0.18747072599531614 0.033796875 0.03203747072599532
1 0.4575234375 0.16056206088992975 0.190265625 0.1901170960187354
1 0.6616484375 0.8077517564402811 0.067359375 0.08627634660421546
1 0.2297109375 0.10563231850117095 0.041640625 0.06100702576112412
1 0.20812499999999998 0.08783372365339577 0.025343749999999998 0.04175644028103044
1 0.2475234375 0.09064402810304449 0.024609375 0.03299765807962529
1 0.186984375 0.136943793911007 0.03315625 0.04517564402810304
1 0.21242968749999996 0.13099531615925059 0.021140625 0.04072599531615925
1 0.17725 0.1681967213114754 0.09171875 0.0785480093676815
1 0.2296796875 0.14805620608899298 0.024765625 0.031241217798594848
1 0.66484375 0.5152224824355972 0.3328125 0.5761124121779859