0 0.5475300000000001 0.7382846715328467 0.04018 0.06907542579075426
0 0.23188 0.7885401459854015 0.19812000000000002 0.2762043795620438
0 0.1711 0.8872141119221411 0.20104 0.22537712895377127
0 0.17212 0.5788929440389294 0.1458 0.18279805352798054
0 0.31391 0.5271776155717762 0.0505 0.08097323600973236
0 0.41873 0.6336496350364964 0.03934 0.08019464720194647
0 0.7258600000000001 0.7389172749391727 0.05228 0.047518248175182486
0 0.69973 0.9032481751824818 0.10837999999999999 0.08605839416058393
0 0.602 0.9422992700729927 0.10851999999999999 0.09360097323600973
0 0.12444 0.7579440389294404 0.07712000000000001 0.08070559610705597
0 0.75271 0.731301703163017 0.01778 0.05
0 0.53969 0.8127372262773722 0.10066 0.09126520681265206
0 0.36574 0.5771532846715328 0.04044 0.07036496350364964
0 0.43 0.7177615571776156 0.86 0.559610705596107