8 0.8389110070257612 0.44281250000000005 0.047330210772833725 0.02475
8 0.8636182669789229 0.4376015625 0.048501170960187356 0.033640625
8 0.9484543325526932 0.31803906249999997 0.03662763466042155 0.016515625
8 0.9102341920374708 0.32223437499999996 0.0356440281030445 0.0115625
8 0.8655152224824357 0.323046875 0.040304449648711944 0.01059375
8 0.8584192037470726 0.31259375 0.03655737704918033 0.0121875
8 0.822576112412178 0.3190234375 0.04084309133489462 0.020015625000000002
8 0.8967447306791569 0.31257812500000004 0.028618266978922717 0.012875000000000001
8 0.9042740046838408 0.288484375 0.03365339578454332 0.0165
8 0.8169555035128806 0.3053984375 0.03180327868852459 0.013234375000000001
8 0.3174004683840749 0.252234375 0.0346135831381733 0.018125
8 0.059168618266978924 0.3403203125 0.041007025761124125 0.013359375000000001
8 0.8924590163934427 0.4359609375 0.04936768149882904 0.033796875
8 0.4847775175644028 0.2578125 0.9695550351288056 0.203125