1 0.225296875 0.6989906103286384 0.058125 0.09361502347417841
1 0.5895781250000001 0.6163732394366197 0.11028125 0.2633098591549296
1 0.2142578125 0.5663967136150234 0.051359375 0.05805164319248826
1 0.830515625 0.8322769953051643 0.169125 0.3354460093896714
1 0.748328125 0.492206572769953 0.053531249999999996 0.11258215962441315
1 0.9449765625 0.8989671361502348 0.062078125 0.09845070422535211
1 0.6688671875 0.6842723004694836 0.046515625 0.08807511737089202
1 0.46939062499999995 0.612981220657277 0.06396874999999999 0.07272300469483568
1 0.2866171875 0.5722300469483569 0.052640624999999996 0.08056338028169015
1 0.048085937499999995 0.5175469483568075 0.057578125 0.07392018779342723
1 0.49835156250000007 0.5755164319248826 0.046796875 0.059906103286384974
1 0.36960156250000004 0.6825938967136149 0.059546875 0.07490610328638497
1 0.148828125 0.5358098591549296 0.0489375 0.06875586854460093