0 0.385109375 0.29914999999999997 0.03025 0.060020000000000004
0 0.49229687499999997 0.22826 0.04025 0.04428
0 0.45893750000000005 0.19479 0.05565625 0.032299999999999995
0 0.49359374999999994 0.17793 0.0260625 0.04186
0 0.5978125000000001 0.28017000000000003 0.07040625 0.04686
0 0.6253359374999999 0.23509 0.012953125 0.02162
0 0.25508593749999997 0.24668 0.055890625000000006 0.10556
0 0.545078125 0.26156 0.043187500000000004 0.04084
0 0.21330468750000003 0.17912 0.07535937499999999 0.14712
0 0.5063359375 0.26986 0.058546875 0.0396
0 0.361859375 0.25562 0.0438125 0.02512
0 0.1495234375 0.16017 0.035421875000000005 0.08426
0 0.37282031250000003 0.20085999999999998 0.061015625 0.052399999999999995
0 0.43046875 0.231 0.4890625 0.206