6 0.36090625000000004 0.26390625 0.05209375000000001 0.07335416666666666
6 0.4640000000000001 0.18129166666666666 0.042875 0.06783333333333334
6 0.3806640625 0.08644791666666668 0.078265625 0.0851875
6 0.3068515625 0.2529895833333333 0.059640625 0.059520833333333335
9 0.38630468749999997 0.5753333333333334 0.10107812499999999 0.10745833333333334
9 0.5033984375 0.769 0.10873437500000001 0.151125
9 0.6958359375000001 0.34941666666666665 0.085703125 0.09391666666666666
9 0.5866875 0.7240520833333334 0.12040625 0.17156249999999998
9 0.4594296875 0.7040416666666668 0.095296875 0.12904166666666667
9 0.510609375 0.423875 0.0863125 0.05345833333333334
9 0.7402578125 0.37403125 0.093515625 0.0883125
9 0.6467578125 0.6545416666666667 0.089609375 0.12987500000000002
6 0.24200781249999997 0.6592812499999999 0.059109375 0.0558125
6 0.29021875 0.15822916666666667 0.0426875 0.07491666666666667
6 0.3223828125 0.12923958333333332 0.045078125000000004 0.0724375