4 0.3686640625 0.44 0.23539062500000002 0.40471698113207544
4 0.83046875 0.3431603773584906 0.2265625 0.3466981132075472
4 0.495421875 0.04175707547169811 0.10593749999999999 0.07492924528301886
5 0.5991484375 0.4490330188679245 0.258359375 0.09570754716981132
5 0.6336953125 0.3803066037735849 0.196421875 0.06518867924528302
5 0.7139375 0.5447051886792452 0.06859375 0.2988443396226415
5 0.9009218750000001 0.7389033018867925 0.10124999999999999 0.37139150943396226
5 0.9213749999999999 0.6462146226415094 0.13640625 0.2777122641509434
5 0.2891640625 0.7094103773584904 0.151203125 0.1717452830188679
5 0.42172656249999996 0.6540448113207548 0.172921875 0.14049528301886793
5 0.62871875 0.3222877358490566 0.1671875 0.08759433962264151
5 0.3680703125 0.11216981132075472 0.059703125 0.13825471698113206
5 0.2665 0.33170990566037734 0.08090625 0.17134433962264153
5 0.2057265625 0.46691037735849056 0.116484375 0.2637264150943396