1 0.7818750000000001 0.5351764705882354 0.0335625 0.05407058823529412
1 0.7962734375 0.5279294117647059 0.016015625 0.03204705882352941
1 0.8130546875 0.5186941176470589 0.023640625000000002 0.03898823529411765
1 0.7993125 0.4888823529411765 0.01603125 0.035176470588235295
1 0.762703125 0.498764705882353 0.022875 0.031129411764705885
1 0.7171015625 0.4784235294117647 0.015890625 0.02225882352941177
1 0.5972109375 0.5176705882352942 0.048265625 0.06009411764705882
1 0.6415 0.6252941176470588 0.056125 0.06522352941176471
1 0.7809921875000001 0.49151764705882356 0.033328125 0.03898823529411765
1 0.607671875 0.5772588235294117 0.0996875 0.09757647058823529
3 0.6738125 0.4846823529411764 0.03725 0.04489411764705882
3 0.7661796875 0.5538470588235294 0.020703125 0.05941176470588235
4 0.4376953125 0.8920705882352941 0.116921875 0.19463529411764705
4 0.12453125000000001 0.9431529411764706 0.18571875 0.11256470588235296
5 0.86403125 0.9067411764705883 0.265625 0.1865176470588235
5 0.7782890625000001 0.9784352941176472 0.123796875 0.042800000000000005
5 0.8770781249999999 0.9935529411764705 0.08565625 0.012894117647058825
1 0.8277734375 0.5133058823529412 0.026515624999999998 0.04284705882352941
1 0.7418515625000001 0.4824117647058824 0.023421875 0.021623529411764705
3 0.7032265625 0.5482 0.088921875 0.13390588235294118
3 0.8987812499999999 0.4289058823529412 0.053625 0.055411764705882355
4 0.32365625000000003 0.9324 0.1688125 0.13496470588235293
1 0.6547890625 0.5503882352941176 0.040796874999999996 0.060305882352941174
1 0.653125 0.5647058823529412 0.171875 0.2964705882352941