8 0.1306288032454361 0.7625703125 0.20774847870182556 0.132296875
8 0.18921906693711968 0.873875 0.22793103448275864 0.13515625
8 0.34617647058823525 0.50721875 0.030324543610547667 0.01125
8 0.2915111561866126 0.466421875 0.03154158215010142 0.01528125
8 0.3218965517241379 0.4652265625 0.03535496957403651 0.025890625
8 0.3777484787018256 0.47837500000000005 0.031643002028397565 0.013843749999999998
8 0.3798985801217039 0.506 0.02150101419878296 0.0094375
8 0.4170689655172414 0.50390625 0.050851926977687624 0.025968750000000002
8 0.32985801217038535 0.4926640625 0.027058823529411764 0.016421875
8 0.2746754563894524 0.49604687500000005 0.034421906693711965 0.013250000000000001
8 0.30197768762677485 0.49992187499999996 0.02720081135902637 0.00825
8 0.4152839756592292 0.4876171875 0.02995943204868154 0.008796875
8 0.35559837728194726 0.474796875 0.02385395537525355 0.01596875
8 0.3438133874239351 0.4859375 0.24949290060851928 0.05625