4 0.43479999999999996 0.91993993993994 0.28296 0.13471471471471472
4 0.31417999999999996 0.8312312312312312 0.06631999999999999 0.08804804804804806
4 0.17311 0.8223273273273273 0.13913999999999999 0.2903003003003003
4 0.08513 0.3108108108108108 0.08266 0.24204204204204202
5 0.6314 0.6961111111111111 0.16952 0.15066066066066067
5 0.37204000000000004 0.4056306306306306 0.07464 0.13282282282282282
5 0.47793 0.5808858858858859 0.09673999999999999 0.2830930930930931
5 0.57258 0.49740240240240235 0.25948000000000004 0.3090990990990991
5 0.76275 0.5146846846846848 0.12938 0.07687687687687689
5 0.50814 0.16034534534534534 0.14456 0.17864864864864866
5 0.54996 0.22268768768768768 0.028480000000000002 0.059549549549549545
5 0.6940799999999999 0.26924924924924926 0.1336 0.1821021021021021
5 0.65311 0.6058408408408409 0.04846 0.06657657657657658
5 0.37362 0.28177177177177176 0.10344 0.04168168168168168
5 0.31587 0.4645345345345345 0.07042 0.035255255255255254
5 0.62361 0.21689189189189187 0.10898000000000001 0.15324324324324326
4 0.6910799999999999 0.48701201201201205 0.57604 0.9688588588588588