5 0.4224666666666667 0.6521999999999999 0.29650666666666664 0.16984
5 0.49178666666666665 0.7686600000000001 0.3797866666666666 0.11268
5 0.73792 0.43099 0.4776533333333333 0.22034
5 0.54236 0.48219 0.18557333333333334 0.10174
5 0.7961733333333333 0.6498700000000001 0.17965333333333336 0.15694
5 0.7149866666666667 0.7827200000000001 0.2853333333333333 0.1378
5 0.7060533333333333 0.88634 0.3121066666666667 0.07944
5 0.7802133333333334 0.51652 0.34 0.11608
5 0.8961333333333333 0.67304 0.08394666666666667 0.028079999999999997
5 0.6612 0.6303300000000001 0.21397333333333332 0.14194
5 0.8750666666666667 0.82869 0.15306666666666666 0.08062000000000001
5 0.68516 0.69677 0.23959999999999998 0.08634
5 0.7035466666666667 0.43981 0.20901333333333333 0.09534000000000001