5 0.5004166666666666 0.7928513071895424 0.13933006535947712 0.10910130718954247
5 0.6478839869281046 0.7772303921568627 0.15962418300653594 0.1291013071895425
5 0.7905882352941176 0.7258823529411765 0.13647058823529412 0.12
5 0.5257598039215687 0.707483660130719 0.11942810457516341 0.09836601307189544
5 0.8657352941176472 0.6024591503267973 0.12941176470588237 0.11249999999999999
5 0.14441993464052288 0.6546486928104575 0.12501633986928107 0.15410130718954249
5 0.28941176470588237 0.7423529411764705 0.13176470588235295 0.09647058823529411
5 0.7458823529411766 0.6552941176470588 0.12705882352941178 0.09647058823529411
5 0.12792483660130718 0.3729166666666667 0.11490196078431371 0.12050653594771242
5 0.3332598039215686 0.22056372549019607 0.11348039215686274 0.09276143790849674
5 0.21209967320261439 0.26605392156862745 0.13766339869281047 0.10361111111111111
5 0.4823447712418302 0.19195261437908498 0.10080065359477124 0.08449346405228758
5 0.0872875816993464 0.5106699346405228 0.10673202614379083 0.12098039215686275
5 0.5555555555555556 0.5433006535947712 0.7287581699346405 0.5473856209150327