8 0.42457812500000003 0.8985208333333333 0.038843749999999996 0.05279166666666667
8 0.5300546875000001 0.9254583333333334 0.049390625 0.06354166666666666
8 0.5706562500000001 0.8561354166666667 0.0503125 0.051354166666666666
8 0.4518671875 0.8656666666666667 0.037828125000000004 0.04858333333333333
8 0.470796875 0.9039791666666666 0.04240625 0.06175
8 0.47552343750000003 0.8334583333333333 0.041171875000000004 0.044875
8 0.40407031250000003 0.9501875 0.044140625 0.06908333333333333
8 0.447171875 0.9479479166666667 0.04475 0.059145833333333335
8 0.546890625 0.8890520833333332 0.046875 0.0550625
8 0.5194921874999999 0.8359895833333333 0.035796875 0.058187499999999996
8 0.5103984374999999 0.96725 0.049671875 0.0655
8 0.49546874999999996 0.8709062500000001 0.047875 0.06085416666666667
9 0.11479687499999999 0.7283854166666667 0.0871875 0.06172916666666666
9 0.631625 0.5718229166666667 0.11971875000000001 0.07235416666666666
9 0.8986484375 0.7743541666666667 0.101453125 0.06429166666666666
9 0.86878125 0.9199375 0.07334375 0.06354166666666666
9 0.8671328125000001 0.9693854166666667 0.080328125 0.06122916666666667