0 0.7321311475409836 0.46038281249999996 0.34262295081967215 0.099390625
0 0.3312646370023419 0.40639843750000004 0.3437939110070258 0.092796875
0 0.694824355971897 0.5008203124999999 0.33770491803278685 0.28064062500000003
0 0.25775175644028103 0.57725 0.3467447306791569 0.318875
0 0.7303864168618267 0.632671875 0.16911007025761124 0.1941875
0 0.7504449648711945 0.536015625 0.2680093676814988 0.1310625
0 0.8282669789227166 0.646109375 0.08318501170960188 0.08375
1 0.40922716627634664 0.72246875 0.4547072599531616 0.496625
1 0.6320023419203747 0.6828671875000001 0.15121779859484777 0.099421875
1 0.5446838407494144 0.7518359374999999 0.13559718969555035 0.084859375
1 0.6820140515222483 0.78428125 0.17231850117096018 0.10193749999999999
1 0.5763231850117096 0.8569140624999999 0.1592974238875878 0.091578125