0 0.6024533333333333 0.31825 0.10752 0.10729999999999999
0 0.5949333333333333 0.20571 0.12304 0.08118
0 0.48142666666666667 0.34364 0.08605333333333334 0.07356
0 0.50184 0.23967 0.028373333333333334 0.0579
0 0.3569866666666667 0.26762 0.04949333333333333 0.04456
0 0.45658666666666675 0.05009999999999999 0.07792 0.07332
0 0.2870533333333333 0.33303999999999995 0.05901333333333333 0.07092
0 0.2788 0.26924000000000003 0.034506666666666665 0.04752
0 0.24846666666666667 0.21271 0.09975999999999999 0.06098
0 0.3927466666666667 0.22864 0.08906666666666667 0.05092
0 0.5922 0.10264 0.09133333333333334 0.0882
0 0.11450666666666666 0.15625 0.10005333333333334 0.07366
1 0.73716 0.28235000000000005 0.162 0.062259999999999996
1 0.43 0.28857 0.13808 0.046740000000000004
1 0.78352 0.33038 0.21034666666666665 0.04248
0 0.2516933333333333 0.13738999999999998 0.06274666666666667 0.0599
0 0.528 0.291 0.9386666666666666 0.502