3 0.9197189695550352 0.7738437499999999 0.1150351288056206 0.1135
0 0.5997775175644029 0.55325 0.2532786885245902 0.09171875
0 0.8172833723653397 0.5088359375 0.2514754098360656 0.248453125
0 0.17040983606557378 0.5273125000000001 0.07163934426229508 0.054125
0 0.20800936768149886 0.47885937500000003 0.053911007025761126 0.047375
0 0.12497658079625293 0.608390625 0.224192037470726 0.09409375
0 0.21598360655737703 0.5427421875 0.14765807962529273 0.075328125
0 0.08134660421545667 0.49203906250000007 0.14236533957845432 0.11851562499999999
0 0.2096838407494145 0.477609375 0.18306791569086653 0.0853125
0 0.3843911007025761 0.545046875 0.2348711943793911 0.1610625
0 0.10435597189695552 0.415890625 0.14533957845433257 0.07159375
0 0.6343091334894614 0.588796875 0.2102576112412178 0.08981249999999999
0 0.6114871194379391 0.47175781250000004 0.21168618266978922 0.126578125
3 0.9490983606557377 0.6856484375 0.05182669789227166 0.024484375
0 0.1282903981264637 0.530859375 0.10543325526932085 0.08084375