4 0.489953125 0.4164895833333333 0.13396875 0.14964583333333334
4 0.5670078125 0.29154166666666664 0.108453125 0.12920833333333334
4 0.49728906250000005 0.7158333333333334 0.117328125 0.13408333333333333
4 0.22457031250000004 0.20186458333333332 0.116984375 0.12077083333333333
4 0.10796874999999999 0.49114583333333334 0.1605625 0.15966666666666668
4 0.319765625 0.75846875 0.1569375 0.16139583333333332
4 0.45043749999999994 0.5559895833333334 0.06428125 0.12131249999999999
4 0.9208828125 0.6975833333333333 0.15823437499999998 0.21175
4 0.5099453125 0.54778125 0.974234375 0.5751875
4 0.2216171875 0.46724999999999994 0.094859375 0.15358333333333332
4 0.6842734375 0.3050625 0.131453125 0.13708333333333333
4 0.83984375 0.21745833333333334 0.109375 0.09895833333333333
4 0.8988828124999999 0.43163541666666666 0.151171875 0.18577083333333333
5 0.9670781249999999 0.5624479166666667 0.039468750000000004 0.0725625
5 0.9249375000000001 0.3479583333333333 0.028375 0.03116666666666667
5 0.904296875 0.24721875 0.030875000000000003 0.06335416666666667