4 0.5648828124999999 0.6905833333333333 0.343421875 0.294375
4 0.3402265625 0.34896875 0.091203125 0.10597916666666667
4 0.7604765625 0.5522395833333333 0.133984375 0.20185416666666667
4 0.38028125 0.27422916666666663 0.0878125 0.06433333333333333
4 0.1644453125 0.6247916666666666 0.104453125 0.15258333333333332
4 0.4702109375 0.8966770833333333 0.147671875 0.17097916666666665
4 0.325515625 0.827375 0.1414375 0.13770833333333332
4 0.2064921875 0.7051875 0.105203125 0.13766666666666666
4 0.4063125 0.38958333333333334 0.05778124999999999 0.11916666666666667
4 0.7302578125 0.5133541666666667 0.042703124999999995 0.04591666666666667
4 0.6081875 0.36990625 0.08521875 0.1078125