0 0.18328125 0.3281775700934579 0.10121875 0.08514018691588784
4 0.573140625 0.37966121495327104 0.19121875 0.13899532710280374
5 0.302296875 0.5406542056074767 0.0570625 0.03939252336448598
5 0.31336718750000003 0.4910046728971963 0.113296875 0.06116822429906542
5 0.22575781250000002 0.5017172897196261 0.052609375 0.04535046728971963
5 0.28277343750000006 0.5249766355140187 0.082390625 0.04415887850467289
5 0.22875 0.45436915887850465 0.03690625 0.025934579439252335
5 0.1548671875 0.4707359813084112 0.058796875000000005 0.0369392523364486
5 0.1143671875 0.5062967289719627 0.075890625 0.037920560747663555
5 0.11361718750000001 0.5424415887850467 0.046171875 0.04904205607476635
5 0.18434375 0.49605140186915886 0.03021875 0.046401869158878506
5 0.12756249999999997 0.48248831775700934 0.052031249999999994 0.03492990654205607
5 0.1637578125 0.503785046728972 0.022765625 0.03789719626168224
5 0.187953125 0.4533761682242991 0.059187500000000004 0.03469626168224299
4 0.6714140625 0.38164719626168225 0.041328125 0.07591121495327104
5 0.24074999999999996 0.487464953271028 0.11565624999999999 0.04563084112149533