8 0.8739479166666667 0.638734375 0.2521041666666667 0.23912499999999998
8 0.6048125 0.5180546875 0.3763333333333333 0.16398437500000002
8 0.2419375 0.7446406250000001 0.483875 0.28390624999999997
8 0.6338541666666667 0.366875 0.196625 0.05184375
8 0.2801458333333333 0.5479375 0.42845833333333333 0.20675
8 0.3560625 0.46299999999999997 0.2520833333333333 0.0995625
8 0.8313125 0.3747109375 0.23041666666666666 0.078515625
8 0.43387499999999996 0.32637499999999997 0.20733333333333331 0.0706875
8 0.8522916666666667 0.46089062500000005 0.2954166666666667 0.1555
8 0.5987604166666666 0.40629687499999995 0.30906249999999996 0.09146875
8 0.4067604166666667 0.3851015625 0.24514583333333334 0.083265625
8 0.68646875 0.738859375 0.5148541666666666 0.28712499999999996