8 0.1604375 0.36947916666666664 0.0698125 0.05654166666666667
8 0.3141875 0.38738541666666665 0.0743125 0.0563125
8 0.407234375 0.38075 0.05325 0.059375
8 0.682015625 0.4121666666666667 0.0688125 0.0605
8 0.5651640625 0.3420625 0.062390625 0.05470833333333334
8 0.5792734375 0.3044791666666667 0.065734375 0.05258333333333333
8 0.6478359375 0.291875 0.062109375 0.06325
8 0.24209375 0.3797291666666666 0.07015625 0.058374999999999996
8 0.7326015625 0.33327083333333335 0.063890625 0.06129166666666667
8 0.789234375 0.29837500000000006 0.06484375 0.051625000000000004
8 0.83315625 0.4125625 0.06871875 0.06195833333333333
8 0.42728124999999995 0.335625 0.063125 0.050499999999999996
8 0.28409375 0.34415625000000005 0.06275 0.0496875