0 0.8479379157427939 0.25549218749999997 0.11773835920177383 0.121078125
0 0.9086585365853659 0.339875 0.0743458980044346 0.08284375000000001
0 0.8071507760532151 0.18334375 0.07869179600886918 0.07625
0 0.8082372505543237 0.2256015625 0.04995565410199557 0.069390625
0 0.7589467849223948 0.1893125 0.06707317073170732 0.06003125
0 0.7487583148558759 0.2291953125 0.0552549889135255 0.041859375
0 0.906019955654102 0.2685546875 0.08184035476718403 0.118921875
0 0.816119733924612 0.26499218750000003 0.04966740576496674 0.042234375000000005
0 0.8961862527716186 0.18171874999999998 0.03725055432372506 0.04365625
0 0.9581374722838137 0.2707890625 0.044922394678492246 0.11079687499999999
0 0.8842017738359201 0.1496484375 0.2312416851441242 0.138328125