6 0.680546875 0.5220833333333333 0.19565625 0.059083333333333335
6 0.7155937499999999 0.8070625 0.2170625 0.06116666666666667
6 0.6677421875 0.7406770833333334 0.24876562500000002 0.07568749999999999
6 0.6650859375 0.6551875 0.245265625 0.06408333333333334
6 0.6829375000000001 0.6023541666666666 0.22940624999999998 0.065875
6 0.6789296874999999 0.44825 0.20432812500000003 0.06554166666666666
6 0.6752265625 0.4135520833333333 0.180296875 0.0676875
6 0.6710546875000001 0.34908333333333336 0.198171875 0.05429166666666666
6 0.69903125 0.32789583333333333 0.17821875 0.06733333333333333
6 0.6828515625 0.28879166666666667 0.171640625 0.05720833333333333
6 0.6679765625 0.4775520833333333 0.209328125 0.059395833333333335
6 0.6800625 0.5636666666666666 0.22415625 0.07641666666666666
6 0.6997890625000001 0.39230208333333333 0.185171875 0.07906250000000001
6 0.5 0.22395833333333334 0.996875 0.4479166666666667