0 0.4998046875 0.7051041666666668 0.45923437500000003 0.5856250000000001
0 0.7989765624999999 0.42712500000000003 0.064734375 0.10333333333333333
0 0.5914375 0.66978125 0.044 0.1471875
0 0.6411953125 0.16351041666666666 0.019609375000000002 0.0568125
0 0.7933515625 0.30525 0.178203125 0.17908333333333332
0 0.492 0.23925000000000002 0.05371875 0.06479166666666666
0 0.47613281250000006 0.19318749999999998 0.046484375 0.09254166666666667
0 0.6494296875 0.19267708333333333 0.013703125 0.07531249999999999
0 0.678515625 0.17775 0.064375 0.1465
0 0.6079609375 0.1719375 0.023609375 0.08116666666666666
0 0.6184062499999999 0.1960625 0.02678125 0.07729166666666668
1 0.84690625 0.4439166666666667 0.03878125 0.03879166666666667
3 0.7192812500000001 0.4140729166666667 0.03565625 0.044270833333333336
3 0.47164062500000004 0.39734375 0.0419375 0.039562499999999994
3 0.014453125 0.5250520833333333 0.02890625 0.042145833333333334
3 0.031375 0.44376041666666666 0.0314375 0.04039583333333333
3 0.036328125 0.5073958333333334 0.0189375 0.04579166666666667
3 0.05882812500000001 0.3985208333333334 0.03325 0.044333333333333336
3 0.040015625 0.4197708333333333 0.02609375 0.033125
3 0.0883046875 0.4060625 0.027390625000000002 0.04158333333333333
3 0.06882812499999999 0.4398854166666667 0.04375 0.04460416666666667
3 0.06015625 0.473 0.02909375 0.03879166666666667
0 0.50515625 0.17064583333333333 0.049062499999999995 0.09479166666666666
1 0.31721093749999996 0.15519791666666669 0.029640624999999997 0.03777083333333333
1 0.43733593750000005 0.22987499999999997 0.033109375 0.04416666666666667
1 0.29275 0.15711458333333334 0.0219375 0.0288125
1 0.35445312500000004 0.17555208333333333 0.21959374999999998 0.12481249999999999
3 0.6851875 0.3948958333333333 0.04240625 0.05720833333333333
3 0.691953125 0.48464583333333333 0.039125 0.048749999999999995
0 0.542375 0.17284375000000002 0.062468749999999997 0.1638125
3 0.015171875000000001 0.48390625000000004 0.030343750000000003 0.04685416666666666
3 0.371875 0.4791666666666667 0.740625 0.22083333333333333
0 0.73984375 0.31145833333333334 0.5171875 0.5020833333333333