0 0.31988 0.51832 0.48818666666666666 0.29419999999999996
1 0.6718133333333334 0.3763 0.19248 0.14748
1 0.3676266666666666 0.42591 0.17946666666666666 0.12674
1 0.24470666666666666 0.37803000000000003 0.20061333333333334 0.15046
3 0.46226666666666666 0.22169999999999998 0.42768 0.16744
4 0.16289333333333333 0.7582800000000001 0.31954666666666665 0.32568
5 0.6173866666666666 0.90566 0.17658666666666667 0.0446
5 0.6143866666666666 0.94222 0.17757333333333333 0.04336
5 0.33934666666666663 0.93076 0.16898666666666665 0.036359999999999996
5 0.6729866666666666 0.64309 0.05690666666666667 0.04574
5 0.4954 0.64698 0.04376 0.02664
5 0.5171733333333334 0.86685 0.36384 0.19282
1 0.5641333333333334 0.42767 0.16010666666666667 0.11785999999999999
5 0.32932 0.6411899999999999 0.037680000000000005 0.03506
5 0.6320933333333334 0.83899 0.09575999999999998 0.04142