0 0.30703125 0.657676399026764 0.09475 0.1886861313868613
1 0.2143046875 0.5067396593673965 0.10245312499999999 0.15503649635036496
1 0.11828125 0.3680413625304136 0.13996875 0.177007299270073
1 0.09816406250000001 0.49774939172749394 0.145765625 0.17501216545012166
1 0.29585156250000005 0.4005596107055961 0.10014062500000001 0.14248175182481754
1 0.379453125 0.5378588807785888 0.0954375 0.15776155717761559
1 0.21521093750000003 0.3772992700729927 0.08060937500000001 0.15440389294403895
1 0.15912500000000002 0.8347080291970803 0.1648125 0.2710705596107056
1 0.5040703124999999 0.5558515815085159 0.10904687500000002 0.1259124087591241
3 0.2987265625 0.8550486618004866 0.158734375 0.24493917274939173
3 0.147921875 0.6786496350364963 0.16596875 0.21121654501216547
1 0.3069140625 0.5168856447688565 0.110078125 0.15065693430656935
1 0.47538281250000003 0.4636253041362531 0.103421875 0.15844282238442822
1 0.0567734375 0.8282481751824818 0.113546875 0.34155717761557175
1 0.25859375 0.7749391727493917 0.4796875 0.44525547445255476