0 0.6749648711943793 0.1491015625 0.085807962529274 0.023078124999999998
1 0.729824355971897 0.1713125 0.056791569086651054 0.03959375
3 0.6496487119437938 0.6880468750000001 0.0844496487119438 0.055281250000000004
3 0.5881850117096018 0.651296875 0.04559718969555035 0.0305625
3 0.549192037470726 0.6377656249999999 0.0465807962529274 0.028375
3 0.6330327868852459 0.6421718750000001 0.04540983606557377 0.0288125
3 0.6211475409836066 0.6631953125 0.043981264637002346 0.027578125
1 0.5193559718969555 0.14759375 0.03519906323185012 0.021875
3 0.5518852459016393 0.143140625 0.02278688524590164 0.0159375
3 0.5404098360655738 0.13546875 0.026533957845433255 0.013750000000000002
3 0.6257142857142858 0.1627890625 0.030304449648711942 0.016015625
3 0.658559718969555 0.1675 0.04067915690866511 0.01921875
9 0.4300351288056206 0.858046875 0.10100702576112412 0.07375000000000001