0 0.5579765625 0.6886145833333334 0.113234375 0.08802083333333334
0 0.6186640625 0.6617916666666667 0.091546875 0.06066666666666667
0 0.5517734375 0.6048541666666666 0.11807812499999999 0.06441666666666666
0 0.6857890624999999 0.6111041666666668 0.043796875 0.059291666666666666
0 0.491421875 0.66721875 0.0666875 0.05035416666666667
0 0.6088515624999999 0.6128020833333333 0.011390625 0.026145833333333333
0 0.627015625 0.5784375 0.01884375 0.04570833333333334
0 0.7389765625 0.6649999999999999 0.040828125 0.06633333333333333
0 0.7756640625 0.6567604166666666 0.039390625 0.04852083333333333
3 0.45383593749999995 0.5613541666666666 0.022359375 0.026416666666666665
3 0.46890625 0.5719479166666666 0.20934375 0.13085416666666666
0 0.6538281250000001 0.6288333333333334 0.07159375 0.06395833333333333
0 0.5098828125 0.6806875 0.053390625000000004 0.07525
0 0.59046875 0.6315104166666666 0.065625 0.03352083333333333
0 0.5039140625 0.6459895833333333 0.037328125000000004 0.0374375