0 0.426453125 0.5313615023474179 0.06409375 0.11807511737089202
0 0.3054765625 0.5203755868544601 0.031421875 0.11098591549295775
0 0.6260312499999999 0.8506103286384977 0.05609375 0.07985915492957747
0 0.7288515624999999 0.8183450704225352 0.095359375 0.07950704225352112
0 0.7558359375 0.8911267605633802 0.071203125 0.08352112676056338
0 0.5114609375 0.8967723004694836 0.027828125 0.05805164319248826
0 0.580265625 0.8762206572769953 0.044375 0.03225352112676056
0 0.5038828125 0.8753990610328639 0.072203125 0.10333333333333335
0 0.49339062499999997 0.5235328638497653 0.03571875 0.07307511737089202
0 0.5261015625 0.5613497652582159 0.063828125 0.10227699530516432
0 0.482109375 0.5530046948356808 0.031093749999999996 0.09023474178403755
0 0.54509375 0.6153286384976526 0.10265625 0.1168075117370892
0 0.27625 0.520669014084507 0.053125 0.08950704225352113
0 0.46484375 0.7018779342723005 0.5234375 0.45539906103286387