3 0.5750980392156864 0.40050653594771246 0.36398692810457517 0.3341176470588235
3 0.788218954248366 0.6881535947712418 0.356078431372549 0.3642156862745098
3 0.4513888888888889 0.7659885620915033 0.35947712418300654 0.366781045751634
3 0.23266339869281044 0.34152777777777776 0.3635294117647059 0.3601797385620915
3 0.1415767973856209 0.10299836601307188 0.2831535947712418 0.1932516339869281
3 0.4451797385620915 0.12875 0.3430065359477124 0.2575
3 0.8876388888888889 0.3516830065359477 0.2247222222222222 0.37977124183006533
3 0.41105392156862747 0.9676960784313726 0.29037581699346404 0.0646078431372549
3 0.151421568627451 0.6567320261437909 0.302843137254902 0.33124183006535945
3 0.785531045751634 0.11006535947712419 0.34625816993464054 0.21964052287581698
3 0.7259967320261438 0.9384803921568627 0.3145424836601307 0.1230392156862745
3 0.9383578431372549 0.8864460784313726 0.1232843137254902 0.2271078431372549
3 0.13401960784313724 0.903235294117647 0.2680392156862745 0.19352941176470587