4 0.3424183006535948 0.3472549019607843 0.19584967320261437 0.17130718954248367
4 0.5435294117647058 0.3658823529411765 0.2164705882352941 0.14823529411764705
4 0.1639297385620915 0.32223856209150326 0.19204248366013071 0.1616013071895425
4 0.4670915032679739 0.45168300653594773 0.16013071895424835 0.1
4 0.32588235294117646 0.47294117647058825 0.12 0.11294117647058824
4 0.12245098039215686 0.48352941176470593 0.1773529411764706 0.1773529411764706
5 0.19999999999999998 0.538202614379085 0.0853921568627451 0.07866013071895425
5 0.46410947712418305 0.8101633986928104 0.10269607843137254 0.0792156862745098
5 0.23691176470588238 0.7529003267973856 0.104281045751634 0.12665032679738564
5 0.3315441176470588 0.626266339869281 0.10750000000000001 0.10750000000000001
5 0.44872549019607844 0.6608169934640523 0.05343137254901961 0.07516339869281045
5 0.634313725490196 0.5705882352941176 0.07045751633986928 0.09601307189542484
5 0.5347630718954248 0.8116503267973857 0.0640359477124183 0.10562091503267974
5 0.5896486928104575 0.8350326797385621 0.05710784313725491 0.06941176470588235
5 0.518235294117647 0.7084558823529412 0.04990196078431373 0.09259803921568628
5 0.5609477124183007 0.5085539215686274 0.08513071895424837 0.0775326797385621