1 0.4656666666666667 0.6169600000000001 0.05282666666666666 0.02696
1 0.6191466666666667 0.6036400000000001 0.11375999999999999 0.03064
1 0.5290666666666667 0.57407 0.03584 0.01554
1 0.6073866666666666 0.57253 0.05658666666666667 0.02686
1 0.55456 0.53381 0.040959999999999996 0.0229
1 0.61436 0.43537 0.05944 0.041659999999999996
1 0.3917866666666667 0.5680799999999999 0.04464 0.02584
1 0.34773333333333334 0.60453 0.09568 0.02946
1 0.6836266666666667 0.52766 0.036160000000000005 0.01332
1 0.4928 0.57286 0.04058666666666667 0.019039999999999998
1 0.6021066666666667 0.53521 0.02757333333333333 0.01762
1 0.5306266666666666 0.41767000000000004 0.019226666666666666 0.019100000000000002
1 0.4809866666666667 0.60351 0.092 0.032619999999999996
1 0.552 0.528 0.37333333333333335 0.276