0 0.479109375 0.31934426229508195 0.20634375 0.10594262295081967
0 0.47856249999999995 0.3664446721311475 0.23181250000000003 0.11161885245901638
0 0.6949687499999999 0.49764344262295085 0.206875 0.192827868852459
0 0.8146875 0.4448360655737705 0.16146875 0.23184426229508198
0 0.7564843750000001 0.6069774590163934 0.30053125 0.11711065573770492
0 0.32453125000000005 0.3204405737704918 0.20125 0.18129098360655738
0 0.28825 0.18945696721311475 0.083625 0.035840163934426225
0 0.3881015625 0.7561782786885246 0.378671875 0.42022540983606554
0 0.15031250000000002 0.26744877049180327 0.09390625 0.08817622950819673
0 0.18828125 0.11272540983606559 0.10178125 0.05672131147540983
0 0.19790625 0.8623565573770493 0.34784375 0.1730327868852459
0 0.1283671875 0.5899487704918033 0.212484375 0.20674180327868852
0 0.6852343750000001 0.4461782786885246 0.1704375 0.15272540983606558
0 0.4875 0.38934426229508196 0.959375 0.6721311475409836