1 0.172903981264637 0.4680703125 0.061779859484777516 0.039671875
1 0.1156791569086651 0.46796875 0.2257377049180328 0.08115625
1 0.07348946135831383 0.5306953125 0.14533957845433257 0.086296875
3 0.3521077283372365 0.6442734375 0.04337236533957845 0.037359375
1 0.15262295081967214 0.5198515625 0.04463700234192037 0.042828125
1 0.3497306791569087 0.47932031249999996 0.20021077283372365 0.050265625
3 0.30834894613583136 0.63203125 0.05955503512880562 0.02371875
3 0.3287353629976581 0.6175703125 0.06037470725995316 0.029359375
3 0.15318501170960186 0.961 0.11878220140515222 0.0774375
3 0.3949297423887588 0.924703125 0.7898594847775176 0.15059375
3 0.4101288056206089 0.6557109375 0.03266978922716628 0.019546875
3 0.3164519906323185 0.6575546875 0.08381733021077283 0.047828125