8 0.26198437500000005 0.7937343096234311 0.03559375 0.054079497907949796
8 0.42544531249999995 0.7293200836820084 0.022140625 0.033535564853556486
8 0.5568984374999999 0.6543619246861925 0.020984375 0.019602510460251046
8 0.400828125 0.8093096234309622 0.02515625 0.027238493723849372
8 0.36262500000000003 0.8914016736401673 0.032218750000000004 0.056485355648535567
8 0.30271875000000004 0.7767991631799164 0.03325 0.04276150627615063
8 0.2271953125 0.8063075313807531 0.033671875000000004 0.04771966527196653
8 0.3301796875 0.9016736401673641 0.035859375 0.05803347280334728
8 0.5093125 0.8073640167364017 0.026968750000000003 0.028451882845188285
8 0.530453125 0.8030857740585774 0.021687500000000002 0.03742677824267782
8 0.290203125 0.9280439330543933 0.0395 0.06679916317991631
8 0.5364609375 0.7996338912133891 0.020203125 0.03345188284518828
8 0.257359375 0.9452196652719665 0.043375000000000004 0.05709205020920502
8 0.41875 0.8043933054393305 0.10625 0.18200836820083682