4 0.873640625 0.29489583333333336 0.06721875000000001 0.11070833333333334
4 0.778109375 0.2826875 0.056374999999999995 0.077
4 0.930625 0.26896875 0.03325 0.043270833333333335
4 0.973234375 0.2870625 0.044125 0.09883333333333333
4 0.901765625 0.38604166666666667 0.05646875 0.08470833333333333
4 0.8808671875 0.34933333333333333 0.059515625 0.036833333333333336
5 0.7942812499999999 0.46072916666666663 0.373625 0.30525
4 0.9246875000000001 0.25242708333333336 0.042812499999999996 0.06222916666666667
4 0.8008359374999999 0.30911458333333336 0.015484375 0.05485416666666666
4 0.9261484375 0.2979895833333333 0.066640625 0.09627083333333333
4 0.980296875 0.39171875 0.03940625 0.08822916666666666
4 0.9744921875000001 0.32152083333333337 0.051015624999999995 0.12945833333333334
4 0.8584921874999999 0.2626145833333334 0.113671875 0.15402083333333336
4 0.9393828124999999 0.3769791666666667 0.052015624999999996 0.07833333333333334
4 0.92734375 0.4552083333333333 0.1421875 0.18541666666666667