0 0.42234999999999995 0.66896 0.23202 0.1464
1 0.7647200000000001 0.63 0.07544 0.06330666666666666
1 0.84866 0.6690933333333333 0.1008 0.10927999999999999
1 0.26503 0.8335333333333333 0.09242 0.10845333333333333
1 0.77463 0.7508666666666667 0.07758 0.08029333333333333
1 0.76387 0.6861333333333334 0.0829 0.06944
1 0.7135499999999999 0.63536 0.031059999999999997 0.06709333333333334
1 0.71775 0.7250666666666667 0.0441 0.061173333333333337
4 0.16686 0.6595466666666666 0.3 0.38426666666666665
5 0.4695 0.8004933333333334 0.24656 0.059386666666666664
5 0.42460000000000003 0.87484 0.20832 0.05096
5 0.46011 0.8340266666666667 0.28402 0.05802666666666667
5 0.60296 0.78032 0.04052 0.044906666666666664
5 0.46357 0.7634533333333334 0.24653999999999998 0.048293333333333334
1 0.28129 0.9190133333333333 0.08562 0.13488