1 0.04021875 0.9164270833333333 0.0786875 0.10289583333333334
0 0.35705468749999997 0.32421875 0.326984375 0.45697916666666666
0 0.5182578125 0.18427083333333333 0.247765625 0.34608333333333335
0 0.6199765625 0.1986770833333333 0.206921875 0.3973541666666666
0 0.7306171874999999 0.196625 0.193828125 0.39325
0 0.673484375 0.6762291666666667 0.3245625 0.44395833333333334
0 0.24748437499999998 0.7149791666666668 0.28690625000000003 0.3422916666666667
0 0.36107812499999997 0.7613854166666666 0.24362499999999998 0.4458958333333333
0 0.28942968750000003 0.7384687500000001 0.256703125 0.38927083333333334
0 0.44321875000000005 0.7388020833333333 0.15453125 0.40839583333333335
0 0.5026640625000001 0.6818333333333333 0.13273437500000002 0.38095833333333334