9 0.24039843749999998 0.7011311053984576 0.081953125 0.09886889460154241
9 0.183296875 0.8183676092544986 0.08178125 0.09611825192802056
9 0.688359375 0.4576863753213368 0.0655625 0.02951156812339332
9 0.64146875 0.4066066838046272 0.07162500000000001 0.033573264781491
9 0.6001874999999999 0.3581748071979435 0.065125 0.027917737789203083
9 0.3151171875 0.5056169665809769 0.062484375 0.08146529562982005
9 0.7332265625 0.38426735218508995 0.064359375 0.03460154241645244
9 0.7399765625 0.5103598971722365 0.068171875 0.03660668380462725
9 0.8191015625 0.3616580976863753 0.048421874999999996 0.025732647814910026
9 0.7806171875000001 0.4329948586118252 0.069640625 0.03437017994858611
9 0.7716328124999999 0.31678663239074545 0.053015625 0.02565552699228792
9 0.8274453124999999 0.4869922879177378 0.052765625000000003 0.030282776349614394