9 0.46986718750000006 0.6831775700934579 0.129046875 0.21700934579439252
9 0.6540546875000001 0.7514252336448598 0.138671875 0.20172897196261683
9 0.370828125 0.8123598130841121 0.15153125 0.21266355140186916
9 0.3398671875 0.6963551401869159 0.131390625 0.13369158878504672
9 0.27828906249999996 0.5953154205607476 0.114453125 0.1413785046728972
9 0.7807109375 0.6955023364485982 0.127734375 0.24492990654205607
9 0.2257578125 0.5206892523364486 0.091140625 0.07960280373831775
9 0.16800781250000002 0.6236214953271029 0.118578125 0.13042056074766356
9 0.5992890624999999 0.6518341121495328 0.12507812499999998 0.20212616822429907
9 0.7045078124999999 0.6257359813084112 0.104515625 0.1450233644859813
9 0.1909453125 0.811086448598131 0.162265625 0.27647196261682244
9 0.4519609375 0.5148598130841121 0.10410937499999999 0.12621495327102805
9 0.8350703125000001 0.5283644859813085 0.22176562500000002 0.21242990654205607
9 0.5484375 0.6074766355140186 0.9 0.2336448598130841