8 0.6441993464052288 0.23696895424836603 0.14869281045751634 0.3206045751633987
8 0.7797712418300653 0.2191013071895425 0.1887581699346405 0.33931372549019606
8 0.892140522875817 0.5606699346405228 0.17977124183006535 0.3887581699346405
8 0.7567565359477124 0.5596813725490196 0.15315359477124182 0.3536111111111111
8 0.6303349673202614 0.5224754901960784 0.14158496732026143 0.2808986928104575
8 0.7234558823529411 0.8240277777777778 0.27200980392156865 0.32455882352941173
8 0.5994607843137255 0.8082761437908497 0.18205882352941177 0.34318627450980393
8 0.1662908496732026 0.7438153594771242 0.292124183006536 0.47191176470588236
8 0.3359558823529412 0.7580555555555555 0.3168464052287582 0.4561764705882353
8 0.9089297385620915 0.20908496732026144 0.14491830065359476 0.34294117647058825
8 0.5407598039215686 0.22750000000000004 0.0647875816993464 0.34143790849673206
8 0.9044199346405228 0.8531290849673203 0.15936274509803922 0.2570424836601307