9 0.7617968749999999 0.35805208333333327 0.10787500000000001 0.1505625
5 0.5382890625 0.43586458333333333 0.228359375 0.11902083333333334
5 0.5595546875 0.5378229166666666 0.259546875 0.07864583333333333
5 0.504671875 0.5062916666666667 0.20040624999999998 0.0575
5 0.5488515625000001 0.39914583333333337 0.219078125 0.11041666666666666
5 0.5584296875 0.30584375 0.133671875 0.11439583333333332
5 0.5719062500000001 0.3525520833333333 0.08784375 0.06522916666666666
5 0.622453125 0.39291666666666664 0.053125 0.058208333333333334
5 0.613765625 0.3595416666666667 0.08328125 0.08004166666666666
9 0.8572656249999999 0.5281458333333333 0.27534375 0.4121666666666667
5 0.514640625 0.45978125 0.198 0.051145833333333335
5 0.6627656249999999 0.4334479166666666 0.06959375 0.0256875