0 0.4698130841121495 0.5529296875 0.5691588785046728 0.297296875
0 0.28820093457943924 0.5516796875 0.4305140186915888 0.302546875
0 0.2755841121495327 0.354203125 0.2819626168224299 0.17465625
0 0.07835280373831775 0.34203124999999995 0.12193925233644859 0.16753125
0 0.23571261682242992 0.2256796875 0.2588551401869159 0.20401562499999998
0 0.05598130841121496 0.16575781250000002 0.10649532710280374 0.195578125
0 0.5481775700934579 0.283859375 0.35205607476635514 0.22421875
0 0.5057242990654205 0.8887656249999999 0.5073831775700934 0.1955
0 0.6014836448598131 0.8209765625 0.6182943925233645 0.23595312499999999
0 0.6367757009345794 0.7569296875 0.5947663551401869 0.161796875
0 0.584696261682243 0.6101093750000001 0.8266355140186916 0.40225
0 0.6285046728971962 0.310125 0.07177570093457944 0.049812499999999996
0 0.5714018691588785 0.3707265625 0.3912616822429907 0.10104687500000001
0 0.2044392523364486 0.61640625 0.4088785046728972 0.7640625