0 0.32603 0.4851375 0.07338 0.128825
0 0.18539 0.4578749999999999 0.03814 0.0613
0 0.28082 0.4750875 0.03288 0.070975
0 0.23832 0.44799999999999995 0.03984 0.03675
0 0.20887 0.45768749999999997 0.013859999999999999 0.023275
0 0.14526999999999998 0.4827874999999999 0.007019999999999999 0.017075
0 0.11163 0.47737500000000005 0.02178 0.0256
0 0.05429 0.5763875 0.03686 0.031974999999999996
3 0.57346 0.7564500000000001 0.06456 0.0608
3 0.79309 0.86005 0.07186 0.06165
0 0.97376 0.556925 0.0502 0.09140000000000001
0 0.98358 0.5138125 0.03228 0.047025
0 0.931 0.5393374999999999 0.02624 0.047225
0 0.28443 0.5188125 0.02538 0.048575
0 0.05362000000000001 0.48548750000000007 0.04168 0.049475
1 0.72149 0.7341250000000001 0.06634000000000001 0.04585