0 0.5959765625 0.4589929742388758 0.031484374999999995 0.11686182669789227
0 0.41530468750000005 0.6187236533957845 0.167921875 0.4606791569086651
0 0.6186171875 0.44721311475409836 0.029421874999999997 0.14355971896955502
0 0.6297890625000001 0.5874473067915691 0.248328125 0.7937236533957845
0 0.9383125 0.7644730679156909 0.12337499999999998 0.44843091334894614
0 0.29460156249999997 0.5712177985948478 0.011078125 0.06341920374707259
0 0.28019531249999996 0.5427517564402811 0.134859375 0.3402107728337237
0 0.1683671875 0.42983606557377046 0.038484375 0.08918032786885245
0 0.093046875 0.5078922716627635 0.08246875000000001 0.24028103044496485
0 0.20003125000000002 0.5309953161592506 0.09715625 0.266440281030445
0 0.05736718749999999 0.4917096018735363 0.044734375 0.12866510538641684
0 0.12728125 0.7507962529274004 0.017218749999999998 0.016533957845433253
0 0.09096875 0.6486416861826698 0.01103125 0.02721311475409836