0 0.30065333333333333 0.6190200000000001 0.10583999999999999 0.02316
0 0.25138666666666665 0.5999699999999999 0.03552 0.01882
0 0.32178666666666667 0.60685 0.13344 0.032780000000000004
0 0.4485333333333333 0.61467 0.07039999999999999 0.01814
0 0.51108 0.6050899999999999 0.020346666666666666 0.01462
0 0.77884 0.6225300000000001 0.07554666666666666 0.01918
0 0.16261333333333333 0.6062399999999999 0.08544 0.02136
0 0.42570666666666673 0.62709 0.06746666666666667 0.009980000000000001
0 0.54564 0.62507 0.01464 0.0255
0 0.8589199999999999 0.6344299999999999 0.07282666666666666 0.01526
0 0.6282666666666668 0.6341899999999999 0.055413333333333335 0.01202
0 0.8871333333333333 0.6211 0.0772 0.0308
0 0.5858 0.6235299999999999 0.062426666666666665 0.02834
0 0.5293333333333333 0.66 0.936 0.276