1 0.5212254901960784 0.7982924836601306 0.15075163398692812 0.14410130718954248
1 0.3495751633986928 0.7709803921568628 0.21601307189542482 0.21062091503267974
1 0.3401388888888889 0.5289869281045751 0.22263071895424835 0.19408496732026145
3 0.8056209150326796 0.49325980392156865 0.3887581699346405 0.8516830065359478
3 0.21647058823529414 0.7233415032679739 0.18183006535947713 0.18429738562091505
3 0.24740196078431373 0.9231699346405229 0.16666666666666666 0.125
1 0.46782679738562094 0.6084558823529411 0.18297385620915033 0.1820751633986928
1 0.5090931372549019 0.8883088235294118 0.23377450980392156 0.16622549019607843
1 0.4883496732026144 0.3941421568627451 0.21179738562091505 0.21821895424836604
1 0.21581699346405225 0.7178349673202614 0.1745424836601307 0.18200980392156862
1 0.5537581699346406 0.6797058823529412 0.1584313725490196 0.20026143790849674