8 0.5108199999999999 0.7216666666666667 0.16763999999999998 0.10685333333333333
8 0.30584000000000006 0.6340933333333333 0.13068000000000002 0.11618666666666667
8 0.58129 0.5964933333333333 0.11886 0.07645333333333333
8 0.43395000000000006 0.65168 0.14594 0.08906666666666667
8 0.29677 0.18306666666666668 0.08318 0.06698666666666667
8 0.34326 0.7310933333333333 0.16624 0.05642666666666667
8 0.46745000000000003 0.5848533333333333 0.11782 0.07152
8 0.56206 0.6574533333333333 0.13304 0.11144
8 0.36202 0.5808133333333334 0.11636 0.07682666666666667
8 0.50162 0.7598800000000001 0.15680000000000002 0.032560000000000006
8 0.6577900000000001 0.17282666666666668 0.07342 0.1104