3 0.41164843749999996 0.6552913752913753 0.8232968749999999 0.6611655011655011
3 0.8913046874999999 0.3184965034965035 0.063796875 0.07354312354312355
3 0.631671875 0.21764568764568765 0.0930625 0.1247086247086247
3 0.7165781250000001 0.24048951048951045 0.09378125000000001 0.1772027972027972
1 0.048953125 0.36817016317016316 0.08887500000000001 0.2292074592074592
3 0.785921875 0.2947319347319347 0.05390625 0.09477855477855478
3 0.5339453125 0.15307692307692308 0.083421875 0.10149184149184148
1 0.2161171875 0.5331351981351982 0.138921875 0.12095571095571096
1 0.4735703125 0.6389627039627039 0.13929687500000001 0.10389277389277389
1 0.77140625 0.7575174825174824 0.13903125 0.16701631701631703
1 0.7600859375000001 0.8119230769230771 0.131203125 0.20235431235431237
1 0.125359375 0.3766200466200466 0.08009374999999999 0.17142191142191143
1 0.10758593749999998 0.49714452214452215 0.121078125 0.14524475524475525
1 0.32982812499999997 0.58495337995338 0.16109374999999998 0.13484848484848486
1 0.6089140625 0.693986013986014 0.12060937499999999 0.08125874125874126
1 0.223140625 0.41779720279720284 0.11809375 0.14095571095571097
1 0.325234375 0.4667249417249418 0.1325 0.13004662004662004
1 0.434390625 0.5448135198135198 0.12921875 0.16463869463869463
1 0.5428125 0.6161188811188811 0.11890624999999999 0.15396270396270395
1 0.5015625 0.4184149184149184 0.990625 0.7342657342657343