4 0.2501639344262295 0.6031171875 0.06501170960187354 0.044953125
4 0.4171662763466042 0.5946171874999999 0.10754098360655738 0.044421875
4 0.42885245901639346 0.6724765625 0.08796252927400469 0.060640625000000004
4 0.3354098360655738 0.6450859375 0.10847775175644028 0.059609375
4 0.22388758782201404 0.517453125 0.10651053864168618 0.06803125
4 0.15990632318501172 0.533765625 0.07765807962529273 0.04725
4 0.11065573770491803 0.5671875 0.08866510538641686 0.03446875
4 0.0988407494145199 0.5378984375000001 0.0451288056206089 0.025296875000000003
4 0.4838875878220141 0.5959453125 0.08107728337236533 0.054640625
4 0.38573770491803283 0.60675 0.24098360655737705 0.13853125
4 0.1881030444964871 0.5787421875 0.1637002341920375 0.080953125
5 0.2270023419203747 0.8342265625000002 0.12318501170960187 0.059578125
5 0.2795901639344262 0.8339687499999998 0.15950819672131147 0.06384375
5 0.2597072599531616 0.775953125 0.13131147540983606 0.074625
5 0.27928571428571425 0.807421875 0.1593208430913349 0.08549999999999999
5 0.279367681498829 0.7628359375 0.1594847775175644 0.068015625
5 0.06440281030444965 0.6396796874999999 0.1102576112412178 0.036140624999999996
5 0.3187002341920374 0.753546875 0.07824355971896954 0.064625
5 0.3755737704918033 0.736078125 0.059953161592505855 0.07809374999999999
5 0.23347775175644025 0.8703125 0.05079625292740047 0.0235
5 0.34259953161592505 0.7999765625 0.09480093676814988 0.049046875000000004
5 0.3337587822014052 0.709171875 0.028220140515222484 0.0426875
5 0.3669672131147541 0.7601171874999999 0.17819672131147543 0.108234375
5 0.23592505854800935 0.8072578125 0.0999063231850117 0.041734375000000004
5 0.3337236533957845 0.778125 0.2646370023419204 0.190625