0 0.5364687499999999 0.48 0.11765624999999999 0.3529375
0 0.651765625 0.51725 0.11765624999999999 0.31059375
0 0.44693750000000004 0.6969296875 0.106125 0.5070781249999999
0 0.18470312500000002 0.609015625 0.17646875 0.254125
0 0.7642734375 0.503765625 0.127953125 0.21915625
0 0.78828125 0.5978125 0.18878124999999998 0.27975
0 0.21559374999999997 0.600625 0.43118749999999995 0.6470625
0 0.8157343750000001 0.8872656250000001 0.098875 0.17978125
0 0.3842734375 0.8466953125 0.186796875 0.286171875
0 0.8030625 0.8132421875 0.14109375 0.241359375
0 0.2688359375 0.9051953125000001 0.168828125 0.163640625
0 0.8432656249999999 0.6349765625 0.1735625 0.21501562500000002
0 0.65971875 0.7889375 0.16775 0.3219375
0 0.5 0.590625 0.996875 0.815625