0 0.3406484375 0.44929577464788734 0.045671875 0.04915492957746479
0 0.48238281250000004 0.49652582159624414 0.016359375000000002 0.026525821596244132
0 0.5605390625 0.4703638497652582 0.036890624999999996 0.045938967136150234
0 0.447140625 0.4931807511737089 0.049125 0.048239436619718315
0 0.5254531250000001 0.4413262910798122 0.06421875 0.0682394366197183
0 0.61478125 0.4868192488262911 0.00684375 0.01823943661971831
0 0.63134375 0.5008450704225351 0.030125000000000002 0.046807511737089205
0 0.42818750000000005 0.44186619718309855 0.04659375 0.04903755868544601
0 0.391203125 0.47183098591549294 0.0072499999999999995 0.0115962441314554
0 0.3795390625 0.4311150234741784 0.008078125 0.009272300469483569
0 0.470125 0.45646713615023476 0.01509375 0.013497652582159625
0 0.47585937500000003 0.44059859154929576 0.0134375 0.023685446009389672
0 0.42963281249999996 0.48920187793427233 0.021703125 0.023661971830985916
0 0.5955546875 0.49215962441314554 0.041859375 0.05262910798122066
0 0.4203125 0.431924882629108 0.34375 0.19248826291079812