3 0.3703359375 0.1215028901734104 0.050421875000000005 0.09393063583815028
3 0.3378359375 0.09419075144508672 0.046578125 0.08433526011560694
3 0.47957031250000004 0.08 0.058515625 0.09884393063583816
3 0.4154140625 0.068121387283237 0.048484375 0.08907514450867052
3 0.378609375 0.05492774566473988 0.0401875 0.07066473988439306
3 0.5157968749999999 0.11416184971098266 0.037 0.05369942196531791
3 0.388 0.15445086705202313 0.025031249999999998 0.08861271676300578
3 0.43578906250000005 0.04390173410404625 0.013421875 0.02624277456647399
0 0.5703828125 0.7285260115606936 0.132421875 0.30786127167630056
0 0.904484375 0.7898843930635838 0.15428124999999998 0.3213294797687861
0 0.78225 0.7475722543352602 0.12875 0.3076878612716763
0 0.7034140625 0.7696676300578035 0.182234375 0.28540462427745666
0 0.311625 0.7190895953757226 0.0886875 0.2471965317919075
0 0.24675781249999998 0.6390028901734105 0.085671875 0.22985549132947977
0 0.1129140625 0.6672398843930636 0.080140625 0.25777456647398844
0 0.057703125 0.6089884393063584 0.0886875 0.2516763005780347
0 0.621109375 0.559393063583815 0.09884375 0.1445664739884393
0 0.2974921875 0.4639739884393064 0.151234375 0.2441907514450867
0 0.6949140625 0.585028901734104 0.143359375 0.21797687861271678
3 0.321390625 0.15390173410404626 0.055843750000000004 0.054277456647398845
3 0.3593984375 0.1707369942196532 0.028546875 0.05661849710982659
3 0.3723046875 0.1942052023121387 0.032734374999999996 0.032630057803468206
0 0.4736015625 0.6669364161849711 0.130765625 0.3067052023121387
3 0.51365625 0.058164739884393066 0.054468749999999996 0.07372832369942196
0 0.43560937499999997 0.5416618497109826 0.07928125 0.23968208092485552
3 0.45896875000000004 0.0559971098265896 0.03940625 0.078121387283237
0 0.51640625 0.41040462427745666 0.9265625 0.7861271676300579
3 0.415625 0.08670520231213873 0.271875 0.17341040462427745