9 0.94275 0.6 0.1145 0.22474178403755868
8 0.31125781249999995 0.2013262910798122 0.089015625 0.13523474178403755
8 0.40153906250000004 0.3259389671361502 0.090765625 0.13422535211267606
8 0.31160156250000004 0.33160798122065727 0.087796875 0.13002347417840376
8 0.44432031250000004 0.41269953051643193 0.087234375 0.13107981220657278
8 0.4058515625 0.1936150234741784 0.09957812499999999 0.13582159624413145
8 0.3557734375 0.4305868544600939 0.088734375 0.15300469483568077
8 0.4890390625 0.29370892018779343 0.091734375 0.11173708920187794
8 0.28421093750000004 0.08184272300469483 0.089515625 0.14856807511737088
2 0.6756796875 0.2528169014084507 0.08304687499999999 0.1484976525821596
2 0.6164921875 0.18631455399061034 0.072078125 0.12352112676056337
2 0.7615390625 0.12286384976525823 0.08529687500000001 0.08544600938967135
2 0.776640625 0.19287558685446007 0.08178125 0.11795774647887323