8 0.424109375 0.6173584905660378 0.06221875 0.08316037735849056
8 0.478234375 0.5850117924528302 0.0936875 0.09747641509433962
8 0.56175 0.5302594339622642 0.08028125 0.060849056603773585
8 0.6633359375000001 0.5486320754716981 0.090765625 0.04759433962264151
8 0.7002890625 0.5267806603773585 0.07182812499999999 0.054221698113207546
8 0.514421875 0.497936320754717 0.07334375 0.06898584905660378
8 0.4320546875 0.5220872641509434 0.086984375 0.05304245283018868
8 0.3316953125 0.5112971698113208 0.072953125 0.056650943396226415
8 0.32208593750000003 0.5677830188679246 0.098515625 0.08193396226415095
8 0.21795312500000003 0.5111792452830188 0.07771875 0.07202830188679245
8 0.62578125 0.5599882075471698 0.06921875 0.060306603773584905
8 0.4838671875 0.5122995283018869 0.06476562500000001 0.06238207547169811
8 0.51865625 0.5637382075471699 0.05440625 0.0572877358490566
8 0.4 0.5518867924528302 0.51875 0.25471698113207547