2 0.8064609375 0.3865208333333333 0.139890625 0.13033333333333333
2 0.665828125 0.38286458333333334 0.14665625 0.16327083333333334
2 0.40610937499999994 0.3833020833333333 0.1429375 0.10314583333333333
2 0.18949218750000002 0.36861458333333336 0.10223437500000002 0.10627083333333333
2 0.9358203125 0.42600000000000005 0.12276562499999999 0.107625
7 0.9197656249999999 0.9099166666666668 0.14696875 0.13062500000000002
7 0.37817187499999994 0.7859479166666666 0.127 0.10160416666666668
7 0.2680390625 0.7572291666666667 0.139390625 0.08791666666666667
7 0.1082265625 0.7122604166666666 0.11373437500000001 0.0726875
7 0.048562499999999995 0.69571875 0.09712499999999999 0.07177083333333334
7 0.77128125 0.8831249999999999 0.13903125 0.13724999999999998
2 0.10621875 0.3596875 0.08525 0.11583333333333333
6 0.2535703125 0.54140625 0.16795312499999998 0.0774375
6 0.16728125 0.53271875 0.1606875 0.0731875
6 0.10589843750000001 0.5178333333333334 0.15817187500000002 0.07908333333333334
6 0.7668046875 0.6204583333333333 0.171015625 0.09204166666666666
6 0.9486562500000002 0.8645520833333333 0.01428125 0.03152083333333334
7 0.6355234375000001 0.8449375 0.135515625 0.123875
7 0.187140625 0.7284791666666667 0.1194375 0.08195833333333334
7 0.5142890625 0.8190416666666667 0.140984375 0.11637499999999999
2 0.530953125 0.5827916666666667 0.1476875 0.08429166666666667
2 0.9293750000000001 0.64 0.14125000000000001 0.13154166666666667
6 0.9360859375 0.9013541666666668 0.028421875000000003 0.03141666666666667
6 0.9010390625000001 0.8964375 0.019015625 0.05620833333333333
6 0.9574609374999999 0.90821875 0.027359375000000002 0.0453125
6 0.646671875 0.6029583333333334 0.15690625 0.08220833333333334
2 0.171875 0.5791666666666667 0.34375 0.49583333333333335