4 0.4423515625 0.8388203125 0.197640625 0.214109375
4 0.2197109375 0.47146875 0.220796875 0.25546875
4 0.5240390625 0.248109375 0.07307812500000001 0.1088125
4 0.9303359375 0.46966406250000003 0.13482812500000002 0.21573437499999998
4 0.41285937500000003 0.5393515625 0.10596874999999999 0.099953125
4 0.8539296875000002 0.6029921875 0.06742187499999999 0.137078125
4 0.8419375 0.66990625 0.09293749999999999 0.11225
4 0.709546875 0.05337499999999999 0.11268750000000001 0.10203124999999999
4 0.408703125 0.2678515625 0.061625 0.073359375
4 0.5992109375 0.8443671875 0.10101562500000001 0.183546875
4 0.7102031249999999 0.7277734375 0.20237500000000003 0.134546875