0 0.397421875 0.42592948717948714 0.0371875 0.09
0 0.536453125 0.38451121794871795 0.09684374999999999 0.11296474358974358
0 0.6323515625 0.3729326923076923 0.079828125 0.043878205128205124
0 0.6875312499999999 0.38301282051282054 0.03046875 0.07240384615384615
0 0.7154921875 0.41299679487179486 0.034953125 0.028685897435897435
0 0.7880703125 0.3851121794871795 0.07257812500000001 0.07330128205128206
0 0.8550546875 0.3877083333333333 0.057640625 0.06592948717948718
0 0.8980234375 0.45790064102564104 0.089109375 0.06647435897435897
0 0.7868984375 0.45840544871794875 0.048046875 0.052259615384615384
0 0.51515625 0.4517948717948718 0.138125 0.1051923076923077
0 0.4310703125 0.4401282051282051 0.034796875 0.08028846153846154
0 0.3717890625 0.4337259615384615 0.037671875 0.10084935897435897
1 0.6423359375000001 0.7074999999999999 0.042953124999999995 0.04435897435897436
1 0.5871171875 0.7810096153846154 0.043421875 0.03355769230769231
1 0.591421875 0.8201522435897436 0.048125 0.03956730769230769
1 0.696296875 0.7389663461538462 0.049312499999999995 0.04732371794871795
1 0.7317109375 0.7612179487179487 0.042765625 0.035096153846153846
1 0.6008515625 0.7485657051282052 0.036140624999999996 0.04498397435897436
1 0.6597187499999999 0.77625 0.05334375 0.04516025641025641
1 0.668015625 0.7536458333333333 0.04259375 0.02392628205128205
1 0.6280078125 0.8160576923076923 0.029609375 0.03717948717948718
1 0.24590625 0.7970993589743589 0.06215625 0.042083333333333334
1 0.6807578125 0.7014182692307692 0.043359375 0.04488782051282052
3 0.6154296875 0.653301282051282 0.026546874999999998 0.02666666666666667
3 0.6385859375 0.6555048076923077 0.031015625 0.021746794871794872
0 0.3977109375 0.4583733974358974 0.063296875 0.09216346153846154
1 0.6377734375 0.7346554487179487 0.050046875000000005 0.04011217948717949