4 0.47985937500000003 0.30874999999999997 0.091625 0.10575
4 0.6531640624999999 0.7478854166666667 0.26760937500000004 0.23710416666666667
4 0.4994140625 0.22353125000000001 0.194109375 0.10352083333333333
4 0.24342187499999998 0.41871875000000003 0.11056250000000001 0.10493749999999999
4 0.3825625 0.28920833333333335 0.09071875 0.07770833333333332
4 0.53315625 0.82734375 0.10753125 0.09935416666666666
4 0.483015625 0.5211354166666667 0.11356250000000001 0.11589583333333334
4 0.241953125 0.5311145833333334 0.0645625 0.10185416666666666
5 0.3126875 0.32877083333333335 0.09265625 0.104625
5 0.7292578125 0.5812395833333334 0.10292187500000001 0.1034375
5 0.25084375 0.7215208333333334 0.14503125 0.16683333333333333
5 0.5835703125 0.5388333333333333 0.033890625 0.030333333333333334
4 0.23864843750000003 0.32315625 0.062546875 0.10760416666666667
5 0.493375 0.28211458333333334 0.1014375 0.04460416666666667
5 0.6784921875000001 0.31670833333333337 0.109546875 0.081375
5 0.283171875 0.2556041666666667 0.04959375 0.07104166666666667
5 0.423234375 0.6447604166666667 0.06309375 0.13402083333333334
5 0.37906249999999997 0.8202083333333333 0.10149999999999999 0.10941666666666668
5 0.34297656249999997 0.43383333333333335 0.06298437500000001 0.08020833333333334
5 0.274453125 0.8361458333333333 0.11971875000000001 0.07745833333333334
4 0.7730078125000001 0.5610416666666667 0.08060937500000001 0.11204166666666666
4 0.7997734375000001 0.7182708333333333 0.054421874999999995 0.233125
5 0.7869453125000001 0.40428125000000004 0.062828125 0.06431250000000001