0 0.9676953124999998 0.8629270833333333 0.064609375 0.2471875
0 0.21657031249999997 0.496625 0.362359375 0.26516666666666666
3 0.7410703125 0.6646874999999999 0.125578125 0.16054166666666667
3 0.6543203125 0.76975 0.11873437499999999 0.16004166666666667
3 0.7616015625 0.8172812500000001 0.12132812500000001 0.16064583333333332
3 0.8720234375 0.85428125 0.11742187500000001 0.16102083333333334
3 0.839265625 0.7492291666666666 0.07896875 0.09633333333333334
1 0.9530937500000001 0.5559687499999999 0.05621875 0.042562499999999996
3 0.714984375 0.5793229166666667 0.1171875 0.12222916666666667
1 0.6480859375 0.4257604166666667 0.046296875 0.0560625
1 0.6507109375 0.3921770833333333 0.047078125 0.044187500000000005
1 0.6706953125 0.4389166666666666 0.042453125 0.024916666666666667
1 0.6463203125 0.36812500000000004 0.042453125 0.038375000000000006
3 0.7955859375000001 0.6890104166666667 0.408828125 0.49522916666666666