3 0.5067421875 0.6457377049180328 0.139796875 0.20955503512880563
3 0.6737421875 0.5835011709601874 0.138296875 0.21791569086651053
3 0.54334375 0.3611475409836066 0.12765625 0.1892271662763466
3 0.60421875 0.7539344262295082 0.12593749999999998 0.2
3 0.790515625 0.7377049180327869 0.17071875 0.17470725995316158
3 0.771671875 0.8536768149882904 0.20596874999999998 0.23489461358313818
3 0.17115624999999998 0.6185245901639345 0.12134375 0.1818735362997658
3 0.27591406249999995 0.531311475409836 0.115390625 0.15644028103044497
3 0.63375 0.8711826697892272 0.10500000000000001 0.16784543325526932
3 0.9073046874999999 0.3938992974238876 0.139515625 0.1695784543325527
3 0.35075781250000004 0.562576112412178 0.137484375 0.11494145199063231
3 0.386 0.508864168618267 0.10603125 0.1426463700234192
3 0.5 0.5441451990632319 1.0 0.8857142857142857