9 0.5458515625 0.5490654205607477 0.094078125 0.09228971962616822
9 0.5434140625 0.5481892523364486 0.12989062499999998 0.2372196261682243
8 0.041390625 0.40737149532710276 0.08278125 0.10852803738317758
9 0.2709453125 0.5734579439252336 0.102703125 0.11425233644859813
9 0.14357031250000002 0.12412383177570094 0.077671875 0.0708644859813084
9 0.1574453125 0.15582943925233644 0.075609375 0.06296728971962616
9 0.41732031250000007 0.6359112149532711 0.101953125 0.07233644859813085
9 0.282234375 0.42265186915887853 0.08937500000000001 0.09259345794392523
9 0.5219765625 0.4064953271028037 0.085109375 0.08570093457943925
9 0.415421875 0.40262850467289724 0.09228125000000001 0.0827803738317757
9 0.41067968749999995 0.47968457943925236 0.089796875 0.09025700934579439
9 0.4178515625 0.5582593457943925 0.098265625 0.08651869158878504
9 0.269125 0.6463668224299065 0.11146875 0.09156542056074767
9 0.274046875 0.49676401869158876 0.10878125000000001 0.09334112149532711
9 0.2890625 0.338785046728972 0.578125 0.5654205607476636