0 0.11167095115681233 0.29528000000000004 0.0831362467866324 0.05348
1 0.6154113110539846 0.88854 0.14840616966580977 0.14852
1 0.40686375321336765 0.8423099999999999 0.4242159383033419 0.31538
1 0.7162982005141387 0.95171 0.1953727506426735 0.09658
1 0.8756940874035991 0.9308399999999999 0.18213367609254497 0.11512
1 0.6749357326478149 0.79665 0.14668380462724936 0.0987
1 0.2246401028277635 0.91976 0.09817480719794344 0.127
3 0.5249357326478149 0.39752 0.0712082262210797 0.05048
3 0.15669665809768638 0.19540000000000002 0.03488431876606684 0.0242
3 0.5492802056555269 0.35805000000000003 0.07670951156812339 0.05086
3 0.5015424164524421 0.43669 0.07840616966580977 0.03578
3 0.6790745501285348 0.34914 0.06658097686375321 0.061399999999999996
3 0.40667095115681234 0.41297 0.045835475578406164 0.02894
3 0.387853470437018 0.40751 0.04501285347043702 0.03218
3 0.3675964010282776 0.39951 0.048611825192802056 0.02974
3 0.4350899742930591 0.33314000000000005 0.0447814910025707 0.03484
3 0.11967866323907454 0.22 0.038997429305912594 0.03032
3 0.1381362467866324 0.17946 0.02845758354755784 0.02436
3 0.1455012853470437 0.2166 0.03249357326478149 0.02388
1 0.18911311053984575 0.8541700000000001 0.11046272493573264 0.09114
1 0.36611825192802055 0.69801 0.06940874035989718 0.09670000000000001
1 0.5280077120822622 0.65351 0.11190231362467866 0.05654
1 0.6225578406169666 0.75273 0.09107969151670951 0.09173999999999999
3 0.18638817480719794 0.19296000000000002 0.03159383033419023 0.02456
3 0.3560411311053985 0.302 0.6452442159383034 0.296