4 0.48278999999999994 0.533360655737705 0.15294 0.21508196721311473
4 0.80012 0.39420081967213116 0.1298 0.10618852459016394
4 0.39737 0.3684938524590164 0.15425999999999998 0.1101844262295082
4 0.36793 0.2866598360655738 0.09366 0.075
4 0.24228 0.469405737704918 0.0712 0.09647540983606558
4 0.23307999999999998 0.33241803278688525 0.08972 0.1228688524590164
4 0.58353 0.7665163934426229 0.13582 0.05659836065573771
4 0.51761 0.3202254098360656 0.10966 0.11459016393442624
4 0.43355 0.6353381147540984 0.09573999999999999 0.1103483606557377
4 0.67246 0.3341495901639344 0.08331999999999999 0.06555327868852459
4 0.28144 0.6261065573770492 0.07364 0.0928688524590164
4 0.29862 0.30116803278688525 0.08112 0.0923360655737705
4 0.65748 0.2712295081967213 0.08136 0.05483606557377049