2 0.670671875 0.93421875 0.12596875000000002 0.07652083333333333
2 0.6037421875000001 0.8006875000000001 0.067734375 0.07829166666666666
2 0.2174140625 0.6988749999999999 0.060671875 0.058416666666666665
2 0.268359375 0.6424270833333333 0.08684375 0.0843125
6 0.67128125 0.9293750000000001 0.12509375 0.08387499999999999
2 0.3646171875 0.7179895833333333 0.08154687499999999 0.06572916666666667
2 0.336890625 0.6885625 0.08303125 0.07458333333333332
4 0.40267968749999994 0.7714270833333334 0.048328125 0.07439583333333334
2 0.6438046875000001 0.8830833333333333 0.063203125 0.04533333333333334
2 0.4897578125 0.8623333333333334 0.061734374999999994 0.07291666666666667
2 0.5420312500000001 0.8288333333333334 0.06265625 0.09316666666666666
2 0.4349609375 0.7393645833333334 0.043390625 0.059520833333333335
2 0.44397656250000006 0.78803125 0.054015625 0.050520833333333334
2 0.4719765625 0.7581458333333334 0.063796875 0.07775