3 0.2875078125 0.15956674473067917 0.071390625 0.0802576112412178
3 0.3373984375 0.16354800936768152 0.038140625 0.06634660421545667
3 0.27284375 0.14100702576112412 0.077 0.07442622950819672
3 0.272890625 0.11345433255269322 0.06490625 0.04241217798594848
3 0.3109453125 0.10789227166276347 0.057015625 0.08112412177985949
3 0.348125 0.09951990632318501 0.03603125 0.0757142857142857
3 0.38947656249999996 0.10100702576112412 0.079328125 0.06646370023419204
3 0.3922421875 0.13252927400468384 0.08707812499999999 0.08740046838407495
8 0.577859375 0.4019906323185012 0.17328125 0.15850117096018737
8 0.4597734375 0.323711943793911 0.221234375 0.12953161592505855
8 0.1292734375 0.3579625292740047 0.150734375 0.16177985948477752
8 0.40153906250000004 0.433536299765808 0.23145312499999998 0.16557377049180327