8 0.14965686274509804 0.41190359477124183 0.1707516339869281 0.11230392156862745
8 0.19597222222222221 0.22808823529411765 0.14397058823529413 0.08130718954248366
8 0.3811437908496732 0.4035212418300653 0.1668954248366013 0.11861111111111111
8 0.36575980392156865 0.5841176470588235 0.19302287581699346 0.14160130718954247
8 0.6097875816993464 0.4067320261437909 0.1711111111111111 0.11084967320261438
8 0.8445751633986928 0.39879901960784314 0.178562091503268 0.1309313725490196
8 0.5964297385620916 0.2196078431372549 0.1602777777777778 0.09869281045751634
8 0.7939705882352942 0.21223856209150324 0.16176470588235295 0.10686274509803922
8 0.07959150326797386 0.8398611111111112 0.15771241830065358 0.20044117647058823
8 0.6551470588235295 0.8281944444444445 0.22807189542483663 0.22272875816993465
8 0.9188071895424835 0.8274754901960784 0.16238562091503267 0.22805555555555554
8 0.3458496732026144 0.8279820261437909 0.2461111111111111 0.23834967320261438
8 0.6285702614379084 0.5779248366013072 0.19740196078431374 0.16362745098039216
8 0.49754901960784315 0.3423202614379085 0.9950980392156863 0.6813725490196079