4 0.5770625 0.5717708333333333 0.134125 0.16
4 0.604953125 0.8042395833333333 0.1698125 0.24056249999999998
4 0.7183828125 0.3971875 0.18267187499999998 0.22716666666666668
4 0.6194843750000001 0.24479166666666666 0.24734375000000003 0.259125
4 0.45270312500000004 0.67903125 0.20428125000000003 0.24577083333333333
4 0.36176562500000004 0.5388229166666666 0.20471875 0.21647916666666667
4 0.1664453125 0.34792708333333333 0.230484375 0.38697916666666665
4 0.36970312499999997 0.2964791666666667 0.135875 0.16
4 0.33176562499999995 0.12823958333333332 0.16234375 0.17647916666666666
4 0.48264843749999997 0.11721875 0.183046875 0.2344375
4 0.504203125 0.3848854166666667 0.13984375 0.15031250000000002
4 0.6894921875 0.07105208333333334 0.109359375 0.1033125
4 0.9094531250000001 0.41641666666666666 0.18109375 0.42833333333333334
4 0.54609375 0.47291666666666665 0.8296875 0.7291666666666666