8 0.42642187499999995 0.4305620608899297 0.0244375 0.02641686182669789
8 0.515375 0.4412412177985948 0.02334375 0.03156908665105387
8 0.4973671875 0.4413231850117096 0.019640625000000002 0.029016393442622954
8 0.48391406249999996 0.4405854800936768 0.011359375 0.02426229508196721
8 0.55709375 0.4418032786885246 0.020999999999999998 0.03395784543325527
8 0.5916015625 0.44967213114754095 0.015390625 0.01873536299765808
8 0.49352343750000005 0.7138173302107729 0.023859375 0.02496487119437939
8 0.4551953125 0.7008899297423887 0.026921875 0.033770491803278686
8 0.5451250000000001 0.7013934426229508 0.024906249999999998 0.03482435597189695
8 0.5016796875 0.6938758782201405 0.021015625 0.028875878220140514
8 0.4504218750000001 0.4318852459016394 0.026687499999999996 0.026861826697892274
8 0.57909375 0.44211943793911007 0.0138125 0.03117096018735363
8 0.3129453125 0.8613817330210772 0.021609375 0.022107728337236534
8 0.52734375 0.6545667447306791 0.5046875 0.5175644028103045