0 0.55383 0.2208584337349397 0.10422 0.21749999999999997
0 0.36755 0.24719879518072288 0.18858000000000003 0.17102409638554217
0 0.48591999999999996 0.22091867469879517 0.07092 0.11135542168674699
0 0.24919 0.18561746987951808 0.12029999999999999 0.2588253012048193
0 0.68251 0.25549698795180725 0.036340000000000004 0.11960843373493976
0 0.6347099999999999 0.21216867469879516 0.06982 0.21819277108433735
0 0.43992 0.14683734939759036 0.06744 0.0908433734939759
0 0.49801000000000006 0.2884487951807229 0.04282 0.08370481927710843
0 0.7131 0.256460843373494 0.02936 0.10990963855421687
0 0.68934 0.1568222891566265 0.07732 0.16298192771084338
0 0.5830299999999999 0.2114909638554217 0.09162000000000001 0.2275