9 0.3543203125 0.5438679245283019 0.080953125 0.13627358490566038
9 0.294125 0.45549528301886794 0.06609374999999999 0.0704245283018868
9 0.22003124999999998 0.45207547169811324 0.0719375 0.0675
9 0.3178515625 0.5741509433962264 0.09082812500000001 0.12358490566037736
9 0.23425 0.5038915094339622 0.07681249999999999 0.11844339622641509
9 0.2636875 0.5276650943396227 0.0701875 0.08764150943396226
8 0.8619999999999999 0.5190448113207548 0.14871875 0.21120283018867925
8 0.12264843750000001 0.49018867924528303 0.144890625 0.0820754716981132
8 0.7758984375 0.5113915094339623 0.124609375 0.20226415094339623
8 0.09231249999999999 0.5553301886792453 0.14740625000000002 0.1205188679245283
8 0.917640625 0.4784551886792453 0.13665624999999998 0.21148584905660378
9 0.3240625 0.48292452830188676 0.06353125 0.05811320754716981