4 0.8932421875 0.2604566744730679 0.116171875 0.19763466042154568
4 0.7948359375 0.39255269320843095 0.10601562499999999 0.1701639344262295
4 0.6742734375 0.4233489461358314 0.108578125 0.1792505854800937
5 0.5408203125 0.27059718969555036 0.177390625 0.1552927400468384
5 0.48081250000000003 0.15844262295081968 0.07203125 0.2277049180327869
5 0.5687734375000001 0.1939344262295082 0.10814062499999999 0.10355971896955503
5 0.777078125 0.14352459016393443 0.18209375 0.13646370023419205
5 0.42307812499999997 0.3235245901639345 0.08006250000000001 0.19529274004683841
5 0.7058828125 0.28343091334894616 0.061953125 0.07997658079625293
4 0.761671875 0.3070725995316159 0.11599999999999999 0.18473067915690866
4 0.3830703125 0.29101873536299766 0.097453125 0.14606557377049179
4 0.7186640625 0.18923887587822016 0.120234375 0.13978922716627634
5 0.497546875 0.15563231850117096 0.19834374999999999 0.08203747072599532
5 0.5055703125 0.5418618266978923 0.095046875 0.14826697892271665
5 0.7950546875 0.21509367681498828 0.041609375 0.04334894613583139