0 0.48918750000000005 0.23708624708624707 0.6838437500000001 0.37459207459207455
0 0.1739765625 0.29818181818181816 0.347953125 0.5887645687645688
0 0.079078125 0.18104895104895105 0.15815625 0.3618181818181818
0 0.6586640625 0.26404428904428906 0.682671875 0.5239393939393939
3 0.5685859375000001 0.8425058275058275 0.329640625 0.22589743589743588
3 0.8810546875 0.3606177156177156 0.237890625 0.2051981351981352
3 0.8811015624999999 0.82995337995338 0.237796875 0.15505827505827505
3 0.3969375 0.7672144522144522 0.197 0.2945687645687646
3 0.3359140625 0.6513053613053613 0.153640625 0.2651748251748252
3 0.8502656250000001 0.5829836829836831 0.25193750000000004 0.3601864801864802
3 0.65575 0.5466317016317016 0.18684375 0.34319347319347315
3 0.5534453125 0.4486946386946387 0.191265625 0.13053613053613053
3 0.5407968750000001 0.5888694638694638 0.22534375 0.33093240093240095
3 0.8887109375 0.6178787878787879 0.222578125 0.4106759906759907
0 0.47966406250000004 0.08961538461538461 0.266390625 0.16883449883449886
0 0.2141484375 0.5181818181818182 0.24723437499999998 0.24153846153846154