4 0.31925 0.4302604166666667 0.131625 0.19752083333333334
4 0.22082031249999998 0.5999895833333333 0.201078125 0.23139583333333333
4 0.29509375000000004 0.26595833333333335 0.12475 0.18033333333333335
4 0.27640625 0.13034375 0.12471874999999999 0.12135416666666667
4 0.416421875 0.21422916666666666 0.10200000000000001 0.2704583333333333
4 0.18371093749999998 0.42771875000000004 0.165171875 0.10560416666666667
4 0.41800781249999996 0.34460416666666666 0.11957812500000001 0.098875
4 0.10485156249999998 0.4327604166666667 0.110484375 0.14656249999999998
4 0.1893828125 0.26909375 0.10689062499999999 0.056187499999999994
4 0.158890625 0.72265625 0.12993749999999998 0.13393750000000001
4 0.28633593749999997 0.7226145833333334 0.070359375 0.09189583333333333
4 0.3785078125 0.5692395833333334 0.107671875 0.1466875
4 0.1658359375 0.3095416666666667 0.109328125 0.11245833333333333
4 0.246875 0.41458333333333336 0.44375 0.5833333333333334