5 0.664890625 0.7779270833333334 0.06825 0.07810416666666667
5 0.479015625 0.6944583333333333 0.064125 0.08549999999999999
5 0.6295 0.892875 0.07246875 0.10112499999999999
5 0.4046953125 0.6214062499999999 0.041421875000000004 0.0676875
5 0.4035390625 0.7672291666666667 0.038390625 0.057749999999999996
5 0.7214531249999999 0.7714375 0.05921875 0.049749999999999996
5 0.40342968749999997 0.6919791666666666 0.039671875 0.08658333333333333
5 0.6507109375 0.7091354166666668 0.045484375 0.05485416666666666
5 0.45658593750000004 0.7555833333333334 0.044640625 0.10329166666666666
5 0.7676015625 0.7655416666666667 0.024984375 0.062000000000000006
5 0.7736953125 0.73425 0.102546875 0.13525
4 0.2419453125 0.307 0.125796875 0.059000000000000004
4 0.17783593749999999 0.22003124999999998 0.068078125 0.1251875
5 0.49519531250000004 0.5874479166666666 0.042390625 0.0610625
5 0.8076953124999999 0.7988229166666667 0.051859375 0.08047916666666667
5 0.56484375 0.7135416666666666 0.3734375 0.4479166666666667