8 0.4789066666666667 0.63879 0.03562666666666667 0.02174
8 0.50448 0.6274299999999999 0.025599999999999998 0.02054
8 0.5481466666666666 0.63369 0.038053333333333335 0.02506
8 0.5723866666666667 0.6221400000000001 0.03448 0.02388
8 0.5669333333333333 0.39506 0.04688 0.02172
8 0.5971066666666667 0.38414000000000004 0.04626666666666667 0.0312
8 0.3034266666666667 0.38826 0.03474666666666666 0.01848
8 0.27729333333333334 0.39421999999999996 0.03784 0.01604
8 0.8304533333333334 0.52446 0.06570666666666666 0.02948
8 0.5224666666666667 0.6475599999999999 0.03277333333333333 0.02132
8 0.50776 0.39736 0.04629333333333333 0.01684
8 0.5622933333333333 0.37778999999999996 0.021173333333333336 0.01478
8 0.5223733333333334 0.38489 0.031093333333333334 0.014539999999999999
8 0.624 0.541 0.7466666666666667 0.422