4 0.74453125 0.7516770833333333 0.09140625 0.11627083333333334
4 0.60440625 0.4858854166666667 0.08646875000000001 0.1011875
4 0.7892187500000001 0.5434687500000001 0.09121875 0.12297916666666667
4 0.8175078125 0.7604687499999999 0.133234375 0.15964583333333332
4 0.7011328125 0.6606666666666666 0.190203125 0.2886666666666667
4 0.9575000000000001 0.5814374999999999 0.079125 0.06804166666666665
4 0.8694062500000002 0.5720416666666668 0.08271875 0.10820833333333332
4 0.845453125 0.8311666666666667 0.11687499999999999 0.14024999999999999
4 0.71521875 0.8386666666666667 0.08 0.13799999999999998
4 0.8491953125 0.7260208333333333 0.063328125 0.15925
4 0.9597187500000001 0.7073020833333333 0.08056250000000001 0.10489583333333334
4 0.8194765625 0.42089583333333336 0.057546875 0.07033333333333333
4 0.27675 0.11948958333333333 0.05209375000000001 0.0436875
2 0.325125 0.8081770833333333 0.21796875 0.2709375
2 0.1470234375 0.7909375000000001 0.17120312499999998 0.22829166666666667
2 0.4 0.6395104166666667 0.1444375 0.14814583333333334
2 0.35092187499999994 0.36172916666666666 0.12778125 0.18025
2 0.10987499999999999 0.43728124999999995 0.13965624999999998 0.16552083333333334
2 0.42425781249999994 0.49931250000000005 0.094078125 0.13520833333333335
4 0.5765625 0.4791666666666667 0.70625 0.8666666666666667