0 0.4653125 0.1319320843091335 0.01046875 0.036276346604215456
0 0.8288046875000001 0.10543325526932083 0.065453125 0.09854800936768149
0 0.9482734374999999 0.05531615925058547 0.046421875 0.11035128805620609
0 0.935984375 0.24365339578454331 0.04975 0.0526463700234192
0 0.936484375 0.1671896955503513 0.050062499999999996 0.0375175644028103
0 0.736515625 0.12782201405152224 0.0625625 0.2014519906323185
0 0.6905859375000001 0.1734894613583138 0.037046875 0.12262295081967213
0 0.9680625 0.07146370023419203 0.060750000000000005 0.12662763466042154
0 0.8847109374999998 0.06079625292740047 0.107578125 0.11686182669789227
0 0.6469140625 0.17388758782201405 0.070453125 0.09494145199063232
0 0.52296875 0.1998126463700234 0.0543125 0.12482435597189695
0 0.7897031250000001 0.06401639344262296 0.0905625 0.12803278688524591
0 0.4360546875 0.1272248243559719 0.057015625 0.07463700234192037
0 0.5546875 0.19437939110070257 0.8875 0.26697892271662765