5 0.550375 0.49885416666666665 0.049875 0.10212500000000001
5 0.57896875 0.4419375 0.0543125 0.10975
5 0.7103828125 0.6094479166666668 0.082765625 0.0458125
5 0.7648515625 0.583375 0.031671875 0.08800000000000001
5 0.36684375 0.37328125 0.1430625 0.07922916666666667
5 0.5578671875 0.5887604166666667 0.057296875000000004 0.08089583333333333
5 0.6291328125 0.39036458333333335 0.099703125 0.11097916666666667
5 0.7609843749999999 0.6674062499999999 0.13696875 0.12327083333333334
5 0.5018203125 0.36054166666666665 0.102703125 0.043041666666666666
5 0.5649609375 0.6390312499999999 0.07182812499999999 0.036562500000000005
5 0.4796484375 0.7369791666666666 0.067328125 0.025916666666666664
5 0.7084296875 0.4217916666666667 0.044453124999999996 0.08033333333333334
5 0.419109375 0.3797291666666667 0.0660625 0.06741666666666667
5 0.53515625 0.5416666666666666 0.5453125 0.4375