2 0.3662091503267974 0.825392156862745 0.25624183006535944 0.2630392156862745
2 0.7268218954248366 0.6890277777777778 0.2628267973856209 0.1440032679738562
9 0.6247222222222222 0.4584313725490196 0.17977124183006535 0.15281045751633987
9 0.542124183006536 0.5049754901960785 0.14084967320261438 0.15566993464052287
9 0.5574591503267974 0.3662173202614379 0.11655228758169935 0.1152124183006536
9 0.3505147058823529 0.4831372549019608 0.19877450980392158 0.13003267973856208
9 0.4113480392156863 0.5210457516339869 0.14197712418300654 0.11493464052287582
9 0.6888153594771241 0.7656127450980391 0.10383986928104574 0.14387254901960783
9 0.6625 0.38497549019607846 0.09238562091503268 0.08563725490196078
9 0.28494281045751635 0.4340114379084967 0.11658496732026143 0.08877450980392157
9 0.3315359477124183 0.3670424836601307 0.12098039215686275 0.10062091503267974
9 0.4155065359477124 0.3430065359477124 0.1183986928104575 0.12604575163398693
2 0.27125 0.6551552287581699 0.13733660130718953 0.11638888888888889