8 0.5659479166666668 0.7172343750000001 0.10927083333333334 0.028499999999999998
8 0.5245000000000001 0.687828125 0.05620833333333333 0.052937500000000005
8 0.6114791666666667 0.5839453125 0.04720833333333333 0.030765625
8 0.6174374999999999 0.65996875 0.051416666666666666 0.052593749999999995
8 0.49511458333333336 0.7871953125 0.12335416666666667 0.079671875
8 0.5212395833333334 0.8164765624999999 0.1278125 0.063578125
8 0.553875 0.8579453124999998 0.13791666666666666 0.07195312499999999
8 0.5820520833333334 0.8936484375000001 0.1433125 0.088484375
8 0.6095729166666666 0.9324921875000001 0.16010416666666666 0.077953125
8 0.5608749999999999 0.57459375 0.05754166666666667 0.06381250000000001
8 0.44940625 0.9363671874999999 0.16097916666666665 0.095421875
8 0.41935416666666664 0.883875 0.1579583333333333 0.09140625
8 0.39889583333333334 0.8383515625000001 0.14466666666666667 0.069046875
8 0.3858958333333334 0.8021015625000001 0.12545833333333334 0.07664062499999999
8 0.26545833333333335 0.8235546875 0.13183333333333333 0.07082812499999999
8 0.6732083333333333 0.6254921875 0.04825 0.043421875
8 0.4618333333333334 0.964265625 0.18504166666666666 0.07146875
8 0.421875 0.7734375 0.7354166666666667 0.45