8 0.541970509383378 0.6685353535353535 0.17589812332439678 0.0988888888888889
8 0.35978552278820375 0.6897979797979797 0.1804289544235925 0.10981818181818181
8 0.18747989276139412 0.7134242424242424 0.1728686327077748 0.10636363636363635
8 0.1822788203753351 0.794060606060606 0.20632707774798925 0.08537373737373737
8 0.38404825737265413 0.7651515151515151 0.20278820375335121 0.08731313131313131
8 0.5913538873994638 0.735909090909091 0.21064343163538873 0.08022222222222222
8 0.6364477211796247 0.5098383838383839 0.13439678284182308 0.07886868686868687
8 0.7668096514745307 0.5271111111111112 0.15898123324396782 0.0741010101010101
8 0.9117024128686327 0.5493232323232323 0.1765951742627346 0.06523232323232322
8 0.7727613941018765 0.5653333333333334 0.1305093833780161 0.028969696969696968
8 0.9226541554959785 0.5835555555555556 0.15361930294906165 0.03709090909090909