0 0.3846171875 0.2412089201877934 0.083140625 0.1862676056338028
0 0.88965625 0.20517605633802818 0.0384375 0.0685680751173709
0 0.7315078125000001 0.5233098591549296 0.07423437499999999 0.20737089201877934
0 0.78115625 0.3802699530516432 0.02790625 0.04542253521126761
0 0.9038671875000001 0.2979225352112676 0.081953125 0.13035211267605634
0 0.66434375 0.471924882629108 0.03721875 0.04305164319248826
0 0.47602343750000004 0.2515962441314554 0.081796875 0.18262910798122065
0 0.5857109374999999 0.3153638497652582 0.047359374999999995 0.05617370892018779
0 0.648 0.21093896713615023 0.07865625000000001 0.0824413145539906
0 0.695171875 0.2074295774647887 0.01809375 0.01711267605633803
0 0.8046796875 0.510387323943662 0.078359375 0.11927230046948357
0 0.3061953125 0.24698356807511737 0.088546875 0.207018779342723
0 0.565875 0.46319248826291076 0.042499999999999996 0.04708920187793427
0 0.63046875 0.431924882629108 0.4359375 0.596244131455399