8 0.6843208430913349 0.7933203124999999 0.11693208430913349 0.043984375
8 0.6087236533957846 0.8514999999999999 0.14072599531615926 0.06303125000000001
8 0.3606440281030445 0.7640703125 0.12601873536299765 0.052046875000000006
8 0.07462529274004684 0.9027499999999999 0.14925058548009368 0.09293749999999999
8 0.24516393442622952 0.943796875 0.21697892271662764 0.10465625
8 0.40468384074941455 0.8002265625 0.13035128805620608 0.062921875
8 0.45083138173302106 0.8434765625 0.13477751756440282 0.063265625
8 0.5096135831381734 0.8768828124999999 0.12901639344262295 0.044984375
8 0.7278571428571429 0.8319921875 0.14494145199063233 0.047140625000000005
8 0.635480093676815 0.7762343749999999 0.10201405152224825 0.09696875
8 0.5380327868852459 0.8179765625 0.07817330210772834 0.060390624999999996