0 0.8393281250000001 0.5611145833333333 0.1584375 0.3101041666666667
0 0.7748828124999999 0.5839270833333333 0.076859375 0.25547916666666665
0 0.76990625 0.5690624999999999 0.16065625 0.28562499999999996
0 0.719625 0.5515520833333334 0.15103125 0.28189583333333335
0 0.6596796875 0.45898958333333334 0.10682812500000001 0.13843750000000002
0 0.5123593750000001 0.60546875 0.105625 0.22239583333333332
0 0.2663046875 0.5902604166666666 0.099859375 0.18597916666666667
0 0.465421875 0.46996875 0.124 0.1478125
0 0.8984687499999999 0.5772291666666667 0.1263125 0.27266666666666667
0 0.5502343749999999 0.37157291666666664 0.0563125 0.06652083333333333
0 0.3365234375 0.5699791666666667 0.189234375 0.2643333333333333
0 0.1439765625 0.6615104166666667 0.209203125 0.29464583333333333
0 0.16388281249999997 0.39647916666666666 0.087671875 0.08470833333333333
0 0.48203125 0.5354166666666667 0.9109375 0.4583333333333333