9 0.5889609375 0.65075 0.07095312499999999 0.03295833333333333
9 0.5350703125 0.5717395833333333 0.052171875 0.030645833333333334
9 0.5970156249999999 0.5746354166666666 0.06015625 0.03985416666666666
9 0.5793203124999999 0.6134791666666666 0.053140625 0.03208333333333333
9 0.648390625 0.60428125 0.06153125 0.03952083333333333
9 0.6837109375 0.5165520833333334 0.054953125000000005 0.04972916666666667
9 0.6641484375 0.6833333333333333 0.077265625 0.06675
9 0.52503125 0.6162395833333334 0.064875 0.03985416666666666
9 0.6947734375 0.6487916666666667 0.07173437499999999 0.071875
9 0.5663359375 0.46860416666666665 0.050859375 0.050291666666666665
9 0.6317031249999999 0.5097395833333332 0.0573125 0.04547916666666666