5 0.6210078125 0.6545520833333334 0.184109375 0.18360416666666665
5 0.7959453125 0.5577916666666667 0.083359375 0.18279166666666666
5 0.70325 0.85975 0.03896875 0.19220833333333334
5 0.4573203125 0.1999479166666667 0.10120312499999999 0.0536875
5 0.5447500000000001 0.8040208333333332 0.1159375 0.20299999999999999
5 0.721578125 0.6316145833333333 0.08671875 0.07756249999999999
5 0.742953125 0.7620625000000001 0.042562499999999996 0.14266666666666666
5 0.7171171875 0.5533229166666668 0.062765625 0.08014583333333333
5 0.501953125 0.7695416666666667 0.08984375 0.057291666666666664
5 0.7393125 0.36916666666666664 0.06465625 0.14145833333333335
5 0.6047968750000001 0.22471875000000002 0.13075 0.04872916666666667
5 0.8289921874999999 0.35896875 0.058734375000000005 0.03410416666666667
5 0.7288515625 0.5148854166666667 0.068859375 0.13489583333333333