8 0.41115625 0.6758958333333334 0.230375 0.2175
8 0.15306250000000002 0.5524479166666667 0.18853124999999998 0.16139583333333332
8 0.37865625 0.55453125 0.22959374999999999 0.22527083333333334
8 0.3888828125 0.4067395833333334 0.218859375 0.22056250000000002
8 0.18670312500000003 0.43241666666666667 0.1891875 0.196625
8 0.177125 0.30089583333333336 0.19624999999999998 0.177
8 0.8443828124999999 0.5314583333333334 0.188765625 0.24045833333333333
8 0.832984375 0.3185833333333334 0.19075 0.21225
8 0.1780703125 0.7964687500000001 0.241828125 0.24939583333333332
8 0.8512734375000001 0.7978541666666668 0.20810937499999999 0.30091666666666667
8 0.63496875 0.8213958333333333 0.26653125 0.2582916666666667
8 0.39253125 0.85065625 0.25909375 0.18960416666666668
8 0.550859375 0.5137291666666667 0.13265625 0.39437500000000003
8 0.37578125 0.415625 0.6296875 0.63125