0 0.7572604166666667 0.9068984375 0.20552083333333335 0.184953125
0 0.36641666666666667 0.8224218750000001 0.20500000000000002 0.1771875
0 0.48531250000000004 0.8936796874999999 0.07808333333333332 0.031421875
0 0.7946875 0.7605937500000001 0.163875 0.13415625
0 0.48098958333333336 0.7077109375 0.16668750000000002 0.12501562500000002
0 0.6166145833333333 0.7393984375 0.16127083333333334 0.138515625
0 0.33806250000000004 0.69140625 0.1445 0.10971875
0 0.4266666666666667 0.6142734375 0.11295833333333333 0.084703125
0 0.5418958333333334 0.6200625000000001 0.09470833333333334 0.0866875
0 0.5392291666666666 0.8580859375 0.18837500000000001 0.18057812499999998
0 0.20106249999999998 0.8002890625000001 0.23333333333333334 0.178171875
0 0.7959791666666667 0.65746875 0.11195833333333334 0.09565625
0 0.6733750000000001 0.640046875 0.12200000000000001 0.10584374999999999