8 0.18753125 0.22689277899343546 0.06565625 0.05536105032822757
8 0.14552343750000002 0.2540809628008753 0.056140625 0.04737417943107221
8 0.09148437499999999 0.27318380743982495 0.05215625 0.03595185995623632
8 0.0856171875 0.2613457330415755 0.041609375 0.03603938730853391
8 0.0975078125 0.22991247264770243 0.028046875 0.029059080962800875
8 0.0836796875 0.19440919037199125 0.050296875 0.031706783369803065
8 0.1169609375 0.15440919037199127 0.039140625 0.027943107221006562
9 0.4316484375 0.07683807439824945 0.15726562500000002 0.10562363238512036
9 0.5547187499999999 0.819387308533917 0.14650000000000002 0.17326039387308537
8 0.160171875 0.14955142231947482 0.0384375 0.034682713347921224
8 0.1109609375 0.21525164113785558 0.022265625 0.02350109409190372
8 0.137953125 0.20190371991247263 0.0356875 0.0325601750547046
8 0.1796875 0.17525164113785557 0.028687499999999998 0.026039387308533918
8 0.23326562499999998 0.19923413566739606 0.0499375 0.055054704595185994
9 0.7137265625 0.6509190371991248 0.145296875 0.13859956236323853
9 0.7800859375 0.580492341356674 0.131296875 0.15078774617067833
9 0.5116328125 0.4862582056892779 0.10670312500000001 0.0963238512035011
9 0.8846015625 0.6071334792122538 0.14354687500000002 0.16293216630196936
9 0.6511640625 0.56890590809628 0.170203125 0.14507658643326038
9 0.581265625 0.6435776805251642 0.1411875 0.1326695842450766
9 0.522234375 0.6969474835886215 0.12984374999999998 0.13761487964989058
9 0.4617265625 0.7603610503282277 0.135984375 0.15726477024070024
9 0.31623437499999996 0.5519474835886214 0.10571875 0.11689277899343545
8 0.139984375 0.31031728665207875 0.10006250000000001 0.07433260393873085
9 0.278921875 0.04536105032822757 0.12765625 0.0886214442013129
9 0.63846875 0.7374288840262582 0.14021875 0.1499124726477024
8 0.49921875 0.5470459518599562 0.9984375 0.9015317286652079