3 0.2755078125 0.5741100702576112 0.497640625 0.38587822014051526
1 0.6122734375000001 0.963735362997658 0.139421875 0.07252927400468384
1 0.625109375 0.8671077283372365 0.10218750000000001 0.14639344262295081
1 0.7001718749999999 0.8142271662763466 0.20690624999999999 0.24494145199063233
1 0.7269765625 0.6168852459016394 0.143828125 0.27274004683840747
1 0.6481250000000001 0.5376580796252927 0.27034375 0.22857142857142856
1 0.8685625 0.8284192037470727 0.262875 0.1800234192037471
3 0.31184375 0.8685831381733021 0.5146875 0.2628337236533958
1 0.89440625 0.4296838407494145 0.2111875 0.13281030444964873
1 0.9240703124999999 0.503887587822014 0.151859375 0.13798594847775175
1 0.9028750000000001 0.6701288056206088 0.190625 0.2649414519906323