0 0.740375 0.378321513002364 0.0305 0.0891725768321513
0 0.45411718749999996 0.38569739952718674 0.023015625 0.08430260047281322
0 0.5233671875 0.3932387706855792 0.06739062500000001 0.10652482269503546
1 0.013734374999999998 0.8036997635933806 0.027468749999999997 0.030756501182033096
1 0.11485156249999999 0.8447281323877068 0.22970312499999998 0.11886524822695035
1 0.203859375 0.9116075650118203 0.23703124999999997 0.09111111111111111
3 0.362328125 0.873144208037825 0.02740625 0.026713947990543736
3 0.3347578125 0.8653782505910166 0.030015625 0.026312056737588654
3 0.36796093750000003 0.8512884160756502 0.023859375 0.025886524822695035
0 0.7504375000000001 0.35550827423167847 0.09406250000000001 0.14742316784869977
0 0.20677343750000002 0.47095744680851065 0.054140625 0.14182033096926713
0 0.360140625 0.4249645390070922 0.07996875 0.11872340425531915
0 0.97846875 0.35065011820330966 0.04303125 0.1441371158392435
0 0.2644609375 0.46069739952718675 0.053265625000000004 0.1445626477541371
0 0.3028046875 0.4462056737588653 0.077015625 0.14981087470449173
0 0.91115625 0.34600472813238775 0.0836875 0.14245862884160757
0 0.58378125 0.3623167848699763 0.06803125 0.15886524822695036
0 0.8316250000000001 0.3586170212765957 0.08734375 0.14182033096926713
0 0.636203125 0.36424349881796697 0.0713125 0.09288416075650117
3 0.40321875 0.8941843971631206 0.03159375 0.04156028368794326
3 0.41502343750000004 0.8540307328605201 0.030296875 0.04494089834515367
3 0.48307031249999993 0.8789361702127658 0.129328125 0.08813238770685579
0 0.55546875 0.3817966903073286 0.3203125 0.16784869976359337