4 0.3752890625 0.7505957943925233 0.360328125 0.45647196261682244
4 0.8683203125000001 0.6661915887850467 0.263359375 0.6676168224299066
4 0.82925 0.17058411214953273 0.21715625 0.31294392523364484
4 0.0771015625 0.34 0.154203125 0.22822429906542058
4 0.3619140625 0.1682359813084112 0.195109375 0.22824766355140186
4 0.3126015625 0.4464953271028037 0.240921875 0.16929906542056072
4 0.6506484374999999 0.6220794392523364 0.13289062499999998 0.2191588785046729
4 0.967578125 0.2867172897196262 0.0646875 0.12119158878504672
5 0.7067734375 0.7788785046728971 0.11954687500000001 0.26789719626168224
5 0.9427890624999999 0.32857476635514016 0.073359375 0.09934579439252338
5 0.8707499999999999 0.6354556074766354 0.05190625 0.09035046728971963
5 0.58384375 0.6516822429906542 0.0315625 0.10785046728971961
5 0.3734921875 0.36257009345794394 0.131328125 0.04275700934579439
5 0.5838359375 0.0730373831775701 0.091671875 0.14158878504672898
5 0.4633828125 0.08005841121495327 0.198953125 0.07614485981308412
5 0.7894140624999999 0.051857476635514016 0.144765625 0.05483644859813084
4 0.62996875 0.8185280373831776 0.10353125 0.1597196261682243