8 0.17364843749999997 0.6043411764705883 0.196359375 0.2832705882352941
8 0.2778125 0.6846823529411765 0.17334375 0.1864470588235294
8 0.25890625 0.7977529411764707 0.18653124999999998 0.1887764705882353
8 0.46299999999999997 0.7818117647058823 0.16565625 0.2504
8 0.4953125 0.4644470588235294 0.15925 0.22945882352941174
8 0.5019921875 0.33571764705882357 0.158296875 0.1504470588235294
8 0.5039453125 0.2575529411764706 0.149234375 0.11919999999999999
8 0.286515625 0.8831411764705883 0.191 0.20223529411764707
8 0.6401875 0.6426941176470587 0.15818749999999998 0.25169411764705885
8 0.4803671875 0.19090588235294115 0.13970312499999998 0.11687058823529411
8 0.8081171875000001 0.5584117647058823 0.16273437500000001 0.24030588235294117
8 0.777140625 0.42015294117647056 0.1429375 0.2120235294117647
8 0.641421875 0.48205882352941176 0.14453125 0.15221176470588235