4 0.5856328125 0.6158750000000001 0.069109375 0.09845833333333333
4 0.26911718749999997 0.805875 0.132359375 0.12941666666666665
4 0.5070390625 0.6857291666666666 0.11751562499999998 0.14954166666666666
4 0.8651953124999998 0.75553125 0.095046875 0.1250625
4 0.1882109375 0.9320104166666666 0.138171875 0.11989583333333333
4 0.630921875 0.73590625 0.10809375000000002 0.07860416666666666
4 0.6496484375 0.5393645833333333 0.067671875 0.09902083333333334
4 0.478703125 0.5507916666666667 0.058374999999999996 0.09416666666666668
4 0.5776796875000001 0.9339166666666666 0.123921875 0.120625
4 0.5931171875000001 0.4923333333333334 0.058734375000000005 0.08041666666666666
4 0.37821875 0.49265624999999996 0.05775 0.05277083333333333
4 0.2555078125 0.5935208333333333 0.10298437499999999 0.14508333333333334
4 0.31248437500000004 0.59690625 0.0816875 0.10739583333333333
4 0.5375 0.6635416666666667 0.921875 0.66875