4 0.7493828125 0.6079742388758783 0.086859375 0.12259953161592506
4 0.500375 0.3362295081967213 0.15240625000000002 0.21334894613583136
7 0.49926562499999994 0.533711943793911 0.25787499999999997 0.6764168618266978
4 0.7236875 0.3835011709601873 0.17278125 0.15388758782201403
4 0.6329374999999999 0.2799765807962529 0.076375 0.1323185011709602
4 0.448078125 0.2900585480093677 0.11915625 0.1658313817330211
4 0.5802265625 0.553559718969555 0.218890625 0.11911007025761124
4 0.2988828125 0.3688173302107728 0.135078125 0.13997658079625294
4 0.39656250000000004 0.5471896955503514 0.07046875 0.12810304449648713
4 0.2058125 0.4349180327868852 0.07375000000000001 0.17114754098360654
7 0.72715625 0.5303395784543325 0.272875 0.6561826697892271
7 0.2458515625 0.3724004683840749 0.262359375 0.32030444964871196