8 0.46212500000000006 0.40040624999999996 0.031156250000000003 0.0391875
8 0.44010156250000004 0.40391666666666665 0.028140625000000002 0.035458333333333335
8 0.4414375 0.37840625 0.0265625 0.029312500000000002
8 0.564359375 0.43662500000000004 0.02975 0.031125
8 0.41778125 0.37730208333333337 0.02703125 0.029520833333333333
8 0.42303125 0.40365625 0.02759375 0.0328125
8 0.4066640625 0.40136458333333336 0.026046875000000004 0.030520833333333334
8 0.3797578125 0.38921875 0.025953125 0.024520833333333332
8 0.3860234375 0.40467708333333335 0.024796875 0.0183125
8 0.4765703125 0.38694791666666667 0.022890625 0.0275625
8 0.395265625 0.38428125 0.01771875 0.02364583333333333
8 0.6375078125 0.5589375000000001 0.022390625 0.023958333333333335
8 0.631375 0.5443854166666667 0.0205625 0.028479166666666667