4 0.41967187499999997 0.6320846394984325 0.0799375 0.13915360501567398
4 0.29382031249999996 0.6236990595611286 0.078421875 0.17573667711598748
4 0.09140625 0.19456112852664575 0.06593750000000001 0.13614420062695926
4 0.5676328125 0.6258777429467084 0.060984375 0.10354231974921631
4 0.5436171875 0.7468652037617555 0.077078125 0.12188087774294672
5 0.1479453125 0.6945297805642634 0.07320312500000001 0.15169278996865204
5 0.852375 0.4730094043887147 0.1930625 0.30282131661442
5 0.1898984375 0.8173824451410658 0.080140625 0.1739498432601881
5 0.080921875 0.8223510971786834 0.08209375 0.17178683385579938
5 0.185890625 0.5247021943573669 0.08796875 0.16470219435736677
5 0.6182578125 0.6987931034482758 0.050046875000000005 0.08347962382445141
5 0.6677109375 0.6531504702194357 0.054109375 0.11677115987460815
5 0.34514843749999996 0.7640438871473355 0.034609375 0.08300940438871474
5 0.8560156250000001 0.7597962382445141 0.1744375 0.2905015673981191
5 0.919359375 0.24587774294670847 0.025937500000000002 0.09695924764890282
5 0.5891640625 0.8052507836990596 0.044796875 0.09664576802507836
4 0.2042109375 0.22634796238244514 0.060421875 0.09031347962382445
5 0.1536484375 0.17775862068965517 0.063890625 0.09746081504702195
5 0.3434765625 0.5612225705329154 0.035515625 0.07128526645768024