5 0.6696015625 0.8090937500000001 0.053234375 0.3818125
5 0.594703125 0.38359375 0.12353125000000001 0.28247916666666667
5 0.5873984375 0.27388541666666666 0.12923437499999998 0.2635208333333333
5 0.638109375 0.29953125 0.11181250000000001 0.21202083333333333
5 0.650015625 0.41954166666666665 0.11959375000000001 0.23866666666666667
5 0.5742734374999999 0.3871458333333333 0.146953125 0.329125
5 0.6294921875 0.801875 0.028640624999999996 0.37304166666666666
5 0.7282109375 0.7380208333333333 0.167328125 0.3312083333333333
5 0.754171875 0.8888645833333334 0.102125 0.1929375
5 0.6990546875 0.82084375 0.045484375 0.35752083333333334
5 0.664046875 0.7936979166666666 0.0471875 0.37977083333333334
5 0.7289296875 0.8898958333333333 0.058984375 0.19775
4 0.3026953125 0.666 0.139671875 0.135375
4 0.187984375 0.5597395833333334 0.30584375 0.2415625
4 0.19480468750000002 0.7532500000000001 0.163640625 0.25975000000000004
4 0.11480468749999999 0.7535416666666667 0.055234375 0.14358333333333334
4 0.43899999999999995 0.9568645833333332 0.09959375000000001 0.08627083333333332