0 0.46373437500000003 0.45619158878504673 0.011625 0.01822429906542056
0 0.4806484375 0.4690303738317757 0.008140625 0.002733644859813084
0 0.31628125 0.47030373831775707 0.0283125 0.03294392523364486
1 0.5240078125000001 0.5793341121495327 0.070703125 0.04703271028037383
3 0.285578125 0.46675233644859815 0.0350625 0.03228971962616822
5 0.750578125 0.6866588785046729 0.01865625 0.0076168224299065414
5 0.7652421875 0.6710163551401869 0.010515625 0.03147196261682243
5 0.7512890625 0.6860046728971962 0.055578125 0.06093457943925233
1 0.42818750000000005 0.5310046728971963 0.05275 0.04686915887850467
1 0.364296875 0.5056074766355141 0.0050625 0.008271028037383178
1 0.3850625 0.5133644859813085 0.0054375 0.008364485981308411
1 0.3693046875 0.5063084112149533 0.006015625 0.008785046728971962