0 0.5078225806451613 0.7831328125 0.12435483870967742 0.071859375
0 0.5144585253456221 0.6901015625 0.024308755760368665 0.038078125000000004
0 0.5182603686635945 0.6432890625000001 0.041451612903225805 0.032359375
0 0.5433294930875576 0.688859375 0.053894009216589864 0.053937500000000006
0 0.5312903225806452 0.7152265625 0.02313364055299539 0.032859375
0 0.45268433179723505 0.7785 0.06384792626728111 0.06453125
0 0.15236175115207373 0.6997421875000001 0.04412442396313364 0.066546875
1 0.8451382488479263 0.712234375 0.1004147465437788 0.06443750000000001
3 0.6660253456221198 0.652859375 0.016428571428571428 0.012625
3 0.8786866359447004 0.7870078125 0.21322580645161293 0.101359375
3 0.6519930875576037 0.6285234375 0.02453917050691244 0.012703125000000001
3 0.6155069124423963 0.632703125 0.021797235023041477 0.015062500000000001
3 0.6283410138248847 0.6234843750000001 0.024792626728110598 0.01809375
3 0.6571082949308756 0.616703125 0.02186635944700461 0.013750000000000002
3 0.6540783410138249 0.6414375000000001 0.0271889400921659 0.01753125
3 0.6349654377880185 0.6643125 0.02638248847926267 0.01490625
3 0.6143317972350231 0.6578515625000001 0.02566820276497696 0.016703125
3 0.7213248847926266 0.6187734375 0.024308755760368665 0.016296875
3 0.6819354838709678 0.6574609375 0.020645161290322584 0.011640625
3 0.6403341013824884 0.60725 0.02338709677419355 0.017812500000000002
0 0.2921774193548387 0.7785078125 0.11324884792626727 0.087609375
0 0.10543778801843318 0.6397421875 0.12889400921658986 0.06792187499999999
0 0.08241935483870967 0.695828125 0.12552995391705069 0.07234375
0 0.5208755760368664 0.6343203125000001 0.12580645161290324 0.066578125
0 0.5063479262672811 0.7021171875000001 0.12601382488479262 0.089546875
3 0.6057949308755761 0.6138359375 0.01771889400921659 0.016234375000000002
3 0.5587557603686636 0.61328125 0.6935483870967742 0.6046875