4 0.7880312500000001 0.5058958333333333 0.083125 0.122625
4 0.41646875000000005 0.41411458333333334 0.1129375 0.10822916666666667
4 0.4254765625 0.6799479166666667 0.063609375 0.08010416666666667
4 0.696703125 0.5745104166666667 0.10153125 0.18097916666666666
4 0.4308515625 0.5796979166666667 0.08304687499999999 0.13410416666666666
4 0.5320625 0.63059375 0.14646874999999998 0.19764583333333335
4 0.763171875 0.4197604166666667 0.1055 0.10514583333333333
4 0.3561015625 0.49912500000000004 0.11370312499999999 0.11054166666666668
4 0.4534453125 0.27865625 0.070703125 0.09689583333333333
4 0.610484375 0.7543645833333333 0.048875 0.05872916666666667
5 0.5701484375 0.48561458333333335 0.049890625 0.058479166666666665
5 0.8138359375 0.6317395833333334 0.034015625 0.050270833333333334
5 0.71153125 0.7083958333333334 0.042625 0.043708333333333335
5 0.255796875 0.6033437500000001 0.028468749999999998 0.06060416666666667
5 0.69384375 0.33066666666666666 0.0429375 0.018208333333333333
5 0.5951796875 0.5440104166666667 0.039015625 0.05497916666666667
5 0.40260937500000005 0.7340416666666667 0.044937500000000005 0.053625
5 0.2869296875 0.5128125 0.033421875000000004 0.051416666666666666
5 0.7709140624999999 0.5942500000000001 0.030265625 0.05445833333333334
5 0.4216875 0.27390624999999996 0.047125 0.05297916666666667
5 0.3493203125 0.37570833333333337 0.08451562500000001 0.11670833333333334
4 0.52815625 0.48484374999999996 0.04528125 0.07022916666666666