0 0.43461718749999995 0.6383958333333334 0.09489062499999999 0.11433333333333334
0 0.22426562499999997 0.4879583333333333 0.029249999999999998 0.03716666666666667
0 0.33878906249999996 0.9171354166666666 0.084078125 0.16572916666666665
0 0.078046875 0.5162291666666667 0.1323125 0.11699999999999999
0 0.22682031250000004 0.5817083333333333 0.160203125 0.119375
0 0.277171875 0.7763854166666666 0.1710625 0.25947916666666665
0 0.5868828125000001 0.8989895833333333 0.22532812500000002 0.1300625
0 0.6016250000000001 0.8547604166666667 0.20618750000000002 0.1109375
0 0.4053359375 0.7640416666666667 0.19720312499999998 0.20675
0 0.09209375 0.9101666666666667 0.122125 0.17966666666666667
0 0.0966640625 0.6687812500000001 0.122265625 0.21164583333333334
0 0.09886718750000001 0.41500000000000004 0.060140625 0.06104166666666667
0 0.283734375 0.4496041666666667 0.049812499999999996 0.043791666666666666
0 0.35859375 0.6729166666666667 0.7171875 0.65