3 0.43071093749999995 0.7463028169014084 0.09135937499999999 0.15363849765258217
1 0.33992968749999997 0.753943661971831 0.111359375 0.14413145539906103
1 0.561546875 0.7586502347417841 0.02384375 0.031807511737089206
1 0.596609375 0.7862441314553991 0.024406249999999997 0.029389671361502348
1 0.6412734375 0.8070305164319249 0.022640625 0.03190140845070422
1 0.5740624999999999 0.7472417840375588 0.21349999999999997 0.15687793427230046
1 0.6500859374999999 0.7790492957746479 0.025671875 0.0394131455399061
1 0.97871875 0.7178990610328638 0.042562499999999996 0.05434272300469483
1 0.6871953124999999 0.8175 0.028984375 0.02373239436619718
5 0.6268750000000001 0.5801408450704225 0.12275 0.1147887323943662
1 0.6884296875 0.7553755868544602 0.150046875 0.13985915492957746