8 0.5964218750000001 0.5408125 0.08334375000000001 0.08333333333333333
8 0.836578125 0.4766666666666667 0.07628125 0.08820833333333335
8 0.6740078125 0.5592395833333333 0.085078125 0.0840625
8 0.7519140624999999 0.581 0.089734375 0.07366666666666667
8 0.8366171875000001 0.5601041666666667 0.094421875 0.08675000000000001
8 0.9046562499999998 0.5363958333333333 0.08646875000000001 0.07795833333333334
8 0.891328125 0.45676041666666667 0.0713125 0.07152083333333333
8 0.46873437500000004 0.8602395833333334 0.08446875000000001 0.09547916666666666
8 0.7273671875000001 0.8392083333333333 0.10404687500000001 0.10816666666666667
8 0.9116328125 0.8444791666666666 0.105171875 0.13133333333333333
8 0.510390625 0.93765625 0.12468749999999999 0.0883125
8 0.7504296874999999 0.5072083333333333 0.06348437500000001 0.08637500000000001
8 0.55646875 0.8317083333333334 0.1036875 0.11966666666666666
8 0.68125 0.68125 0.634375 0.625