8 0.591234375 0.41411971830985916 0.14565625 0.19762910798122066
8 0.35909375 0.4667723004694836 0.17190624999999998 0.1936854460093897
8 0.089953125 0.4594483568075118 0.17990625 0.20946009389671363
8 0.1695234375 0.3925117370892019 0.162890625 0.18863849765258217
8 0.5714921875 0.3270774647887324 0.125140625 0.08115023474178404
8 0.98103125 0.4402699530516432 0.0379375 0.20199530516431924
8 0.8602265625 0.4625704225352113 0.157390625 0.16410798122065726
8 0.5534453125 0.3172887323943662 0.12132812500000001 0.13687793427230047
8 0.7675390625 0.2784154929577465 0.11867187500000001 0.08354460093896715
8 0.314125 0.21610328638497653 0.09534375 0.0592018779342723
8 0.18755468749999998 0.27982394366197183 0.134640625 0.0681455399061033
8 0.7701796875 0.3996596244131455 0.121140625 0.14246478873239435
8 0.51784375 0.7929225352112675 0.13568750000000002 0.10363849765258215
8 0.5296875 0.8615023474178404 0.446875 0.2347417840375587