8 0.4208359375 0.32078328981723236 0.141234375 0.1556657963446475
8 0.4585703125 0.3921279373368146 0.139859375 0.16404699738903394
9 0.3501875 0.6223629242819844 0.14250000000000002 0.22535248041775457
9 0.4175625 0.75322454308094 0.15096875 0.23574412532637076
8 0.664203125 0.7467362924281984 0.186375 0.26010443864229765
8 0.604484375 0.6434334203655353 0.16003125 0.2314621409921671
8 0.500703125 0.4745691906005222 0.14634375 0.18485639686684072
8 0.54396875 0.5625456919060052 0.15196875 0.20900783289817232
9 0.8086953125 0.6148694516971279 0.326171875 0.3378328981723237
9 0.8036953125 0.46233681462140996 0.135421875 0.1489556135770235
9 0.2637421875 0.3997389033942559 0.125140625 0.15201044386422977
9 0.28209375000000003 0.85411227154047 0.15690625 0.2364751958224543
9 0.2347109375 0.7000000000000001 0.146109375 0.21039164490861617
9 0.19740625 0.5645039164490862 0.1305625 0.17924281984334206
9 0.30994531249999996 0.5072454308093994 0.130015625 0.195065274151436
9 0.158765625 0.47191906005221934 0.1209375 0.20462140992167102