8 0.6079100000000001 0.5678666666666666 0.054939999999999996 0.08090666666666667
8 0.46574 0.4936 0.0464 0.06730666666666667
8 0.3487 0.30908 0.06624 0.10909333333333332
8 0.7364299999999999 0.16383999999999999 0.05654 0.07882666666666667
8 0.7589 0.25290666666666667 0.041280000000000004 0.06698666666666667
8 0.6799 0.17710666666666663 0.05596 0.07682666666666667
8 0.30344000000000004 0.3338 0.08168 0.14322666666666667
8 0.7776799999999999 0.2543866666666667 0.02608 0.056453333333333335
8 0.72914 0.2551866666666667 0.04292 0.06712
8 0.72177 0.2085333333333333 0.03082 0.034613333333333336
8 0.77257 0.20944000000000002 0.02434 0.04
8 0.68798 0.12427999999999999 0.04264 0.062
8 0.7327 0.20828000000000002 0.03068 0.03688
9 0.09874000000000001 0.2837733333333334 0.10864 0.12514666666666666
8 0.548 0.5013333333333333 0.9 0.944