8 0.25206249999999997 0.802576112412178 0.2558125 0.367728337236534
8 0.37586718750000003 0.786791569086651 0.237546875 0.4264168618266979
8 0.5749765625 0.732576112412178 0.15142187499999998 0.5123653395784543
8 0.7616328125 0.6428571428571429 0.19929687499999998 0.5272599531615925
8 0.672375 0.6946018735362999 0.17284375000000002 0.5440515222482436
8 0.41609375000000004 0.44240046838407493 0.18840625 0.285503512880562
8 0.49128906250000004 0.14805620608899298 0.16117187500000002 0.29091334894613585
8 0.39754687499999997 0.1725878220140515 0.131375 0.339367681498829
8 0.5723671875 0.1060655737704918 0.082765625 0.2121311475409836
8 0.4895546875 0.7441451990632318 0.227015625 0.4857142857142857
8 0.1247734375 0.18571428571428572 0.246078125 0.37142857142857144
8 0.2755390625 0.19350117096018735 0.169828125 0.3870023419203747
8 0.69765625 0.49882903981264637 0.5796875 0.9976580796252927