4 0.8768032786885247 0.11964062499999999 0.2463934426229508 0.23928124999999997
5 0.5278220140515223 0.5596796875 0.08777517564402809 0.170265625
5 0.34093676814988294 0.5293281249999999 0.11662763466042154 0.17253125
5 0.49396955503512885 0.466796875 0.05014051522248244 0.050687499999999996
5 0.7004332552693208 0.4920546874999999 0.10920374707259954 0.107265625
5 0.6532318501170961 0.9043281249999999 0.19817330210772835 0.16759375
5 0.31393442622950823 0.8293515625 0.1152224824355972 0.066703125
5 0.7557845433255269 0.6970859375 0.18651053864168618 0.215390625
5 0.37942622950819677 0.6389609375 0.0836768149882904 0.121296875
5 0.31225995316159255 0.580046875 0.1230679156908665 0.15903125
5 0.23807962529274004 0.44683593750000006 0.08885245901639344 0.107515625
5 0.8911943793911006 0.7366328125 0.1579391100702576 0.124828125
5 0.37432084309133484 0.7281953125 0.07805620608899297 0.061140625000000004
5 0.24091334894613584 0.750546875 0.09072599531615926 0.116625
5 0.49882903981264637 0.5921875 0.9976580796252927 0.6125