0 0.493328125 0.3086565420560748 0.06634375 0.09156542056074767
0 0.43767187499999993 0.27360981308411214 0.06375 0.08745327102803738
0 0.3688125 0.3194859813084112 0.05959375 0.09271028037383178
0 0.27052343749999996 0.2070677570093458 0.043578125 0.08077102803738317
0 0.31320312499999997 0.21632009345794395 0.0310625 0.06969626168224298
0 0.6510468749999999 0.2260280373831776 0.07781249999999999 0.0919626168224299
0 0.5145390625 0.582161214953271 0.044890625 0.041939252336448594
0 0.47219531249999996 0.6383528037383178 0.042859375 0.037546728971962616
0 0.41259375 0.5966705607476636 0.0610625 0.10044392523364487
0 0.30522656249999996 0.5997429906542056 0.077203125 0.08677570093457944
0 0.593640625 0.25709112149532715 0.06146875 0.08007009345794393
0 0.2203671875 0.20867990654205607 0.052265625 0.06329439252336448
0 0.368296875 0.20761682242990653 0.012375 0.028457943925233643
0 0.4796875 0.463785046728972 0.540625 0.6098130841121495