8 0.63988 0.51392 0.23544 0.3088533333333333
8 0.6560999999999999 0.8082533333333334 0.25164 0.28952
8 0.6221 0.23330666666666666 0.2296 0.2576
8 0.17311 0.5083066666666667 0.24130000000000001 0.29949333333333333
8 0.15169 0.80224 0.25954 0.33258666666666664
8 0.40091 0.8099466666666667 0.26758 0.34864
8 0.83596 0.24943999999999997 0.21236000000000002 0.26069333333333333
8 0.87373 0.5143599999999999 0.2347 0.29256
8 0.88952 0.8119333333333334 0.22096000000000002 0.30754666666666663
8 0.40617999999999993 0.49064 0.23932 0.30336
8 0.40618 0.22246666666666665 0.21236000000000002 0.2561866666666667
8 0.19190000000000002 0.23045333333333334 0.20356 0.2609066666666667