7 0.5044140625 0.4741145833333333 0.991171875 0.9482291666666666
4 0.54859375 0.3668541666666666 0.15675 0.2786666666666667
4 0.6042734375000001 0.6116979166666667 0.260359375 0.23835416666666667
4 0.4996796875 0.18441666666666665 0.142203125 0.15583333333333332
4 0.2863671875 0.4688333333333334 0.159734375 0.26233333333333336
4 0.358203125 0.07168749999999999 0.13543750000000002 0.093375
4 0.158765625 0.35584375 0.11884375 0.09352083333333333
4 0.7104921875 0.37919791666666663 0.126171875 0.13352083333333334
4 0.748609375 0.5042708333333333 0.07578125 0.16604166666666667
4 0.8261015624999999 0.42989583333333337 0.088078125 0.1909583333333333
4 0.2181796875 0.19220833333333331 0.171421875 0.2025833333333333