8 0.434671875 0.6353125000000001 0.04403125 0.023583333333333335
8 0.4388828125 0.6181354166666666 0.041078125 0.024187499999999997
8 0.400875 0.6221145833333334 0.037375000000000005 0.022395833333333334
8 0.4806640625 0.5151770833333333 0.018765625 0.014354166666666666
8 0.52996875 0.5641770833333334 0.036875000000000005 0.025145833333333333
8 0.5281328125 0.5459166666666667 0.029671874999999997 0.02
8 0.559984375 0.4441979166666667 0.021249999999999998 0.020604166666666666
8 0.5417421875 0.4584479166666667 0.019453124999999998 0.020854166666666667
8 0.4705078125 0.4452291666666667 0.021390625 0.020916666666666663
8 0.53728125 0.43405208333333334 0.0251875 0.01922916666666667
8 0.51375 0.43926041666666665 0.021124999999999998 0.02022916666666667
8 0.49261718749999994 0.44317708333333333 0.025234374999999996 0.021979166666666668
8 0.51725 0.41432291666666665 0.02284375 0.017687500000000002
8 0.4921875 0.33541666666666664 0.3375 0.5041666666666667