7 0.4748359375000001 0.6129859484777518 0.058921875 0.06231850117096019
7 0.40096875 0.6851170960187353 0.0369375 0.04194379391100703
7 0.49173437499999995 0.6495433255269322 0.06834375000000001 0.04859484777517564
7 0.5108984375 0.5534426229508197 0.033640625 0.045807962529274
7 0.47938281250000003 0.5586768149882904 0.029015625 0.025784543325526932
7 0.43168750000000006 0.5816978922716628 0.05265625 0.05079625292740047
7 0.4901640625 0.6799180327868853 0.053109375 0.04175644028103044
7 0.35909375 0.6892974238875877 0.05128125 0.050444964871194375
7 0.39853125 0.465327868852459 0.05675 0.03857142857142857
7 0.39489062500000005 0.546440281030445 0.0290625 0.036440281030444964
7 0.3869765625 0.6482201405152225 0.045671875 0.046697892271662766