4 0.8172222222222222 0.4492973856209151 0.13915032679738562 0.13679738562091504
4 0.6969117647058823 0.565482026143791 0.0561437908496732 0.05485294117647059
4 0.7999918300653596 0.8597712418300653 0.13334967320261437 0.14245098039215687
4 0.8617565359477124 0.7322058823529412 0.06975490196078431 0.06382352941176471
4 0.7266013071895424 0.526062091503268 0.032973856209150325 0.05411764705882353
4 0.73875 0.4790032679738562 0.04609477124183007 0.04477124183006536
4 0.7908088235294118 0.5873202614379085 0.07272875816993464 0.08571895424836601
4 0.9303022875816994 0.5985294117647059 0.1393954248366013 0.19640522875816993
4 0.6437990196078431 0.677622549019608 0.042336601307189546 0.04302287581699346
4 0.9160130718954247 0.4955964052287582 0.13209150326797386 0.07864379084967321
4 0.94656045751634 0.6914542483660131 0.06844771241830065 0.0565359477124183
4 0.9689297385620915 0.78625 0.054656862745098046 0.03704248366013072
4 0.8018709150326797 0.5363725490196078 0.11648692810457517 0.09738562091503268
4 0.6576797385620915 0.6102941176470589 0.6813725490196079 0.5571895424836601