1 0.035765625 0.8784777517564403 0.07153125 0.06740046838407494
3 0.20809375000000002 0.11204918032786886 0.10196875000000001 0.13571428571428573
3 0.29219531249999997 0.1194145199063232 0.050796875 0.06660421545667447
3 0.3056875 0.08036299765807962 0.0438125 0.057259953161592506
3 0.33534375 0.0918384074941452 0.01834375 0.029531615925058548
3 0.3178671875 0.15011709601873535 0.044265624999999996 0.06843091334894613
3 0.27040625 0.14543325526932085 0.04046875 0.04313817330210773
1 0.14737499999999998 0.8557494145199063 0.29474999999999996 0.26854800936768153
1 0.624609375 0.4763231850117096 0.05971875 0.06889929742388759
1 0.13496875 0.6744964871194381 0.060750000000000005 0.045526932084309135
1 0.075046875 0.6621428571428571 0.06425 0.04377049180327869
1 0.8242265625 0.425480093676815 0.095765625 0.07175644028103044
1 0.8531718749999999 0.5121077283372366 0.114375 0.09522248243559718
3 0.33246875 0.1157728337236534 0.024125 0.022833723653395786
1 0.5096093749999999 0.9317681498829039 0.069625 0.09
1 0.11627343750000001 0.4849063231850117 0.043953124999999996 0.03501170960187353
1 0.5042500000000001 0.8290749414519906 0.0895625 0.09463700234192036
1 0.2498515625 0.39262295081967213 0.036328125 0.03208430913348946
1 0.5158359375 0.876440281030445 0.087140625 0.06679156908665106
1 0.3756796875 0.8517096018735363 0.180921875 0.27498829039812644