6 0.45903906250000004 0.5936470588235294 0.066546875 0.17143529411764705
6 0.2983359375 0.6515529411764706 0.08832812500000001 0.10451764705882353
6 0.6200390625000001 0.7428470588235295 0.064171875 0.19101176470588238
6 0.4389921875000001 0.7514352941176471 0.059890624999999996 0.1872470588235294
6 0.57728125 0.6082352941176471 0.11190625000000001 0.12823529411764706
6 0.6189921875 0.5851176470588235 0.048640625 0.12849411764705881
6 0.680171875 0.7202941176470589 0.0691875 0.07983529411764706
6 0.39142187500000003 0.6027529411764705 0.053968749999999996 0.14367058823529413
6 0.39158593750000004 0.7151529411764705 0.071203125 0.18188235294117647
6 0.517078125 0.741764705882353 0.14025 0.10508235294117646
6 0.7747187500000001 0.6490588235294118 0.04953125 0.13896470588235293
6 0.8921250000000001 0.6733529411764706 0.03621875 0.1064235294117647
6 0.682015625 0.7948941176470588 0.07778125 0.07863529411764707