1 0.44260937499999997 0.6070047169811321 0.0785 0.0630188679245283
1 0.476078125 0.5681721698113208 0.028375 0.042334905660377356
1 0.49799218749999996 0.5843632075471697 0.017984375 0.02966981132075472
1 0.5778593750000001 0.5726533018867924 0.09231249999999999 0.07172169811320754
1 0.6431093750000001 0.5604481132075472 0.07928125 0.06386792452830188
1 0.5193046875 0.6007075471698113 0.06542187499999999 0.04325471698113208
1 0.58378125 0.5420636792452831 0.01496875 0.014033018867924529
1 0.5851640625 0.5237028301886792 0.011953125 0.012641509433962264
1 0.5040625 0.5611320754716982 0.02584375 0.028820754716981135
1 0.2981953125 0.6440801886792453 0.076328125 0.06533018867924528
1 0.022046875 0.6826886792452831 0.04409375 0.12254716981132076
1 0.063578125 0.6995872641509434 0.03915625 0.05214622641509434