8 0.8219921875 0.47057377049180327 0.057265625 0.07098360655737705
8 0.7774140624999999 0.40687353629976586 0.056109374999999996 0.0840983606557377
8 0.7513515625 0.3504332552693209 0.043515625 0.052341920374707265
8 0.34266406250000003 0.3575058548009368 0.12432812499999998 0.11758782201405152
8 0.4889453125 0.43235362997658083 0.054796875 0.08021077283372366
8 0.481828125 0.3605620608899297 0.04825 0.06140515222482435
8 0.813265625 0.4068969555035129 0.029218749999999998 0.06203747072599531
8 0.7374765625 0.30172131147540987 0.040140625 0.052810304449648716
8 0.2103671875 0.4984309133489462 0.145296875 0.1762060889929742
8 0.9314140625 0.5068735362997658 0.093171875 0.07749414519906324
8 0.220953125 0.3532435597189696 0.1265 0.12466042154566744
8 0.8883828125 0.5067330210772834 0.071890625 0.07688524590163934
8 0.8468828125 0.5165222482435597 0.056046874999999996 0.03978922716627634