2 0.389359375 0.6644166666666667 0.23140624999999998 0.3310833333333333
0 0.4061796875 0.27865625 0.22248437499999998 0.2426875
3 0.6750390625 0.36655208333333333 0.199796875 0.2073125
3 0.22058593749999997 0.52 0.084703125 0.16470833333333335
1 0.29073437500000004 0.396625 0.07584375 0.13258333333333333
1 0.32696093750000005 0.5501874999999999 0.13482812500000002 0.14383333333333334
5 0.8312578125 0.16155208333333335 0.058515625 0.0655625
5 0.9120078125000001 0.18397916666666667 0.067484375 0.05120833333333333
5 0.801015625 0.02694791666666667 0.028968749999999998 0.03897916666666667
5 0.698984375 0.030093749999999996 0.031406250000000004 0.048604166666666664
5 0.74753125 0.03857291666666666 0.04684375 0.07481249999999999
5 0.9836953124999999 0.03555208333333334 0.032453125 0.0566875
1 0.54675 0.2851666666666667 0.06825 0.16708333333333333
1 0.4368671875 0.3937708333333333 0.066609375 0.15887500000000002
2 0.524859375 0.7615624999999999 0.2248125 0.3975
2 0.643890625 0.6146875 0.2665625 0.32616666666666666