3 0.37464062499999995 0.4610655737704918 0.26568749999999997 0.344519906323185
3 0.37857812500000004 0.7865105386416861 0.33434375 0.4044964871194379
3 0.1776640625 0.5067447306791569 0.172421875 0.3258548009367681
3 0.8410781249999999 0.4674824355971897 0.27953125 0.3863466042154567
3 0.53225 0.22807962529274003 0.25187499999999996 0.2988758782201405
3 0.778890625 0.16291569086651053 0.26237499999999997 0.32583138173302106
3 0.929875 0.3657728337236534 0.14025 0.3892037470725995
3 0.7878828125 0.7573067915690866 0.286359375 0.42248243559718973
3 0.5479921875 0.7764051522248243 0.157421875 0.267423887587822
3 0.60046875 0.5389695550351288 0.21662499999999998 0.37662763466042154
3 0.2918125 0.11104215456674472 0.24846875000000002 0.22208430913348945
3 0.2928671875 0.29610070257611243 0.221828125 0.19740046838407496
3 0.092421875 0.5961826697892272 0.18484375 0.4412177985948478
3 0.49921875 0.49882903981264637 0.9984375 0.9976580796252927