4 0.20176470588235293 0.5220424836601307 0.2523202614379085 0.27408496732026144
4 0.6987990196078432 0.38617647058823523 0.12027777777777778 0.08869281045751634
4 0.7060866013071896 0.6742320261437909 0.04504901960784314 0.11336601307189542
5 0.25656862745098036 0.7191584967320261 0.13516339869281047 0.11812091503267975
5 0.7943872549019608 0.43558006535947713 0.11910130718954248 0.11236928104575163
5 0.5303022875816994 0.4970588235294117 0.12553921568627452 0.10921568627450981
5 0.45684640522875825 0.46162581699346406 0.08836601307189543 0.09959150326797386
5 0.39305555555555555 0.4454738562091503 0.09679738562091504 0.09026143790849674
5 0.18897875816993465 0.3165441176470588 0.057434640522875814 0.09099673202614379
5 0.270702614379085 0.21066176470588238 0.053300653594771236 0.05821895424836602
5 0.8224754901960785 0.31798202614379084 0.11684640522875818 0.10112745098039216
5 0.673031045751634 0.573031045751634 0.1370751633986928 0.12583333333333335
5 0.44383986928104574 0.1946160130718954 0.12839869281045752 0.10665032679738562
5 0.14574346405228758 0.6291176470588234 0.08106209150326797 0.11591503267973856
5 0.5879656862745097 0.19576797385620914 0.1044281045751634 0.09846405228758169
5 0.5152450980392157 0.29950163398692814 0.13013071895424835 0.10086601307189542
5 0.4795751633986928 0.4673202614379085 0.75 0.6568627450980392