7 0.50590625 0.22747916666666665 0.65709375 0.42566666666666664
7 0.28988281250000003 0.67753125 0.364046875 0.4786458333333333
7 0.5722343750000001 0.6653541666666667 0.382625 0.4334166666666667
7 0.7600859375 0.6210729166666666 0.336328125 0.4125625
4 0.20392968749999998 0.5410729166666666 0.050765625 0.0813125
4 0.2702109375 0.6490625 0.042578125 0.0555
4 0.2772421875 0.30111458333333335 0.058984375 0.08539583333333334
4 0.6345468750000001 0.27378125 0.055625 0.06293750000000001
4 0.44909375 0.6793020833333334 0.042875 0.0670625
4 0.34465625 0.7322083333333332 0.048875 0.07641666666666666
4 0.534921875 0.7741562500000001 0.0605 0.07227083333333333
4 0.7707734375 0.4977395833333334 0.059359375000000006 0.0621875
4 0.6253359374999999 0.4601354166666667 0.072515625 0.0995625
4 0.42509375 0.3711041666666667 0.048562499999999995 0.074875
4 0.8097031250000001 0.538 0.035812500000000004 0.0455
4 0.87690625 0.5215625 0.05040625 0.06979166666666667
4 0.7083203124999999 0.5323229166666666 0.05142187499999999 0.06935416666666666
4 0.5359375 0.46875 0.5875 0.8166666666666667