9 0.396671875 0.45328330206378986 0.125 0.10030018761726078
9 0.25603125 0.3918855534709193 0.10315624999999999 0.05855534709193246
9 0.293546875 0.3434709193245779 0.09565625 0.07208255159474672
9 0.43669531250000004 0.3475328330206379 0.090421875 0.04696060037523452
9 0.173171875 0.927579737335835 0.061 0.05320825515947467
9 0.0925703125 0.6682739212007505 0.053140625 0.04559099437148218
9 0.07953906250000001 0.5750187617260787 0.125390625 0.04043151969981238
9 0.065046875 0.6512664165103189 0.0435 0.03457786116322702
9 0.19039062499999998 0.5298874296435272 0.043375000000000004 0.0275046904315197
9 0.21598437499999998 0.73687617260788 0.17853125 0.15311444652908068
9 0.050859375 0.6858442776735459 0.05340625 0.045159474671669794
9 0.3089375 0.5905065666041276 0.02828125 0.014108818011257036
9 0.25294531249999996 0.4767448405253283 0.036078125 0.02414634146341463