4 0.6141171875 0.6917604166666667 0.197640625 0.2682291666666667
4 0.2728828125 0.6854479166666666 0.112671875 0.23472916666666668
4 0.6661796875 0.3729375 0.107640625 0.19529166666666667
4 0.459703125 0.6941145833333333 0.16765625 0.13647916666666668
4 0.8820781249999999 0.7248645833333334 0.15284375 0.22027083333333333
4 0.2297421875 0.4027395833333333 0.156046875 0.21377083333333333
4 0.3811875 0.2865625 0.14328125 0.12029166666666667
7 0.49887499999999996 0.496625 0.994375 0.99325
4 0.6539765624999999 0.23345833333333335 0.142671875 0.11066666666666666
4 0.48053906249999995 0.14247916666666666 0.11882812499999999 0.15325
4 0.327359375 0.5805729166666667 0.095625 0.1315625
4 0.7723828125000001 0.1391770833333333 0.161609375 0.12872916666666667
4 0.8094140624999999 0.3498645833333333 0.130515625 0.20260416666666667