6 0.41742968750000004 0.7670625 0.10860937500000001 0.06554166666666666
6 0.5300625 0.7659166666666668 0.0994375 0.06291666666666666
6 0.44975000000000004 0.7498437499999999 0.0860625 0.06964583333333334
6 0.34353125 0.74084375 0.10112499999999999 0.06922916666666666
6 0.5290703125 0.6930729166666667 0.069703125 0.04064583333333334
6 0.388 0.71484375 0.06381250000000001 0.04010416666666667
6 0.4126875 0.6983229166666667 0.08221875 0.04272916666666667
6 0.4530234375 0.6833645833333333 0.068546875 0.0456875
6 0.5040390625000001 0.7172708333333334 0.10635937499999999 0.050291666666666665
2 0.9414453125 0.7020833333333333 0.062484375 0.03754166666666667
8 0.8288984375 0.6687916666666667 0.048265625 0.043333333333333335
8 0.9042890625 0.65925 0.047703125 0.03283333333333333
8 0.9640000000000001 0.6308124999999999 0.04171875 0.03345833333333333
8 0.972484375 0.6847916666666667 0.05503125 0.04425
8 0.9230078125000001 0.6241354166666666 0.041390625 0.0335625
8 0.9449609375 0.6724479166666666 0.043734375 0.0458125
8 0.8635468750000002 0.6518125 0.03653125 0.025625000000000002
8 0.88984375 0.6346875000000001 0.03828125 0.030625
2 0.8653281250000001 0.678625 0.0495 0.043041666666666666
2 0.9736093749999999 0.6866354166666666 0.050562499999999996 0.042312499999999996
2 0.9623671875000002 0.6309791666666666 0.042453125 0.0315
2 0.41515625 0.76965625 0.10206249999999999 0.06460416666666667
2 0.45080468749999997 0.7523020833333334 0.088140625 0.06602083333333333
2 0.82928125 0.6712083333333333 0.0454375 0.04016666666666667
2 0.8955390624999999 0.6897187500000002 0.040421875 0.03789583333333334
2 0.6796875 0.5614583333333333 0.6375 0.6854166666666667