1 0.6142187499999999 0.5953333333333334 0.0494375 0.0715
1 0.6231171875 0.5580833333333334 0.22907812500000002 0.36337499999999995
3 0.40418750000000003 0.09669791666666666 0.16803125000000002 0.18160416666666668
3 0.5545390625 0.29952083333333335 0.040671875 0.07783333333333334
3 0.2685078125 0.30009375 0.025796875000000004 0.060437500000000005
3 0.2741796875 0.25995833333333335 0.010671875 0.02033333333333333
3 0.2615078125 0.34517708333333336 0.136171875 0.2823541666666667
0 0.426734375 0.5213541666666667 0.08903124999999999 0.17433333333333334
0 0.38182812499999996 0.5025 0.03353125 0.18504166666666666
0 0.353125 0.47769791666666667 0.04675 0.15289583333333334
0 0.4717421875 0.6255729166666667 0.07145312499999999 0.15777083333333333
0 0.3583046875 0.6496041666666666 0.054453125000000005 0.18566666666666667
0 0.4313515625 0.6761666666666667 0.13479687499999998 0.14991666666666664
0 0.4375234375 0.6239375 0.079015625 0.20920833333333333
0 0.4896484375 0.66475 0.033546875 0.17633333333333334
0 0.317375 0.6320833333333334 0.04109375 0.20745833333333333
0 0.41146093749999996 0.4846770833333333 0.044671875 0.09835416666666667
1 0.23621093750000002 0.0783125 0.15726562500000002 0.15587499999999999
0 0.474109375 0.5328645833333333 0.05915625 0.14660416666666667
0 0.44444531249999997 0.4535416666666667 0.052703124999999997 0.06416666666666666
0 0.493078125 0.5176875 0.038406249999999996 0.08533333333333333