4 0.49173 0.1809066666666667 0.34142 0.25824
4 0.45592 0.43996 0.27676 0.20082666666666668
4 0.31348000000000004 0.5539333333333334 0.17528 0.24941333333333335
4 0.79213 0.6760400000000001 0.15506 0.15730666666666668
4 0.70878 0.31562666666666667 0.17304 0.17232
4 0.61591 0.6775333333333334 0.11034000000000001 0.13693333333333332
4 0.16361 0.3002666666666666 0.22862000000000002 0.2798933333333333
4 0.35714999999999997 0.7130933333333334 0.1013 0.14805333333333334
4 0.15969 0.5666133333333334 0.14358 0.10090666666666667
4 0.36388 0.8705466666666666 0.14924 0.16845333333333334
4 0.66929 0.60236 0.1439 0.11229333333333333