3 0.3912089201877934 0.6106640625 0.07692488262910799 0.050109375
3 0.5437323943661971 0.547796875 0.08300469483568075 0.05021875
3 0.5496596244131455 0.5936328125 0.06589201877934273 0.041015625
3 0.47519953051643193 0.6136015625000001 0.08443661971830986 0.056203125
3 0.4013849765258216 0.5095234375 0.06760563380281691 0.037171875
3 0.4185093896713615 0.62678125 0.07312206572769953 0.0515625
3 0.5102464788732395 0.6771015625000001 0.07884976525821596 0.049359375
3 0.4406455399061032 0.663671875 0.07546948356807512 0.046406249999999996
3 0.30492957746478877 0.730890625 0.10230046948356807 0.08865625
3 0.3700938967136151 0.5645078124999999 0.07784037558685446 0.055921874999999996
3 0.5419366197183099 0.64315625 0.08669014084507042 0.061625
3 0.3833568075117371 0.7549765625 0.0788262910798122 0.048078125
3 0.5296830985915493 0.72384375 0.09429577464788733 0.058687500000000004
3 0.4213615023474178 0.65546875 0.3544600938967136 0.3546875