1 0.21579687499999997 0.8128333333333334 0.029125 0.03845833333333334
1 0.5056171875000001 0.8251979166666668 0.016578125 0.022104166666666664
1 0.1309921875 0.8567708333333334 0.032421875 0.036875
1 0.553609375 0.7290416666666667 0.008687499999999999 0.01175
1 0.1929296875 0.8148541666666668 0.022046875 0.035041666666666665
1 0.1496875 0.8877708333333333 0.222625 0.20229166666666665
1 0.5861484375 0.7625624999999999 0.061890625 0.07875
1 0.53428125 0.8039166666666666 0.0835625 0.07970833333333333
1 0.55678125 0.7726979166666667 0.08053125 0.09585416666666666
1 0.6239765625 0.7393645833333334 0.064796875 0.0665625
3 0.5173828125 0.7507291666666667 0.014328125 0.017583333333333333
3 0.5417421875 0.7344375000000001 0.017296875 0.016541666666666666
3 0.5620546875 0.7735625 0.013515625 0.014958333333333332
3 0.4376875 0.8765000000000001 0.01678125 0.021583333333333333
1 0.38946875 0.8266145833333334 0.016843749999999998 0.014979166666666667
1 0.41919531250000003 0.844 0.015984375000000002 0.019874999999999997
1 0.41107812500000007 0.86328125 0.0715 0.0666875
1 0.53671875 0.8 0.3734375 0.22916666666666666