4 0.1808515625 0.48640625000000004 0.131203125 0.14185416666666667
4 0.6056328124999999 0.6199479166666666 0.169015625 0.18310416666666668
4 0.1411796875 0.3329375 0.09176562499999999 0.12000000000000001
4 0.3591171875 0.8388229166666666 0.061765625000000005 0.12939583333333332
4 0.3538203125 0.7305833333333334 0.125296875 0.12470833333333334
4 0.32911718749999996 0.2894166666666667 0.12882812500000002 0.17883333333333334
4 0.3615390625 0.54290625 0.060109375 0.09572916666666667
4 0.5957343749999999 0.2691145833333334 0.11468750000000001 0.13622916666666668
4 0.1243125 0.6180104166666667 0.14121875 0.16160416666666666
4 0.3065390625 0.6138229166666667 0.216828125 0.19718750000000002
4 0.20914843749999998 0.4002604166666667 0.019765625000000002 0.0283125
4 0.531875 0.7010625 0.078 0.06758333333333333
4 0.6215078125 0.7119374999999999 0.12354687499999999 0.076875