8 0.7567 0.6062933333333332 0.1002 0.09034666666666667
8 0.78928 0.51076 0.09244 0.05773333333333333
8 0.82216 0.4566133333333333 0.08572 0.08821333333333332
8 0.86077 0.3753066666666667 0.08454 0.07706666666666666
8 0.90343 0.25556 0.07578 0.05944
8 0.65989 0.5647333333333333 0.08926 0.08808
8 0.55702 0.53484 0.0792 0.0764
8 0.27223 0.4138266666666667 0.0649 0.05325333333333333
8 0.38520000000000004 0.19869333333333336 0.0582 0.04464
8 0.69398 0.49384 0.08692 0.08810666666666667
8 0.8270299999999999 0.24550666666666665 0.08474 0.07533333333333334
8 0.36949 0.29822666666666664 0.06445999999999999 0.06002666666666667
8 0.7334400000000001 0.4212133333333333 0.08192 0.08535999999999999
8 0.87913 0.30618666666666666 0.08014 0.06960000000000001
8 0.416 0.32133333333333336 0.832 0.472