5 0.40588281249999997 0.4105833333333333 0.07764062499999999 0.134125
5 0.39464062499999997 0.5297083333333333 0.09075 0.066
5 0.5011796875 0.27411458333333333 0.081171875 0.07764583333333334
5 0.42779687499999997 0.2944583333333333 0.05121875 0.07141666666666667
5 0.1320703125 0.36001041666666667 0.057265625 0.07389583333333333
5 0.65459375 0.7697916666666667 0.10874999999999999 0.11979166666666667
5 0.49207812500000003 0.41003125 0.0770625 0.07302083333333333
5 0.2437421875 0.8059166666666666 0.191671875 0.18391666666666667
5 0.08751562500000001 0.1414895833333333 0.0763125 0.06897916666666666
5 0.2378828125 0.5210625 0.039265625 0.054375
5 0.2203125 0.5385416666666667 0.41875 0.8979166666666667