0 0.44743 0.10715817694369972 0.04486 0.10407506702412869
0 0.48226 0.0860455764075067 0.0322 0.08571045576407506
3 0.06700999999999999 0.6760857908847185 0.13369999999999999 0.24477211796246648
3 0.5425999999999999 0.9016487935656836 0.05584 0.07723860589812333
3 0.61525 0.8791957104557641 0.061259999999999995 0.0749597855227882
5 0.46731 0.5936058981233244 0.0615 0.086514745308311
3 0.5673299999999999 0.8293699731903486 0.04958 0.046461126005361925
3 0.57635 0.8695174262734584 0.0417 0.06739946380697051
1 0.41784000000000004 0.8186058981233245 0.27568 0.236514745308311
1 0.15603999999999998 0.6295174262734584 0.03268 0.036300268096514744
1 0.07622 0.6103887399463808 0.036520000000000004 0.03563002680965147
3 0.65025 0.8661260053619303 0.04554 0.06490616621983915
3 0.67313 0.914289544235925 0.02946 0.06359249329758712
3 0.71066 0.9192627345844504 0.04604 0.06270777479892761
3 0.49584999999999996 0.9184986595174264 0.06318 0.0763538873994638
3 0.68722 0.9746112600536192 0.04396 0.040268096514745305
3 0.44737 0.9613404825737265 0.05586 0.07045576407506703
0 0.54779 0.1720509383378016 0.054060000000000004 0.07879356568364611
0 0.41834999999999994 0.09709115281501342 0.07178 0.12828418230563002
0 0.47866 0.08159517426273459 0.02116 0.06265415549597855
0 0.50939 0.14084450402144774 0.0783 0.09101876675603218
0 0.46723000000000003 0.029544235924932976 0.04286 0.05892761394101877
0 0.49456 0.03341823056300268 0.01788 0.06603217158176944