3 0.7922421875000001 0.6682328482328482 0.251109375 0.3011642411642412
3 0.7674765625 0.3835239085239085 0.23342187499999997 0.2823492723492724
3 0.7409531250000001 0.12588357588357588 0.21575000000000003 0.23762993762993762
3 0.9252968750000001 0.13175675675675674 0.14940625000000002 0.2541164241164241
3 0.9376328124999999 0.3875155925155925 0.124734375 0.27785862785862786
3 0.9487421875000001 0.6670582120582121 0.097265625 0.2988149688149688
3 0.7914453125 0.9127338877338876 0.253484375 0.16746361746361746
1 0.22328125000000001 0.31524948024948024 0.2611875 0.36771309771309774
1 0.24799218749999996 0.6501039501039501 0.260609375 0.3199168399168399
1 0.5379140625 0.6838981288981288 0.268546875 0.31686070686070683
1 0.5272812499999999 0.3873908523908524 0.26575000000000004 0.2927858627858628
1 0.2556015625 0.8840124740124741 0.29114062500000004 0.21172557172557174
1 0.5210234375 0.13145530145530146 0.251640625 0.2584199584199584
1 0.251921875 0.086995841995842 0.2611875 0.173991683991684
1 0.53428125 0.9227858627858628 0.2604375 0.15442827442827442
1 0.0614375 0.3217359667359667 0.122875 0.2876299376299376
1 0.06586718750000001 0.8861434511434512 0.12160937499999999 0.20451143451143453
1 0.060515624999999997 0.6142931392931392 0.12103124999999999 0.31948024948024945
1 0.06665625 0.09177754677754678 0.1333125 0.18355509355509356
3 0.9497031250000001 0.9012993762993764 0.09565625 0.1662162162162162