0 0.536046875 0.358711943793911 0.066 0.13409836065573771
0 0.4178828125 0.30572599531615924 0.070171875 0.1363231850117096
0 0.5693046875000001 0.3910304449648712 0.007609375 0.030679156908665104
0 0.42012499999999997 0.5097540983606558 0.0471875 0.08896955503512881
0 0.49867187500000004 0.48115925058548015 0.034499999999999996 0.0353864168618267
0 0.48817187500000003 0.544695550351288 0.26390625 0.22203747072599533
0 0.6093124999999999 0.37074941451990634 0.08015625 0.1478688524590164
0 0.47335937499999997 0.3246370023419204 0.0615625 0.1294145199063232
0 0.9320078125 0.28918032786885245 0.055078125 0.10074941451990634
3 0.43814843750000004 0.6288407494145198 0.081609375 0.04756440281030445
0 0.5299609375000001 0.2472248243559719 0.049203125 0.026627634660421545