0 0.7816875 0.06741745283018868 0.05615625 0.09205188679245284
0 0.80878125 0.13194575471698114 0.04009375 0.06346698113207547
0 0.6760390625 0.05435141509433963 0.051890625 0.0851179245283019
0 0.7676015625000001 0.030943396226415093 0.059296875000000006 0.05985849056603773
0 0.6308906249999999 0.11060141509433963 0.031718750000000004 0.05983490566037736
1 0.612484375 0.5989740566037736 0.42378125000000005 0.8020518867924528
3 0.3744921875 0.5885966981132076 0.108078125 0.15384433962264152
3 0.1182578125 0.5283254716981132 0.127140625 0.17650943396226415
3 0.281890625 0.6554363207547169 0.10618749999999999 0.17511792452830188
3 0.143015625 0.7351061320754717 0.1578125 0.24068396226415092
3 0.1553515625 0.2053301886792453 0.113421875 0.18858490566037733
3 0.191921875 0.5085023584905661 0.12315625 0.16639150943396225
3 0.19239843750000002 0.3637264150943396 0.103265625 0.1531132075471698
3 0.0730546875 0.3528066037735849 0.144015625 0.19622641509433963
3 0.0611953125 0.7011438679245282 0.122390625 0.571438679245283
3 0.2406875 0.8834080188679246 0.30840625 0.21181603773584906