4 0.5167083333333333 0.22893750000000002 0.12279166666666666 0.0980625
5 0.45773958333333337 0.1576953125 0.11260416666666666 0.064953125
5 0.6904270833333332 0.25521875 0.17852083333333332 0.048625
0 0.18271874999999999 0.5229765625 0.12472916666666665 0.082921875
0 0.2638333333333333 0.5671796875 0.10545833333333333 0.09667187499999999
0 0.42271875 0.4298046875 0.1398125 0.144953125
0 0.38559375 0.5496015625 0.10285416666666666 0.08345312499999999
0 0.20045833333333332 0.41621874999999997 0.137625 0.07984375
4 0.7519375 0.155875 0.07854166666666668 0.054000000000000006
5 0.5202916666666666 0.34615625 0.077 0.035625000000000004
5 0.4952708333333334 0.6716640625 0.17666666666666667 0.084859375
5 0.214875 0.6961640625000001 0.06595833333333333 0.023390625
5 0.18005208333333336 0.75678125 0.08135416666666666 0.08562499999999999
5 0.26388541666666665 0.9412265625 0.1105625 0.049171875
0 0.28581249999999997 0.3689140625 0.07125000000000001 0.073359375