8 0.45944531250000004 0.9042604166666667 0.051703125 0.059395833333333335
8 0.5364296875 0.8866770833333334 0.046171875 0.03402083333333333
8 0.49537499999999995 0.8824375 0.043 0.026875
8 0.5721015625 0.9334062500000001 0.05532812499999999 0.03660416666666667
8 0.5791015625 0.9101458333333333 0.050828125 0.03941666666666667
8 0.41763281249999995 0.9048125 0.045484375 0.036625
8 0.40938281249999997 0.8727499999999999 0.051734375 0.032375
8 0.5294140625000001 0.917375 0.045640625000000004 0.04579166666666667
8 0.24728906250000002 0.76465625 0.028796875 0.0270625
8 0.1865859375 0.8152604166666666 0.029703125000000004 0.0244375
8 0.42090625 0.851625 0.04821875 0.037000000000000005
8 0.3823046875 0.8898333333333334 0.032890625 0.03208333333333333