5 0.4238515625 0.64703125 0.055296875 0.10652083333333334
5 0.2371015625 0.5667291666666667 0.044296875 0.09325
5 0.2863671875 0.23052083333333334 0.064578125 0.054875
5 0.83003125 0.3461875 0.09406250000000001 0.11800000000000001
5 0.3325703125 0.5653333333333334 0.053296875 0.03904166666666666
5 0.503578125 0.34361458333333333 0.0699375 0.0855625
5 0.523359375 0.21179166666666666 0.037843749999999995 0.05225
5 0.2930078125 0.5752083333333334 0.047828125 0.08116666666666666
5 0.34634375 0.533625 0.03646875 0.06229166666666666
5 0.2724375 0.6378645833333333 0.0478125 0.07560416666666667
5 0.6637421875 0.5347291666666666 0.082765625 0.08841666666666666
5 0.9424921874999999 0.5713125 0.063765625 0.08279166666666667