9 0.5330703124999999 0.8332008368200836 0.268953125 0.3082845188284519
9 0.4179375 0.7787970711297071 0.278625 0.27721757322175733
9 0.29660937499999995 0.7213493723849372 0.30146875 0.2578033472803347
9 0.1993828125 0.6355230125523011 0.267078125 0.19405857740585775
9 0.1432734375 0.5827615062761506 0.25573437499999996 0.16284518828451883
9 0.10870312499999998 0.4923953974895397 0.21740624999999997 0.11550209205020921
9 0.7041953125 0.8688284518828452 0.29485937500000003 0.2623430962343096
9 0.29659375 0.43481171548117153 0.1753125 0.07464435146443514
9 0.43449218749999996 0.5898117154811716 0.20773437499999997 0.1399163179916318
9 0.5926484375 0.2948117154811716 0.15714062499999998 0.16364016736401674
9 0.26339843749999997 0.3413807531380753 0.171609375 0.11179916317991631
9 0.4261640625 0.387102510460251 0.164421875 0.09976987447698744
9 0.1115703125 0.3958891213389121 0.21207812499999998 0.12592050209205022
9 0.61875 0.2803347280334728 0.759375 0.5606694560669456