2 0.8908196721311475 0.6390234374999999 0.13250585480093677 0.087765625
2 0.7733723653395785 0.666609375 0.14023419203747073 0.077875
2 0.6876112412177986 0.5794765625 0.14163934426229507 0.070546875
2 0.7038290398126464 0.6147890625000001 0.13721311475409836 0.072015625
2 0.8803395784543325 0.561140625 0.1094847775175644 0.07518749999999999
2 0.820456674473068 0.580375 0.13079625292740046 0.09025
2 0.6334192037470726 0.5291328125 0.09199063231850117 0.042640625
2 0.04543325526932084 0.64053125 0.09058548009367681 0.06218749999999999
2 0.9485597189695549 0.6027421875 0.05918032786885246 0.045796875
2 0.8049765807962529 0.6087578125 0.08934426229508197 0.042921875
2 0.6336885245901639 0.656171875 0.1394613583138173 0.08846875
2 0.9437704918032787 0.5647734375 0.0502576112412178 0.040234375
2 0.7330093676814988 0.5445781249999999 0.18199063231850116 0.03790625
2 0.6035011709601873 0.5719062500000001 0.08971896955503514 0.0798125
2 0.6358782201405152 0.44489062499999993 0.08796252927400469 0.03621875
2 0.059718969555035126 0.65703125 0.11943793911007025 0.1921875