6 0.4890546874999999 0.7150625 0.098328125 0.026333333333333334
6 0.5074453125 0.7050104166666666 0.091390625 0.026312500000000003
6 0.41917968750000006 0.7139895833333333 0.081765625 0.03827083333333334
6 0.430578125 0.6845208333333334 0.09046875 0.025208333333333333
6 0.424390625 0.6991666666666666 0.07490625 0.021416666666666664
6 0.46403906250000004 0.6614583333333334 0.06398437500000001 0.022375
6 0.523359375 0.6918854166666667 0.0876875 0.023687499999999997
6 0.517078125 0.67378125 0.08675000000000001 0.015270833333333334
6 0.525875 0.6840624999999999 0.08987500000000001 0.017291666666666667
6 0.48780468750000006 0.66253125 0.057140625 0.026520833333333334
6 0.5148828125 0.6936041666666667 0.086734375 0.026083333333333333
6 0.531375 0.6792812500000001 0.08784375 0.013895833333333333
6 0.5083125 0.6677291666666666 0.08015625 0.012833333333333334