6 0.19861458333333332 0.41903125 0.3905208333333333 0.09343749999999999
6 0.31065625 0.3472109375 0.30402083333333335 0.061515625
6 0.5153541666666667 0.51925 0.32358333333333333 0.058437499999999996
6 0.5278125 0.44742187499999997 0.3431666666666667 0.03715625
6 0.5223020833333333 0.4954296875 0.3048541666666667 0.045734375
6 0.09588541666666667 0.6483125000000001 0.18577083333333333 0.0561875
6 0.5109270833333334 0.459203125 0.3403958333333333 0.049375
6 0.5541250000000001 0.39880468750000003 0.32541666666666663 0.028765625
6 0.7092708333333333 0.3403203125 0.2996666666666667 0.041234375000000004
6 0.6238958333333334 0.3829375 0.29900000000000004 0.04346875
6 0.12807291666666668 0.5298359375 0.25614583333333335 0.051671875
6 0.58528125 0.1870078125 0.10389583333333333 0.057140625
6 0.5630729166666666 0.4287109375 0.42135416666666664 0.044953125
6 0.47708333333333336 0.40078125 0.9541666666666667 0.4921875