1 0.17876562499999998 0.2874791666666667 0.076375 0.08591666666666667
1 0.20899218749999998 0.21535416666666668 0.064046875 0.07191666666666667
1 0.2781484375 0.22148958333333332 0.074015625 0.08772916666666666
1 0.11485937499999999 0.27225 0.0735625 0.07291666666666667
1 0.272625 0.7785312500000001 0.10115624999999999 0.13422916666666668
1 0.1668515625 0.5449479166666666 0.333703125 0.8876458333333334
3 0.9623593749999999 0.5681666666666666 0.07078124999999999 0.12133333333333333
3 0.8787812500000001 0.6774895833333333 0.14084375 0.16727083333333334
3 0.9272500000000001 0.8288333333333334 0.14550000000000002 0.17079166666666667
3 0.8684218749999999 0.5462916666666666 0.12390625 0.13616666666666666
3 0.84859375 0.42584375 0.12978125000000001 0.1460625
3 0.8239531249999998 0.3105833333333334 0.10621875 0.12425
3 0.9020624999999999 0.2643020833333333 0.0985625 0.1368125
3 0.9343203124999999 0.361875 0.097765625 0.12970833333333334
3 0.9553203124999999 0.4568333333333333 0.08935937499999999 0.13266666666666665
3 0.8143828125000001 0.14122916666666668 0.084390625 0.10170833333333333
3 0.9725312500000001 0.23179166666666667 0.05493749999999999 0.09979166666666667
3 0.9710859375 0.6766875 0.057828124999999994 0.142375
1 0.5804218750000001 0.53371875 0.61821875 0.9325625
3 0.7285546875 0.16507291666666665 0.097546875 0.10885416666666667
3 0.85 0.5354166666666667 0.296875 0.925