4 0.48934426229508193 0.6002343750000001 0.24473067915690866 0.24312499999999998
4 0.49703747072599536 0.337828125 0.19304449648711947 0.11546875000000001
4 0.7543793911007026 0.46203125 0.14459016393442622 0.054125
4 0.20101873536299764 0.3490234375 0.12695550351288057 0.082359375
7 0.5050351288056206 0.44507031250000006 0.9899297423887587 0.8722031250000001
4 0.10729508196721312 0.35941406249999996 0.14152224824355972 0.11264062500000001
4 0.3763348946135831 0.2233046875 0.17131147540983607 0.082828125
4 0.6125878220140515 0.183796875 0.12962529274004683 0.08840624999999999
5 0.7367681498829041 0.5248828125 0.2682903981264637 0.087046875
4 0.4139344262295082 0.4069062499999999 0.08112412177985949 0.054781250000000004
5 0.6026814988290399 0.24685937499999996 0.08320843091334895 0.0909375
4 0.45640515222482436 0.4288125 0.04901639344262295 0.07718749999999999
4 0.9444145199063232 0.293734375 0.10990632318501171 0.11268750000000001
4 0.904016393442623 0.3054296875 0.05238875878220141 0.058109375
5 0.6588173302107728 0.10378125 0.13983606557377048 0.02175
5 0.47504683840749407 0.5764921875000001 0.08761124121779859 0.059859375000000006
5 0.5618501170960188 0.508484375 0.03901639344262295 0.0520625
5 0.23655737704918034 0.378234375 0.08641686182669789 0.0755
5 0.9284660421545667 0.44155468750000004 0.08644028103044496 0.143578125