1 0.8745499999999999 0.62473 0.24913999999999997 0.25014
1 0.37417999999999996 0.12588 0.25895999999999997 0.25176
1 0.6235299999999999 0.62588 0.25882 0.26352
1 0.12616 0.12557 0.25232 0.25114
5 0.12588 0.37646999999999997 0.25176 0.2541
5 0.62264 0.8797200000000001 0.25472 0.23112
3 0.16691 0.95246 0.13241999999999998 0.09508
3 0.6790400000000001 0.08528 0.10964 0.11264
3 0.6034 0.04352 0.10564 0.082
3 0.59262 0.12904 0.08892 0.09764
3 0.6701900000000001 0.2042 0.12794 0.09552
3 0.5443600000000001 0.19859 0.08716 0.1061
3 0.52816 0.09724000000000001 0.05744 0.09572
3 0.5240699999999999 0.02888 0.04598 0.05776
3 0.17974 0.83438 0.10804000000000001 0.1182
3 0.04415 0.94714 0.0883 0.10572
3 0.1405 0.92617 0.09868 0.09514
3 0.6399799999999999 0.17932000000000003 0.09884 0.09748
4 0.8763000000000001 0.125 0.2474 0.2474
3 0.7326 0.13525 0.03976 0.08982
3 0.13 0.868 0.256 0.26