6 0.6069000000000001 0.5732 0.07464 0.15461333333333332
6 0.64407 0.5468933333333333 0.07618000000000001 0.14898666666666666
6 0.6797000000000001 0.53212 0.07692 0.14343999999999998
6 0.73334 0.5264133333333334 0.07764 0.14024
6 0.8135399999999999 0.5009466666666668 0.06824 0.13730666666666666
6 0.8574700000000001 0.49748000000000003 0.07778 0.14637333333333333
6 0.49456 0.4000666666666667 0.07092 0.1324
6 0.69178 0.38165333333333334 0.07048 0.1072
6 0.57967 0.3983466666666667 0.06718 0.12336
6 0.61598 0.3808533333333333 0.04988 0.08501333333333333
6 0.7443500000000001 0.3749733333333334 0.054700000000000006 0.10130666666666667
6 0.53285 0.3903333333333333 0.0699 0.12130666666666667
6 0.77724 0.5248666666666667 0.07415999999999999 0.13112000000000001