5 0.7296796875 0.4728333333333333 0.094921875 0.1275
5 0.6273906250000001 0.4611145833333333 0.01965625 0.08293750000000001
5 0.689109375 0.37970833333333337 0.03428125 0.026791666666666665
5 0.6179453125000001 0.43439583333333337 0.024265625 0.06845833333333333
5 0.5015703125 0.47817708333333336 0.020078125 0.034520833333333334
5 0.573984375 0.43364583333333334 0.0730625 0.09154166666666666
5 0.5983984375 0.40756250000000005 0.028734375 0.028583333333333336
5 0.530921875 0.4762395833333333 0.010499999999999999 0.009645833333333333
5 0.714890625 0.4844791666666666 0.013750000000000002 0.02333333333333333
5 0.7329296875 0.43335416666666665 0.035609375 0.042958333333333334
5 0.3418046875 0.4900833333333333 0.073421875 0.05304166666666667
5 0.4276484375 0.6006041666666667 0.060640625000000004 0.025
5 0.5053203125000001 0.44262499999999994 0.022234375 0.07233333333333333
5 0.54921875 0.4354166666666667 0.4546875 0.22916666666666666