4 0.6783125 0.6088671875 0.18334375 0.170171875
4 0.8899453124999999 0.6319453125 0.151578125 0.109578125
4 0.8835234374999998 0.1647109375 0.20470312499999999 0.141171875
4 0.947875 0.5094921875 0.10425 0.118984375
4 0.797171875 0.4681640625 0.18396875 0.202828125
7 0.6505859375 0.6458828125 0.698828125 0.454109375
7 0.434 0.436453125 0.55928125 0.38478124999999996
4 0.21304687500000002 0.1367421875 0.115125 0.058796875000000005
4 0.42921875 0.4198515625 0.103375 0.10785937500000001
4 0.6679999999999999 0.1646328125 0.12021875 0.093984375
4 0.246875 0.25096093750000004 0.1675 0.160578125
4 0.4050625 0.45056250000000003 0.2245625 0.1819375
4 0.6705859375000001 0.5091640625 0.073359375 0.089015625
4 0.6325703125000001 0.3653359375 0.17570312500000002 0.116046875
7 0.8792187499999999 0.49740625000000005 0.24156249999999999 0.40259375000000003
7 0.2155859375 0.24415625 0.431171875 0.35325
4 0.58115625 0.5282421875 0.08253125 0.103484375
4 0.5078125 0.3375 0.98125 0.65