8 0.4876875 0.6519687500000001 0.05541666666666667 0.026687499999999996
8 0.45199999999999996 0.63559375 0.05225 0.030875000000000003
8 0.49195833333333333 0.7328593750000001 0.04545833333333334 0.023375
8 0.5693229166666666 0.8278984375 0.04722916666666667 0.029015625
8 0.5974270833333333 0.817921875 0.05260416666666667 0.02715625
8 0.54190625 0.8065468750000001 0.042312499999999996 0.03209375
8 0.62009375 0.8116953124999998 0.04902083333333333 0.021640625
8 0.5914791666666666 0.7926875 0.050583333333333334 0.026375
8 0.56146875 0.7953359375 0.03872916666666667 0.033203125
8 0.5661354166666666 0.7316171874999999 0.0391875 0.021546875
8 0.6781562500000001 0.7846640625 0.05535416666666667 0.028171875000000002
8 0.47194791666666663 0.714734375 0.024479166666666666 0.01490625
8 0.5673125 0.7115546875 0.04629166666666666 0.024796875