0 0.524609375 0.49920374707259957 0.09615625 0.09170960187353629
0 0.87559375 0.6448829039812647 0.06896875 0.03370023419203747
0 0.5997890625 0.576440281030445 0.062390625 0.041733021077283376
0 0.4845703125 0.5784192037470727 0.090234375 0.07463700234192037
0 0.3784453125 0.5841100702576112 0.086328125 0.10822014051522248
0 0.299234375 0.5826229508196721 0.09071875 0.1271662763466042
0 0.695328125 0.6503747072599532 0.06465625 0.041405152224824354
0 0.462234375 0.6230093676814987 0.12590625 0.09843091334894614
0 0.4976328125 0.5566627634660422 0.072765625 0.06259953161592506
0 0.6550546875000001 0.4368501170960188 0.086546875 0.0922950819672131
0 0.8921875 0.6161241217798594 0.07178124999999999 0.043676814988290395
0 0.5970546875 0.6046252927400468 0.054109375 0.04667447306791569
0 0.79778125 0.6001405152224825 0.11465624999999999 0.10637002341920375
0 0.675 0.5608899297423887 0.575 0.297423887587822