9 0.28284375 0.7870104166666667 0.061625 0.04497916666666667
9 0.4544921875 0.9713020833333332 0.077453125 0.05739583333333333
9 0.33121093749999997 0.7775208333333334 0.046484375 0.04883333333333333
9 0.4021796875 0.8005208333333333 0.046359375 0.06954166666666667
9 0.3559140625 0.7149375 0.036671875 0.03229166666666667
9 0.35465625 0.8139166666666667 0.05509375 0.03933333333333333
9 0.3161953125 0.81575 0.043640625 0.05445833333333334
9 0.2722109375 0.8278958333333333 0.047546875 0.03804166666666667
9 0.27672656250000005 0.7049583333333334 0.042171875 0.033
9 0.4713828125 0.94146875 0.069546875 0.09872916666666667
9 0.1733359375 0.7125 0.045265625 0.03329166666666667
9 0.6431875 0.9740104166666668 0.07496875 0.051479166666666666
9 0.37771875 0.9653645833333333 0.08475 0.06927083333333334
9 0.20078125 0.7895833333333333 0.2171875 0.24166666666666667