5 0.5916171875 0.7497775175644027 0.044390625 0.06653395784543326
5 0.6314765625 0.8231967213114754 0.012703125000000001 0.06625292740046838
5 0.5447031250000001 0.7601756440281031 0.044187500000000005 0.06489461358313818
5 0.5501953125 0.6888290398126463 0.047203125 0.07348946135831382
5 0.53334375 0.5590046838407494 0.03371875 0.07796252927400468
5 0.5335546874999999 0.5130327868852459 0.049109375 0.06868852459016393
5 0.53021875 0.45522248243559715 0.028999999999999998 0.03648711943793911
5 0.571265625 0.441943793911007 0.0414375 0.05400468384074941
5 0.5747578125 0.5691569086651054 0.043078125 0.07391100702576112
5 0.5439140625000001 0.45695550351288056 0.011671875 0.054098360655737705
5 0.537828125 0.636768149882904 0.01415625 0.05105386416861827
5 0.5684609375 0.32985948477751753 0.017421875 0.02187353629976581
5 0.43359375 0.5398126463700235 0.4546875 0.5925058548009368