3 0.480354609929078 0.46174218750000007 0.03569739952718676 0.022390625
3 0.5298345153664302 0.44343749999999993 0.024680851063829785 0.01453125
3 0.5400354609929078 0.426640625 0.022434988179669033 0.014374999999999999
3 0.527033096926714 0.42228125 0.07515366430260047 0.14228125
3 0.4914302600472813 0.38019531250000005 0.01458628841607565 0.010328125
3 0.42249408983451536 0.38473437499999996 0.07108747044917257 0.05071875
3 0.465047281323877 0.4323203125 0.015579196217494089 0.010015625
3 0.4551654846335697 0.48750781249999997 0.017328605200945625 0.015859375000000002
3 0.47606382978723405 0.42078906250000003 0.016713947990543737 0.010390625
3 0.4802245862884161 0.36740625 0.019361702127659572 0.01075
3 0.48113475177304965 0.430171875 0.017825059101654845 0.009281250000000001
3 0.4623049645390071 0.45002343750000007 0.014775413711583925 0.010453125
3 0.4698581560283688 0.4888515625 0.01640661938534279 0.014359374999999999
3 0.574468085106383 0.453125 0.3120567375886525 0.18125