0 0.21606 0.3876133333333333 0.10992 0.06888
0 0.29644 0.44297333333333333 0.18280000000000002 0.11469333333333333
0 0.31496 0.395 0.11572 0.07821333333333333
1 0.6345 0.73016 0.2522 0.24048000000000003
1 0.40956 0.40258666666666665 0.19004 0.13578666666666667
1 0.56204 0.8173733333333333 0.20980000000000001 0.18370666666666666
3 0.93476 0.5227333333333334 0.01772 0.021146666666666664
3 0.97701 0.5426666666666666 0.02662 0.03258666666666667
3 0.94813 0.5401199999999999 0.10298 0.07624
0 0.13935 0.31104 0.046700000000000005 0.12090666666666668
0 0.1323 0.26180000000000003 0.13988 0.14605333333333334
0 0.12907 0.14150666666666667 0.03358 0.08488
0 0.16807 0.09305333333333334 0.06858 0.18610666666666667
0 0.19163999999999998 0.04086666666666666 0.0412 0.07128
1 0.13567 0.43370666666666663 0.15674000000000002 0.19776
1 0.8767699999999999 0.6033733333333334 0.027579999999999997 0.03677333333333333
1 0.050589999999999996 0.26252000000000003 0.09786 0.16141333333333333
1 0.06788 0.4563333333333333 0.13576 0.18781333333333336
3 0.9378500000000001 0.2746933333333333 0.01754 0.03402666666666666
3 0.9180499999999999 0.2951866666666667 0.0245 0.019546666666666667
3 0.88185 0.18042666666666665 0.02802 0.03370666666666667
3 0.8793300000000001 0.12106666666666668 0.015380000000000001 0.029226666666666668
3 0.9623100000000001 0.26528 0.02214 0.031146666666666666
3 0.85926 0.21849333333333334 0.01512 0.01784
1 0.51616 0.39566666666666667 0.08843999999999999 0.10424000000000001
1 0.74253 0.6977866666666666 0.0275 0.03749333333333334
1 0.77949 0.6563333333333333 0.20698 0.18050666666666665
1 0.8384199999999999 0.5805466666666667 0.02432 0.03336
3 0.87828 0.14669333333333331 0.016079999999999997 0.02682666666666667