5 0.826796875 0.6452352941176471 0.1025 0.2436941176470588
5 0.6918828125 0.41259999999999997 0.031703125 0.11461176470588236
5 0.7377499999999999 0.7194823529411766 0.073125 0.07929411764705883
5 0.6166328125 0.8103882352941175 0.156953125 0.22858823529411765
5 0.603234375 0.7729176470588236 0.051625 0.05609411764705882
5 0.556015625 0.5563529411764706 0.06696875 0.062023529411764707
5 0.5451640624999999 0.6184117647058823 0.044765624999999996 0.03494117647058823
5 0.585046875 0.6724941176470588 0.0998125 0.09599999999999999
5 0.46409374999999997 0.6389764705882353 0.08578125 0.12783529411764705
5 0.6946328125 0.6461764705882352 0.051828125 0.09988235294117648
5 0.43531250000000005 0.7774 0.07418749999999999 0.07978823529411765