2 0.5013984375 0.3129270833333333 0.7398906249999999 0.4449375
4 0.667796875 0.6118125 0.209 0.19979166666666667
5 0.2948984375 0.5498958333333334 0.182359375 0.11779166666666667
5 0.38646874999999997 0.46353125 0.134125 0.14589583333333334
5 0.31999218749999997 0.61425 0.154796875 0.07633333333333334
5 0.3660859375 0.7440833333333334 0.064046875 0.05745833333333333
5 0.140515625 0.47760416666666666 0.0624375 0.07370833333333333
4 0.20179687500000001 0.45990625 0.08784375 0.14085416666666667
5 0.23653906249999998 0.7248437499999999 0.159734375 0.10977083333333333
4 0.468265625 0.6103645833333334 0.19040625 0.20985416666666667
4 0.8877734375000002 0.66675 0.224453125 0.22687500000000002
5 0.26437499999999997 0.76434375 0.07465625000000001 0.03172916666666667
5 0.339890625 0.44741666666666663 0.05021875 0.04933333333333333
5 0.3813671875 0.7572395833333334 0.059578125 0.04310416666666667
4 0.1416015625 0.625 0.201171875 0.23958333333333334