8 0.64865 0.89864 0.09458 0.08783999999999999
8 0.29044 0.8974666666666667 0.09892000000000001 0.13072
8 0.39647000000000004 0.7956799999999999 0.11518 0.14730666666666667
8 0.51661 0.73832 0.12454000000000001 0.14234666666666668
8 0.74737 0.8595999999999999 0.11202 0.15775999999999998
8 0.51991 0.9371066666666665 0.11202 0.12578666666666666
8 0.5434500000000001 0.87332 0.10937999999999999 0.12775999999999998
8 0.41958000000000006 0.95116 0.09884 0.07234666666666667
8 0.81347 0.9176266666666667 0.12390000000000001 0.16416
8 0.24211000000000002 0.9481999999999999 0.13074000000000002 0.1036
8 0.60853 0.8180799999999999 0.09301999999999999 0.10079999999999999
8 0.46899 0.8568266666666666 0.08138 0.12661333333333333
8 0.3314 0.8831733333333334 0.0864 0.14485333333333333
8 0.477 0.8466666666666667 0.646 0.30133333333333334