8 0.35239 0.4719625 0.06866 0.058225
8 0.35011000000000003 0.39221249999999996 0.06609999999999999 0.059375
8 0.35708 0.429925 0.06564 0.0519
8 0.42235 0.46025 0.06822 0.0608
8 0.35674 0.528675 0.07484 0.06485
8 0.41774 0.3806999999999999 0.07256 0.05945
8 0.42134 0.4177625 0.056799999999999996 0.041725000000000005
8 0.43154000000000003 0.5153625 0.07536 0.067375
8 0.07912000000000001 0.5642375 0.07856 0.065225
8 0.09674 0.5043875000000001 0.0762 0.068525
8 0.11281000000000001 0.4529875 0.07954 0.062875
8 0.03743 0.46722499999999995 0.07486 0.05755
8 0.49241 0.45653750000000004 0.06898 0.06797500000000001
8 0.499 0.4325 0.998 0.735