1 0.75674 0.7533866666666666 0.04172 0.031733333333333336
3 0.69214 0.5979333333333333 0.0178 0.01805333333333333
3 0.71524 0.6102933333333334 0.02 0.012159999999999999
3 0.73548 0.6142933333333334 0.02076 0.015093333333333334
1 0.73929 0.8446533333333334 0.0565 0.06493333333333334
1 0.7977199999999999 0.8740266666666666 0.0526 0.054560000000000004
1 0.72425 0.78216 0.050140000000000004 0.03834666666666667
1 0.71548 0.7591066666666666 0.04264 0.02872
1 0.77386 0.7934533333333332 0.04984 0.04082666666666667
1 0.71357 0.7384399999999999 0.040979999999999996 0.03405333333333333
1 0.7837 0.8340400000000001 0.04936 0.043866666666666665
1 0.6838900000000001 0.7443333333333333 0.02138 0.03352