2 0.317328125 0.8916042154566745 0.1035 0.08822014051522249
2 0.4583046875 0.8871194379391101 0.10982812500000001 0.08309133489461358
2 0.25071875 0.7802224824355971 0.06815625 0.06423887587822014
2 0.16417968749999998 0.8829391100702576 0.096453125 0.08583138173302107
2 0.4820234375 0.8213466042154568 0.082453125 0.05618266978922716
2 0.215328125 0.8175526932084309 0.07490625 0.07163934426229508
2 0.46403906250000004 0.9460655737704918 0.094453125 0.07639344262295081
2 0.1869140625 0.80692037470726 0.055390625000000006 0.06302107728337236
2 0.32122656250000003 0.8287587822014051 0.10007812499999999 0.068711943793911
2 0.13096093749999999 0.9511007025761125 0.113671875 0.06173302107728337
2 0.19571093750000002 0.9840866510538643 0.077328125 0.03182669789227166