5 0.35548437499999996 0.49924999999999997 0.0510625 0.08295833333333333
5 0.27663281250000005 0.23721875 0.103171875 0.06227083333333334
5 0.8955546875 0.5693645833333334 0.056203125 0.2050625
5 0.5047578125 0.57521875 0.099671875 0.06535416666666667
5 0.3072421875 0.33598958333333334 0.054421874999999995 0.04597916666666667
5 0.22546875000000002 0.5437083333333333 0.10215624999999999 0.15875
5 0.63215625 0.3413020833333334 0.13328125 0.07364583333333334
5 0.380078125 0.22769791666666667 0.04246875 0.0433125
4 0.4786171875 0.39887500000000004 0.093890625 0.093375
4 0.41206249999999994 0.4984791666666667 0.11853125 0.240875
4 0.7375859375 0.6629270833333334 0.045234375 0.0855625
4 0.1862578125 0.40765625 0.101296875 0.10881249999999999
4 0.08592968749999999 0.6574791666666666 0.07976562499999999 0.13525
4 0.5994140625 0.59353125 0.145734375 0.13989583333333336
4 0.59428125 0.23469791666666667 0.10175000000000001 0.08027083333333333
4 0.8599296874999999 0.57596875 0.058765625 0.1290625
4 0.8703749999999999 0.4241979166666667 0.07553125000000001 0.08577083333333334
4 0.4738125 0.20772916666666666 0.08096875 0.06341666666666666
4 0.765234375 0.6800416666666665 0.1076875 0.15375
5 0.8776562499999999 0.55921875 0.03878125 0.1751875