0 0.49530368763557486 0.7893749999999999 0.14900216919739695 0.07071875
0 0.6627548806941431 0.8292109374999999 0.2178308026030369 0.175546875
0 0.9196854663774403 0.8064921875 0.1606290672451193 0.20635937499999998
0 0.5872451193058568 0.7178203125 0.10911062906724511 0.054671875
0 0.5363449023861171 0.6170546875 0.13039045553145337 0.085140625
0 0.8170932754880694 0.6949765625000001 0.09162689804772235 0.05682812499999999
0 0.39228850325379616 0.570453125 0.15720173535791757 0.08159374999999999
0 0.49724511930585685 0.5469999999999999 0.07006507592190889 0.0354375
0 0.3929392624728851 0.525203125 0.08279826464208244 0.0459375
0 0.7345227765726682 0.739984375 0.16149674620390456 0.12359374999999999
0 0.6878850325379608 0.6415312500000001 0.047830802603036876 0.0808125
0 0.4625596529284165 0.7956640625 0.23123644251626896 0.171390625
0 0.8482537960954447 0.8847265625 0.18566160520607375 0.162015625
0 0.6279826464208242 0.54453125 0.7396963123644251 0.7765625