6 0.3223515625 0.41911214953271025 0.094671875 0.1505607476635514
6 0.3621796875 0.596623831775701 0.087171875 0.15955607476635517
6 0.7613671875 0.5814485981308412 0.078890625 0.1494859813084112
6 0.6310781249999999 0.6107593457943925 0.07568749999999999 0.1597429906542056
6 0.4465 0.4332827102803738 0.057437499999999996 0.14455607476635512
6 0.548453125 0.43663551401869155 0.060250000000000005 0.15294392523364483
6 0.42625 0.8288200934579439 0.0753125 0.18693925233644862
6 0.5085781249999999 0.6098948598130842 0.07996875 0.1608644859813084
6 0.2287578125 0.5993107476635514 0.07976562499999999 0.1375
6 0.203015625 0.41839953271028035 0.0834375 0.14866822429906543
6 0.13001562500000002 0.6074999999999999 0.0944375 0.17621495327102804
6 0.3808515625 0.2785163551401869 0.07182812499999999 0.12904205607476635
6 0.180375 0.3099182242990654 0.09225 0.12469626168224299
6 0.57109375 0.5934579439252337 0.8421875 0.7523364485981309