1 0.6276145833333333 0.9404375 0.36322916666666666 0.119125
1 0.3087916666666667 0.928609375 0.29158333333333336 0.14278125
1 0.17527083333333332 0.8159609375000001 0.3004583333333333 0.223015625
1 0.094625 0.9047812499999999 0.18925 0.176625
1 0.48891666666666667 0.8340156249999999 0.23979166666666665 0.18056250000000001
3 0.3031770833333333 0.623984375 0.19464583333333335 0.144625
1 0.7888125 0.8574140625 0.30845833333333333 0.238203125
1 0.9234166666666667 0.9661875 0.145125 0.067625
1 0.9157187499999999 0.770734375 0.1673125 0.1380625
1 0.9633749999999999 0.8731796875000001 0.07325 0.19854687499999998
1 0.04334375 0.7684375 0.0866875 0.120875
3 0.21108333333333332 0.5519921875 0.1735833333333333 0.125734375
3 0.55584375 0.49790625000000005 0.16968750000000002 0.11946874999999998
3 0.3894895833333333 0.37196093750000003 0.12322916666666667 0.083109375
3 0.3584791666666666 0.4633046875 0.15416666666666667 0.099203125
3 0.20112499999999997 0.4785078125 0.176375 0.08479687500000001
3 0.22857291666666668 0.49090624999999993 0.45714583333333336 0.4883125
3 0.6405208333333334 0.5240234375 0.7189583333333334 0.5567656249999999