1 0.13809375 0.43353629976580793 0.07928125 0.10983606557377049
1 0.27844531250000004 0.4809016393442623 0.5568906250000001 0.5707962529274004
3 0.27546875000000004 0.1415807962529274 0.2944375 0.2134192037470726
1 0.37605468750000004 0.8610304449648712 0.738234375 0.251943793911007
3 0.4293359375 0.6232669789227167 0.064703125 0.09173302107728337
3 0.4719765625 0.5352224824355972 0.070484375 0.11456674473067915
3 0.52225 0.5659367681498829 0.08825 0.11079625292740047
3 0.5381484375 0.6717330210772834 0.156140625 0.1492271662763466
3 0.361265625 0.6778688524590164 0.21421874999999999 0.1786416861826698
3 0.5434140625 0.5102810304449649 0.21379687500000003 0.19704918032786886
3 0.42875781249999995 0.5512295081967213 0.10107812499999999 0.12775175644028103
3 0.48915625 0.7645550351288055 0.23853125 0.15543325526932086
3 0.6046796875 0.688887587822014 0.10792187499999999 0.27571428571428575
3 0.9753281249999999 0.7023770491803277 0.04934375 0.5596018735362998