5 0.6177734375 0.5798904538341159 0.094078125 0.07067292644757434
5 0.660953125 0.3993192488262911 0.035312500000000004 0.024710485133020342
5 0.44548437500000004 0.5014945226917058 0.62234375 0.5560406885758998
5 0.38533593749999995 0.34550860719874804 0.051015624999999995 0.047981220657276995
5 0.26203125 0.28392801251956185 0.04271875 0.04557120500782473
5 0.5799531250000001 0.7060798122065728 0.06653125 0.052597809076682316
5 0.16192968749999997 0.42022691705790305 0.057828124999999994 0.03278560250391236
5 0.3356953125 0.2681377151799687 0.05682812499999999 0.06291079812206574
5 0.621515625 0.45409233176838804 0.03740625 0.04449139280125196
5 0.40071874999999996 0.2991236306729264 0.05378125 0.04450704225352113
5 0.1730703125 0.3087793427230047 0.034421875000000005 0.044663536776212834
5 0.5971640625 0.3380046948356808 0.063546875 0.08896713615023474
5 0.19906249999999998 0.38672143974960876 0.12056249999999999 0.11716744913928014
5 0.33359375 0.3317683881064163 0.0828125 0.0782472613458529