7 0.41244000000000003 0.27128 0.17044 0.17616
7 0.31782 0.17862666666666666 0.14652 0.14866666666666667
7 0.32825 0.48052 0.22402 0.22338666666666665
7 0.44707 0.6792266666666666 0.2513 0.23637333333333332
7 0.20008 0.6739866666666667 0.26336000000000004 0.29890666666666665
7 0.10366 0.5129333333333334 0.20732 0.21632
7 0.08381999999999999 0.38776 0.16763999999999998 0.18159999999999998
7 0.5129600000000001 0.40703999999999996 0.20984 0.17098666666666668
7 0.6506700000000001 0.2569866666666667 0.16794 0.13413333333333333
7 0.5481 0.16577333333333333 0.15624000000000002 0.11517333333333332
7 0.76915 0.3713733333333334 0.18874000000000002 0.16893333333333332
7 0.63148 0.5452666666666667 0.21480000000000002 0.20738666666666666
7 0.25 0.33169333333333334 0.20372 0.1950666666666667
7 0.5 0.196 0.996 0.392