5 0.47635937500000003 0.22588726513569937 0.21659375 0.13177453027139874
5 0.2124453125 0.5320668058455115 0.250671875 0.3230480167014614
5 0.24830468749999998 0.3576409185803758 0.095109375 0.33883089770354907
5 0.579375 0.3894154488517745 0.28528125000000004 0.18116910229645095
5 0.48931249999999993 0.9318789144050105 0.266125 0.13624217118997914
5 0.7246640624999999 0.6576409185803758 0.128546875 0.42588726513569936
5 0.473453125 0.6646450939457202 0.24634375 0.1613152400835073
5 0.45208593750000003 0.806419624217119 0.298921875 0.22757828810020878
5 0.21370312500000002 0.781054279749478 0.28821875 0.43789144050104384
5 0.330625 0.4557828810020877 0.0905625 0.33060542797494785
5 0.383921875 0.44648225469728603 0.09425 0.19638830897703546
5 0.378296875 0.3277453027139875 0.16790624999999998 0.27620041753653446
5 0.52275 0.3262734864300627 0.2510625 0.08006263048016701