1 0.9047734375 0.10954166666666666 0.019890625000000002 0.02475
1 0.9862968750000001 0.10741666666666666 0.02740625 0.025208333333333333
1 0.9690468749999999 0.13170833333333334 0.0114375 0.026125
1 0.89290625 0.12852083333333333 0.0229375 0.02383333333333333
1 0.8807734374999999 0.12434375 0.021671875 0.026395833333333334
1 0.9145625 0.12023958333333334 0.03715625 0.059229166666666666
1 0.9004999999999999 0.10325 0.03103125 0.027583333333333335
0 0.7928750000000001 0.6573958333333334 0.22234375 0.17529166666666668
0 0.442484375 0.60184375 0.14059375000000002 0.11614583333333334
0 0.20513281249999998 0.5814375 0.146640625 0.11995833333333333
0 0.28819531249999997 0.6324687499999999 0.172421875 0.12477083333333333
0 0.6366015625 0.26340625 0.058984375 0.04935416666666667
0 0.64509375 0.61146875 0.108375 0.10235416666666668
0 0.16266406249999998 0.20001041666666666 0.098359375 0.0729375
0 0.35946874999999995 0.15948958333333335 0.04975 0.015854166666666666
0 0.46252343749999997 0.13897916666666665 0.09667187499999999 0.0525
0 0.31881250000000005 0.5555312499999999 0.09196875 0.06647916666666667
0 0.4501640625 0.53765625 0.10510937499999999 0.0546875
0 0.50134375 0.6327291666666667 0.14453125 0.094875
1 0.7300859375 0.3582604166666667 0.031234374999999998 0.023604166666666666
1 0.6837187499999999 0.3148229166666667 0.030156250000000002 0.0331875
1 0.695734375 0.3406041666666667 0.02753125 0.03308333333333333
1 0.9164375 0.25178124999999996 0.0215 0.031020833333333334
1 0.6536484375 0.32109375 0.026515624999999998 0.030104166666666664
0 0.6221171875 0.7054270833333334 0.166328125 0.14627083333333332
1 0.49071093749999994 0.3255416666666667 0.031328125 0.03858333333333333
1 0.7203125 0.47291666666666665 0.55625 0.9208333333333333
0 0.4609375 0.4010416666666667 0.453125 0.8020833333333334