8 0.6114666666666667 0.6766700000000001 0.07376 0.02866
8 0.5099600000000001 0.55697 0.054639999999999994 0.03882
8 0.43474666666666667 0.5689599999999999 0.058986666666666666 0.02212
8 0.37157333333333337 0.56812 0.06442666666666667 0.023600000000000003
8 0.4639066666666667 0.55492 0.05282666666666666 0.036520000000000004
9 0.4365866666666667 0.5594600000000001 0.19898666666666667 0.0422
8 0.4444133333333333 0.62768 0.10370666666666667 0.022879999999999998
8 0.4848666666666667 0.6886599999999999 0.056453333333333335 0.01128
8 0.4160533333333334 0.67775 0.07610666666666667 0.03446
8 0.47939999999999994 0.67611 0.05757333333333333 0.02566
8 0.60156 0.67267 0.0668 0.04058
8 0.6644933333333334 0.67936 0.031599999999999996 0.01848
8 0.5911733333333333 0.6639299999999999 0.06650666666666667 0.03362
9 0.4492133333333333 0.4188 0.12669333333333332 0.055200000000000006