0 0.5646796875 0.7487470449172577 0.106671875 0.11635933806146571
0 0.7168359375 0.7561229314420803 0.033640625 0.0724822695035461
0 0.6858828124999999 0.7737706855791963 0.035578125 0.060449172576832154
0 0.78271875 0.7215248226950354 0.0635625 0.04754137115839244
0 0.858609375 0.7292434988179668 0.07115625 0.08250591016548463
0 0.5145546875 0.652966903073286 0.106203125 0.1716548463356974
0 0.9553984374999999 0.8217139479905436 0.08920312500000001 0.17018912529550825
0 0.1431171875 0.7348936170212766 0.077296875 0.09626477541371158
0 0.214203125 0.7725650118203309 0.42103124999999997 0.40059101654846335
0 0.641640625 0.7887470449172577 0.0528125 0.04439716312056738
0 0.6943750000000001 0.6699527186761229 0.035125 0.10099290780141844
0 0.6455546875 0.7386524822695035 0.066734375 0.0750354609929078
0 0.7237890625 0.7595981087470449 0.213109375 0.1251063829787234