8 0.73949 0.659543795620438 0.27462000000000003 0.3303284671532847
8 0.38791 0.4213503649635036 0.26598 0.5056204379562044
8 0.83863 0.4662773722627737 0.18718 0.23145985401459854
8 0.77916 0.3680109489051095 0.14476 0.0785036496350365
8 0.60403 0.45777372262773725 0.15630000000000002 0.2283941605839416
8 0.7123999999999999 0.5157299270072992 0.23276 0.14605839416058394
8 0.7644399999999999 0.3473175182481752 0.14808000000000002 0.10273722627737225
8 0.7279800000000001 0.3363686131386861 0.12487999999999999 0.11945255474452554
8 0.59441 0.35885036496350364 0.14958000000000002 0.10733576642335767
8 0.6916599999999999 0.48510948905109497 0.19619999999999999 0.16627737226277373
8 0.5874300000000001 0.3147080291970803 0.14886000000000002 0.12671532846715328
8 0.47772000000000003 0.6258941605839416 0.24844 0.33419708029197076