4 0.5741562499999999 0.8666861826697893 0.14471875 0.17749414519906326
4 0.914234375 0.537728337236534 0.0975625 0.16037470725995318
4 0.9143281249999999 0.4379742388758783 0.07943750000000001 0.07229508196721311
4 0.7537734375 0.8093091334894613 0.150765625 0.1920608899297424
4 0.305859375 0.8060538641686184 0.10371875 0.15088992974238877
4 0.40085156250000004 0.6047189695550352 0.10885937500000001 0.09440281030444965
4 0.85609375 0.790632318501171 0.12593749999999998 0.2157377049180328
4 0.120015625 0.1864754098360656 0.134375 0.16756440281030444
4 0.2798671875 0.7226112412177986 0.122265625 0.141615925058548
4 0.4666015625 0.9375175644028103 0.098109375 0.11831381733021078
4 0.6809375 0.4626697892271663 0.05128125 0.08168618266978923
4 0.56953125 0.805480093676815 0.11325 0.16599531615925056