0 0.06250781250000001 0.46529166666666666 0.016328125 0.07616666666666667
0 0.0842734375 0.6547708333333333 0.048484375 0.10533333333333333
0 0.08147656249999999 0.2916875 0.052234375 0.084
0 0.00990625 0.30385416666666665 0.0198125 0.06795833333333333
0 0.08735156250000001 0.5326666666666666 0.072359375 0.08233333333333334
0 0.008960937499999998 0.5322604166666667 0.012765625 0.06327083333333333
0 0.0180390625 0.64553125 0.023203124999999998 0.06039583333333333
0 0.051117187499999994 0.5738958333333333 0.046578125 0.07141666666666667
1 0.17577343750000002 0.8057395833333333 0.026609375 0.03472916666666667
1 0.6194140625 0.7223541666666667 0.20823437500000003 0.10825
0 0.046164062500000005 0.46376041666666673 0.047203125 0.0895625
0 0.01003125 0.4204375 0.01996875 0.075
0 0.0197421875 0.5343854166666666 0.019640625000000002 0.06672916666666667
3 0.41480468750000005 0.77146875 0.19629687499999998 0.1143125
3 0.43628125000000006 0.7613333333333333 0.016968749999999998 0.023125
3 0.198890625 0.6774270833333333 0.032625 0.04164583333333333
3 0.18349218750000001 0.7081979166666666 0.031390625 0.03389583333333333
3 0.2493828125 0.7039270833333333 0.029390624999999997 0.03802083333333333
3 0.096578125 0.7088333333333333 0.031093749999999996 0.037125
1 0.20970312500000002 0.7357604166666667 0.0225625 0.0259375
1 0.150546875 0.8107812499999999 0.265375 0.1918125
1 0.857421875 0.7265833333333334 0.2243125 0.12945833333333334
3 0.221875 0.7079791666666667 0.02859375 0.03066666666666667
3 0.26646875 0.7250520833333333 0.0251875 0.033604166666666664
3 0.2599296875 0.7598854166666666 0.026671875 0.033854166666666664
3 0.15935937500000003 0.6879375000000001 0.028499999999999998 0.036333333333333336
3 0.1297890625 0.6955104166666667 0.031734374999999995 0.03789583333333334
3 0.06735156249999999 0.7253541666666666 0.029640624999999997 0.04016666666666667
3 0.055265625000000006 0.75753125 0.02884375 0.0384375
3 0.1359375 0.759375 0.2375 0.17291666666666666