5 0.3608645833333333 0.53534375 0.1066875 0.07940625
5 0.5300208333333333 0.6867734375 0.10379166666666667 0.049703125
5 0.7283958333333334 0.661109375 0.070625 0.06721875000000001
5 0.7337291666666667 0.5215703125 0.06254166666666666 0.032671875
5 0.8028437499999999 0.54025 0.0646875 0.07046875
5 0.32762500000000006 0.4066484375 0.049291666666666664 0.031578125
5 0.2830520833333333 0.42132812500000005 0.058520833333333334 0.033125
5 0.53440625 0.3610625 0.09214583333333333 0.04803125
5 0.47134375 0.6283359374999999 0.10993750000000001 0.073796875
5 0.7990104166666667 0.6065625 0.049937499999999996 0.07084375000000001
5 0.6884583333333333 0.6046171875 0.06754166666666667 0.066515625