6 0.30565624999999996 0.44435156249999996 0.31206249999999996 0.036984375
6 0.3351041666666667 0.3613046875 0.27258333333333334 0.050671875
6 0.7516666666666666 0.37396875 0.3110416666666667 0.042499999999999996
6 0.35172916666666665 0.31060937499999997 0.267 0.04315625
6 0.35181250000000003 0.273171875 0.22316666666666668 0.03903125
6 0.36684374999999997 0.25808593750000003 0.22122916666666667 0.028609375
6 0.37088541666666663 0.244671875 0.21843749999999998 0.024906249999999998
6 0.7418750000000001 0.34573437500000004 0.2929583333333333 0.04234375
6 0.3445729166666666 0.3310859375 0.2756458333333333 0.047203125
6 0.40311458333333333 0.240875 0.21131250000000001 0.02996875
6 0.7325729166666667 0.3222578125 0.28660416666666666 0.034390625