1 0.29507812499999997 0.7963968668407311 0.01565625 0.026161879895561357
1 0.2534921875 0.8026631853785902 0.020296875 0.02741514360313316
5 0.32632812499999997 0.8953133159268929 0.073375 0.029425587467362922
1 0.26754687499999996 0.7773759791122716 0.02040625 0.03919060052219321
3 0.399125 0.8239947780678852 0.02975 0.026318537859007833
0 0.3142265625 0.8467885117493472 0.016453125 0.03665796344647519
1 0.304640625 0.7620887728459531 0.01653125 0.013890339425587468
3 0.3654609375 0.8264360313315928 0.016859375 0.018511749347258487
3 0.3561875 0.7941253263707572 0.013968749999999999 0.01968668407310705
3 0.369921875 0.8160574412532637 0.01190625 0.013107049608355091
5 0.3628984375 0.783485639686684 0.012890625 0.01516971279373368
5 0.3374453125 0.8762402088772845 0.058890624999999995 0.028877284595300264
5 0.393796875 0.7260052219321149 0.03328125 0.017702349869451697
5 0.39525 0.7071018276762403 0.047 0.00898172323759791
5 0.34524218749999996 0.8337206266318538 0.017390625 0.027336814621409924
3 0.3396015625 0.83588772845953 0.010390625 0.03234986945169713