9 0.39464062499999997 0.5602453271028038 0.0325 0.02899532710280374
9 0.5328828124999999 0.7397897196261682 0.038734375 0.05869158878504673
9 0.39425781249999997 0.6738317757009347 0.040765625 0.05485981308411215
9 0.5632578125000001 0.6021495327102803 0.044546875 0.04336448598130841
9 0.3504453125 0.7031191588785046 0.040546874999999996 0.02053738317757009
9 0.3630390625 0.6931308411214954 0.028421875000000003 0.033785046728971965
9 0.3609765625 0.6580023364485982 0.039296874999999995 0.04165887850467289
9 0.397375 0.6456425233644859 0.0368125 0.041285046728971965
9 0.442578125 0.6592873831775701 0.052593749999999995 0.08764018691588785
9 0.5867890625000001 0.7349299065420561 0.036890624999999996 0.061635514018691585
9 0.4274765625 0.5591355140186915 0.028578125 0.022616822429906543
9 0.4604453125 0.5145677570093459 0.021703125 0.02053738317757009
9 0.43278125 0.5168808411214953 0.02578125 0.0233411214953271
9 0.48046875 0.594626168224299 0.3953125 0.3621495327102804