8 0.7504533333333334 0.66949 0.15621333333333332 0.07102
8 0.6335733333333333 0.67369 0.07365333333333333 0.04366
8 0.80452 0.62936 0.06962666666666667 0.036
8 0.9115066666666667 0.62924 0.14658666666666667 0.06692000000000001
8 0.8531199999999999 0.74456 0.19717333333333334 0.10235999999999999
8 0.5602533333333334 0.5639 0.11720000000000001 0.05168
8 0.71788 0.5132899999999999 0.10877333333333333 0.048420000000000005
8 0.8704133333333333 0.56204 0.13410666666666665 0.059840000000000004
8 0.7269066666666666 0.59514 0.14042666666666664 0.06531999999999999
8 0.9524933333333333 0.53842 0.09501333333333334 0.05048
8 0.8776266666666667 0.518 0.11701333333333334 0.04516
8 0.67824 0.55949 0.057653333333333334 0.027100000000000003
9 0.6048133333333333 0.59127 0.11506666666666666 0.055060000000000005
8 0.6418933333333333 0.7106 0.07674666666666667 0.0352
9 0.68844 0.74325 0.10808000000000001 0.05998
9 0.7734133333333333 0.81285 0.10416 0.05958
9 0.81452 0.48469 0.10658666666666666 0.03186
9 0.8519866666666667 0.7445999999999999 0.2018933333333333 0.10008