0 0.7990616966580978 0.2165 0.1255784061696658 0.08621875
0 0.8845115681233933 0.339625 0.22974293059125966 0.111125
0 0.8919023136246786 0.4089921875 0.21619537275064266 0.13482812500000002
0 0.865025706940874 0.49040625000000004 0.08089974293059125 0.031625
0 0.9167352185089974 0.5761953125 0.16652956298200514 0.09276562499999999
0 0.6697172236503856 0.3840078125 0.06293059125964011 0.055765625
0 0.6607969151670952 0.3330703125 0.1486375321336761 0.116171875
0 0.456375321336761 0.3351640625 0.0831362467866324 0.062953125
0 0.2416195372750643 0.7611015625 0.06272493573264781 0.069515625
0 0.13781491002570695 0.39782031250000005 0.20766066838046274 0.147328125
0 0.6105141388174807 0.409078125 0.1881233933161954 0.1233125
0 0.24496143958868896 0.8762968750000001 0.48616966580976867 0.16475
0 0.757866323907455 0.7566484375 0.4742416452442159 0.096078125
0 0.5 0.5296875 0.9948586118251928 0.803125