1 0.6619453125 0.5997916666666666 0.071546875 0.09229166666666666
1 0.8698515624999998 0.2366875 0.090296875 0.114625
1 0.830328125 0.6174166666666667 0.06340625 0.08516666666666667
1 0.733984375 0.20673958333333337 0.07584375 0.10335416666666666
1 0.722984375 0.96665625 0.059625 0.0666875
1 0.25534375000000004 0.8681666666666668 0.45 0.23145833333333332
1 0.310015625 0.5553125 0.08096875 0.089
1 0.5924140625000001 0.2955 0.082578125 0.096625
1 0.4076015625 0.6465625 0.07914062499999999 0.089
1 0.2063046875 0.6153124999999999 0.083890625 0.10162500000000001
1 0.27134375 0.5670416666666667 0.47190624999999997 0.2584166666666667
1 0.62578125 0.8885625 0.0735625 0.091625
1 0.68878125 0.8921354166666666 0.0693125 0.0851875