1 0.1529375 0.8214166666666667 0.30578125 0.24520833333333333
1 0.162015625 0.75403125 0.323375 0.20893750000000003
3 0.21465625 0.6730104166666667 0.01946875 0.02414583333333333
3 0.2260390625 0.6856354166666666 0.021015625 0.022479166666666665
3 0.247265625 0.6924166666666667 0.017249999999999998 0.024708333333333332
3 0.19619531250000002 0.6674479166666667 0.018390625 0.022604166666666665
3 0.285390625 0.705 0.01153125 0.014083333333333333
3 0.29841406249999997 0.7059270833333334 0.019453124999999998 0.020562499999999997
3 0.29125 0.677875 0.01178125 0.013333333333333334
3 0.2365703125 0.6452083333333333 0.016890625 0.02
3 0.15440625 0.6538749999999999 0.0753125 0.037875
3 0.259015625 0.6943437499999999 0.010437499999999999 0.0115625
3 0.27833593749999996 0.6655833333333333 0.013890625 0.020125
3 0.2787578125 0.7135729166666667 0.016578125 0.018270833333333333
3 0.30594531249999996 0.7210416666666666 0.024265625 0.025833333333333333
3 0.26640625 0.678125 0.1359375 0.10625