0 0.374875 0.29740625 0.05759375 0.0613125
0 0.42990625 0.23942708333333332 0.042812499999999996 0.051812500000000004
0 0.32084375 0.20758333333333331 0.05559375 0.050749999999999997
0 0.291015625 0.14067708333333334 0.014624999999999999 0.034770833333333334
0 0.24178125 0.1641145833333333 0.048 0.0525625
0 0.2426796875 0.24677083333333333 0.038390625 0.049791666666666665
0 0.24529687500000003 0.3210416666666667 0.0576875 0.05983333333333333
0 0.2659765625 0.4020208333333333 0.096046875 0.049791666666666665
0 0.28068750000000003 0.4653333333333334 0.0335625 0.041749999999999995
0 0.29143749999999996 0.26205208333333335 0.03128125 0.0319375
0 0.0420390625 0.8178645833333333 0.082703125 0.0864375
0 0.142734375 0.8508333333333334 0.11609375 0.29341666666666666
0 0.2314921875 0.8495833333333334 0.117296875 0.2135
0 0.5 0.50625 0.996875 0.9833333333333333