4 0.2471171875 0.18234986945169715 0.302734375 0.3176501305483029
4 0.19053906250000002 0.5624934725848564 0.378265625 0.5047258485639686
4 0.0483203125 0.07493472584856396 0.056203125 0.12877284595300262
4 0.0172421875 0.053159268929503914 0.034484375 0.10041775456919061
4 0.018828125 0.19101827676240207 0.03765625 0.20224543080939947
4 0.61109375 0.4594516971279373 0.1221875 0.17368146214099214
4 0.6039375 0.222911227154047 0.049562499999999995 0.08456919060052219
4 0.8125390625 0.17361618798955614 0.231640625 0.3472323759791123
4 0.4841875000000001 0.2701305483028721 0.05440625 0.09869451697127937
4 0.5271171875 0.6142950391644909 0.313171875 0.4818537859007833
4 0.5402968749999999 0.18424281984334204 0.26821875 0.3523498694516971
4 0.8020546874999999 0.6 0.15232812499999998 0.22856396866840734
4 0.834953125 0.4932898172323759 0.20224999999999999 0.19832898172323757
4 0.8671875 0.42950391644908614 0.2625 0.8590078328981723