0 0.23766406250000002 0.3766822429906542 0.22942187500000003 0.20626168224299066
0 0.4173828125 0.479392523364486 0.18951562500000002 0.19906542056074766
0 0.4988046875 0.2839953271028038 0.198265625 0.3011682242990654
0 0.5332109375 0.5920677570093458 0.112296875 0.09904205607476636
0 0.44699218749999997 0.5928271028037384 0.078796875 0.11528037383177571
0 0.33875 0.6194626168224299 0.08009374999999999 0.1147196261682243
0 0.2888125 0.5157943925233645 0.08078125 0.10037383177570093
0 0.45874218750000006 0.6768224299065421 0.101671875 0.13046728971962618
0 0.832015625 0.31810747663551403 0.33596875000000004 0.5247196261682243
0 0.8924999999999998 0.5383995327102804 0.215 0.48488317757009347
0 0.3299609375 0.7457943925233644 0.08139062500000001 0.14813084112149533
0 0.58884375 0.43505841121495326 0.10421875 0.0960981308411215
0 0.283203125 0.6755490654205607 0.08449999999999999 0.21922897196261681
0 0.534375 0.4287383177570093 0.60625 0.8574766355140186