3 0.26118 0.38588000000000006 0.1306 0.2541066666666667
5 0.35810000000000003 0.7298133333333333 0.053 0.07989333333333333
5 0.24397000000000002 0.6182266666666667 0.13122 0.07213333333333334
5 0.29249 0.7001200000000001 0.07182 0.13645333333333334
5 0.38885 0.5787466666666666 0.03018 0.12954666666666667
5 0.43325 0.18025333333333332 0.22690000000000002 0.13677333333333333
5 0.47772000000000003 0.24992 0.17648 0.08805333333333334
9 0.44073 0.38876 0.30506 0.6292
5 0.52874 0.32342666666666664 0.09087999999999999 0.06909333333333334
5 0.64238 0.6091466666666667 0.12036 0.09141333333333333
5 0.30084999999999995 0.7885600000000001 0.05142 0.08256000000000001
5 0.20441 0.6778266666666667 0.0515 0.10402666666666666