1 0.584609375 0.4235224839400429 0.30390625 0.3858886509635974
3 0.610359375 0.7776445396145609 0.34853125 0.31293361884368304
3 0.34849218749999994 0.722880085653105 0.22545312499999998 0.3066167023554604
3 0.7947890625 0.2914025695931477 0.21967187500000002 0.24203426124197003
3 0.1418359375 0.5292077087794432 0.24104687500000002 0.2
3 0.86484375 0.4558458244111349 0.2703125 0.3870235546038544
3 0.34399218749999994 0.4155781584582441 0.244484375 0.32207708779443256
3 0.51796875 0.6259100642398288 0.25709375 0.24612419700214133
3 0.12698437499999998 0.31948608137044965 0.25396874999999997 0.28051391862955033
3 0.571890625 0.14511777301927195 0.2550625 0.2850535331905782
3 0.43424218750000004 0.22944325481798716 0.084703125 0.14364025695931476