4 0.1421171875 0.53334375 0.083984375 0.11674999999999999
4 0.0935703125 0.5720625 0.077421875 0.06168749999999999
4 0.0764453125 0.46876562499999996 0.083109375 0.06959375
4 0.14417968750000001 0.44722656250000004 0.081484375 0.074921875
4 0.0333125 0.46878125000000004 0.05487499999999999 0.12437499999999999
4 0.0841796875 0.42064062500000005 0.077453125 0.0388125
4 0.0293828125 0.5751796875 0.049328125 0.055140625
4 0.190671875 0.4992109375 0.038093749999999996 0.074953125
4 0.058609375 0.5245390624999999 0.0834375 0.060171875
4 0.181921875 0.439078125 0.040281250000000005 0.07309375
4 0.1715859375 0.5672109375 0.055953125000000006 0.061921875