6 0.46985156250000004 0.7866666666666666 0.451046875 0.29413145539906105
6 0.7548984375 0.4378051643192488 0.407203125 0.15528169014084509
6 0.84690625 0.5741197183098592 0.3061875 0.23528169014084507
6 0.791703125 0.4882276995305165 0.41503125 0.16706572769953051
6 0.43882031250000003 0.7388849765258217 0.447046875 0.27161971830985915
6 0.24332812499999998 0.5389201877934272 0.46153125 0.2028169014084507
6 0.3077578125 0.615293427230047 0.462015625 0.21880281690140843
6 0.3904296875 0.6646244131455399 0.45354687499999996 0.27192488262910797
6 0.2623359375 0.4305868544600939 0.443234375 0.16469483568075116
6 0.8351640625 0.7048591549295774 0.329671875 0.29413145539906105
6 0.5215390624999999 0.29427230046948355 0.404078125 0.1788262910798122
6 0.6985312499999999 0.3921361502347418 0.43078125 0.182018779342723
6 0.615484375 0.3480516431924882 0.40456250000000005 0.16103286384976526