6 0.5185859374999999 0.7337916666666667 0.21164062499999997 0.13270833333333334
6 0.47553906250000005 0.6524895833333333 0.22014062499999998 0.12989583333333335
6 0.43221875 0.5620729166666667 0.1996875 0.1090625
6 0.4018671875 0.49515625 0.195859375 0.10077083333333332
6 0.3653203125 0.43573958333333335 0.178734375 0.08322916666666667
6 0.3360703125 0.3785208333333333 0.178828125 0.08104166666666666
6 0.15221093749999998 0.40439583333333334 0.17960937500000002 0.07875
6 0.1755859375 0.4685729166666667 0.193078125 0.07856250000000001
6 0.28500000000000003 0.7890208333333334 0.24881250000000002 0.13883333333333334
6 0.1981953125 0.53796875 0.208921875 0.09114583333333333
6 0.24617968750000002 0.6960833333333334 0.23117187499999997 0.09883333333333333
6 0.21997656250000003 0.6163125 0.22360937500000003 0.09808333333333333
8 0.356046875 0.5893333333333335 0.024875 0.041291666666666664