5 0.451765625 0.2712604166666666 0.08228125 0.13939583333333333
5 0.5484609375 0.29367708333333337 0.12051562499999999 0.19047916666666667
5 0.566875 0.18359375 0.19865625 0.09164583333333334
5 0.6480703125 0.24371875 0.155984375 0.09331249999999999
5 0.3927734375 0.29496875 0.212796875 0.2473125
5 0.6845703125 0.38388541666666665 0.187921875 0.14989583333333334
5 0.5265234375000001 0.36824999999999997 0.175984375 0.3710833333333333
5 0.43739062500000003 0.16701041666666666 0.2504375 0.08102083333333333
5 0.42134374999999996 0.40561458333333333 0.07753125 0.10560416666666667
5 0.5828203125 0.28703125 0.104359375 0.18964583333333335
5 0.6481875 0.31113541666666666 0.10465625 0.0914375
5 0.3783671875 0.22359375 0.075515625 0.08181250000000001