7 0.49954687499999995 0.5527994791666666 0.9990937499999999 0.8674218749999999
4 0.7249609374999999 0.36391927083333336 0.117265625 0.125078125
4 0.8981718749999998 0.5690625 0.08640624999999999 0.10802083333333333
4 0.6001875 0.6104166666666667 0.054125 0.07307291666666667
4 0.3114609375 0.5758463541666666 0.142921875 0.125859375
4 0.260234375 0.32805989583333334 0.047625 0.05419270833333333
4 0.8373046875 0.7546744791666667 0.183359375 0.238203125
4 0.638765625 0.21089843750000004 0.06293750000000001 0.06278645833333334
4 0.6799609375 0.27899739583333333 0.066828125 0.06299479166666667
4 0.486234375 0.7067838541666666 0.11890624999999999 0.16111979166666665
4 0.7392109375 0.44101562499999997 0.094609375 0.06609374999999999
4 0.5882421875 0.5181380208333334 0.058015625 0.09669270833333334
4 0.408015625 0.322265625 0.10175000000000001 0.06671875000000001
4 0.490625 0.5885416666666666 0.98125 0.8177083333333334