0 0.295390625 0.6060596707818929 0.297625 0.21516460905349793
0 0.4720000000000001 0.32400205761316875 0.05421875 0.06553497942386832
0 0.47367968749999995 0.20867283950617285 0.063359375 0.035987654320987654
0 0.42349218750000006 0.7038786008230452 0.056203125 0.062325102880658435
4 0.45699218750000004 0.4449279835390947 0.14260937499999998 0.12907407407407406
4 0.40739843750000004 0.5616666666666668 0.077234375 0.12242798353909465
4 0.59746875 0.32118312757201645 0.0484375 0.08504115226337448
4 0.5653828125 0.3873868312757201 0.106328125 0.11345679012345679
4 0.28265625 0.5103395061728395 0.11159375 0.09113168724279835
4 0.31658593749999997 0.4407921810699589 0.055796875 0.06438271604938271
4 0.5492734374999999 0.1436934156378601 0.040671875 0.04709876543209877
4 0.5542265625 0.4917283950617284 0.048984375000000004 0.08423868312757202
4 0.7778046875 0.40530864197530864 0.037421875 0.0502880658436214
4 0.789453125 0.23868312757201646 0.041499999999999995 0.06901234567901235
0 0.45803906250000004 0.6710390946502057 0.063390625 0.05969135802469136