8 0.10486111111111111 0.6461111111111112 0.03482026143790849 0.022647058823529412
8 0.11865196078431371 0.6834803921568627 0.036192810457516336 0.028529411764705883
8 0.13912581699346405 0.6463316993464051 0.03534313725490196 0.022565359477124184
8 0.15023692810457517 0.680375816993464 0.031911764705882355 0.02107843137254902
8 0.1860375816993464 0.6230228758169934 0.032401960784313726 0.021601307189542486
8 0.061544117647058826 0.7220996732026144 0.04204248366013072 0.029754901960784313
8 0.06740196078431372 0.6979656862745098 0.03356209150326797 0.026454248366013074
8 0.14177287581699347 0.7220833333333333 0.04014705882352941 0.027205882352941173
8 0.1073202614379085 0.8625245098039216 0.06339869281045751 0.04475490196078431
8 0.14861928104575164 0.898014705882353 0.06299019607843137 0.05658496732026144
8 0.10180555555555555 0.7221977124183007 0.04410130718954248 0.027140522875816992
8 0.16287581699346407 0.850702614379085 0.06290849673202614 0.045163398692810455
8 0.13609477124183006 0.825735294117647 0.059542483660130714 0.035424836601307186
9 0.888031045751634 0.7246895424836601 0.042434640522875815 0.04183006535947713
9 0.6347630718954248 0.9147549019607842 0.02377450980392157 0.02784313725490196
9 0.607483660130719 0.9157107843137254 0.026307189542483664 0.02694444444444444
9 0.5563316993464053 0.907671568627451 0.029983660130718955 0.045637254901960786
9 0.532687908496732 0.9035947712418301 0.02792483660130719 0.050065359477124184
9 0.8539297385620915 0.7245424836601306 0.03883986928104575 0.037222222222222226
9 0.7379738562091503 0.720392156862745 0.04519607843137255 0.03705882352941176
9 0.7796323529411765 0.7232598039215686 0.03831699346405228 0.03410130718954248
9 0.8150816993464052 0.7246732026143791 0.04101307189542484 0.03663398692810458
8 0.10049019607843138 0.7720588235294118 0.1977124183006536 0.31862745098039214