2 0.49726 0.6378828828828829 0.27476 0.17264264264264265
2 0.47979 0.4705855855855856 0.27874 0.17456456456456457
1 0.70546 0.38837837837837835 0.15808000000000003 0.1493093093093093
1 0.74654 0.5126576576576577 0.30832 0.5595495495495496
1 0.7821899999999999 0.27433933933933935 0.10357999999999999 0.1036936936936937
2 0.5260699999999999 0.7966216216216215 0.26789999999999997 0.18651651651651652
2 0.20414 0.4894744744744745 0.32368 0.21012012012012013
2 0.24095 0.8157357357357357 0.32626 0.21573573573573573
2 0.47293 0.2988738738738739 0.25442 0.22471471471471471
2 0.21477 0.31279279279279276 0.29782 0.24492492492492493
2 0.21815 0.6904354354354355 0.33382 0.2555855855855856