3 0.5087890625 0.9210070257611243 0.269046875 0.15798594847775174
3 0.539484375 0.5703044496487119 0.2171875 0.34374707259953163
3 0.6761796875 0.8546252927400468 0.23545312499999999 0.2907494145199063
3 0.23394531250000003 0.5506440281030445 0.246078125 0.36362997658079627
3 0.436703125 0.1580093676814988 0.21834375 0.30651053864168615
3 0.5940546875 0.33545667447306793 0.219296875 0.29475409836065575
3 0.8050703125 0.4951170960187353 0.389859375 0.9792740046838407
3 0.2893984375 0.839824355971897 0.249546875 0.2883138173302108
3 0.41392187500000005 0.740679156908665 0.23003125 0.25367681498829037
3 0.3929765625 0.4645081967213115 0.165296875 0.29088992974238875
3 0.0734609375 0.6725409836065575 0.140015625 0.32381733021077286
3 0.8662734375 0.9095784543325527 0.18939062499999998 0.18084309133489462