1 0.5221786492374728 0.42881 0.19010893246187366 0.16702
1 0.7616339869281047 0.41337 0.1944226579520697 0.1541
1 0.30647058823529416 0.44182 0.16178649237472767 0.14759999999999998
1 0.1932244008714597 0.41529999999999995 0.1952941176470588 0.20092
1 0.1189760348583878 0.58895 0.1793028322440087 0.12782
1 0.3064923747276689 0.5502400000000001 0.18636165577342048 0.08628
1 0.5003050108932462 0.5586800000000001 0.15864923747276688 0.09416
1 0.6239106753812637 0.52755 0.15483660130718951 0.11734
1 0.7762091503267974 0.51389 0.1476252723311547 0.0897
1 0.421318082788671 0.27904 0.1685185185185185 0.15472
1 0.6328213507625273 0.32295 0.13470588235294118 0.12990000000000002
3 0.4950217864923747 0.73698 0.9900435729847494 0.48960000000000004
1 0.3838235294117647 0.40409999999999996 0.12572984749455338 0.12963999999999998
1 0.2825272331154684 0.29991 0.08287581699346405 0.09026
1 0.42810457516339867 0.289 0.8518518518518519 0.578