3 0.9108 0.7239953271028038 0.1784 0.3522429906542056
3 0.35741999999999996 0.5995794392523365 0.17256 0.19121495327102805
0 0.11253 0.7988785046728972 0.22506 0.3752803738317757
0 0.15869999999999998 0.6157359813084111 0.10579999999999999 0.2067523364485981
0 0.17603 0.49376168224299066 0.0969 0.22280373831775702
0 0.23614000000000002 0.3830140186915888 0.12648 0.24023364485981308
0 0.30393000000000003 0.4108644859813084 0.16541999999999998 0.1977570093457944
0 0.41838 0.2146144859813084 0.1866 0.19100467289719625
0 0.5415 0.13220794392523363 0.19044 0.26067757009345793
0 0.47118 0.314088785046729 0.16828 0.1144392523364486
0 0.44527 0.07755841121495327 0.08918000000000001 0.15511682242990654
0 0.9510799999999999 0.30449766355140184 0.09784000000000001 0.4426869158878505
0 0.93104 0.07254672897196261 0.08728 0.09009345794392525
0 0.10116 0.4402570093457944 0.1712 0.36102803738317757
3 0.7405799999999999 0.8762383177570094 0.18064 0.20434579439252334
3 0.40459 0.8307359813084112 0.2831 0.30207943925233643