5 0.5877466666666666 0.6733 0.13629333333333332 0.09912
5 0.4090533333333334 0.6843199999999999 0.13064 0.045079999999999995
5 0.9077866666666667 0.6069200000000001 0.09461333333333333 0.07096
5 0.65384 0.65797 0.06869333333333334 0.0545
5 0.7370800000000001 0.61663 0.0572 0.01442
5 0.7902133333333333 0.56048 0.24522666666666665 0.12896000000000002
5 0.9718 0.58473 0.0564 0.06742000000000001
4 0.30277333333333334 0.4755 0.16021333333333332 0.12552
5 0.25967999999999997 0.6505799999999999 0.0736 0.03312
5 0.41274666666666665 0.72297 0.14442666666666665 0.0437
5 0.9319200000000001 0.6328400000000001 0.13616 0.04624
5 0.22357333333333335 0.68087 0.06570666666666666 0.07214
5 0.31264 0.64773 0.05093333333333334 0.03846
5 0.9538933333333333 0.5901900000000001 0.06576 0.06518