9 0.635890625 0.694016393442623 0.1489375 0.26362997658079623
9 0.4213046875 0.6797658079625293 0.170921875 0.49662763466042154
8 0.379578125 0.6329625292740046 0.01771875 0.02756440281030445
8 0.39967968750000005 0.6036651053864168 0.026546874999999998 0.03192037470725995
8 0.45046875000000003 0.6268032786885246 0.01990625 0.03370023419203747
8 0.45209375000000007 0.6594730679156909 0.01890625 0.0294847775175644
8 0.430984375 0.6592740046838407 0.026718750000000003 0.034473067915690866
8 0.4046796875 0.6624121779859485 0.026609375 0.03297423887587822
8 0.38107812500000005 0.6616744730679156 0.027437499999999997 0.03379391100702576
8 0.43297656249999994 0.6942974238875878 0.027015624999999998 0.03749414519906324
8 0.39523437499999997 0.7583723653395785 0.030406250000000003 0.03679156908665106
8 0.4583203125 0.8463700234192036 0.019609375000000002 0.04477751756440281
8 0.42416406249999994 0.7606206088992974 0.026453125 0.03964871194379391
8 0.4411484375 0.8209250585480093 0.024703125 0.0334192037470726
8 0.466859375 0.8166744730679156 0.022093750000000002 0.03409836065573771
8 0.40546875 0.7002341920374707 0.2328125 0.5480093676814989