1 0.7080546875 0.28305208333333337 0.218546875 0.20427083333333332
4 0.41526562499999997 0.4961145833333333 0.58096875 0.5588541666666667
0 0.411234375 0.19819791666666664 0.10112499999999999 0.11910416666666666
0 0.547953125 0.18591666666666665 0.171375 0.18816666666666665
0 0.40182031249999994 0.30734374999999997 0.116390625 0.10710416666666665
0 0.34576562499999997 0.24777083333333336 0.06634375 0.06725
3 0.2032734375 0.23197916666666668 0.29689062499999996 0.28558333333333336
4 0.28562499999999996 0.7300416666666667 0.0865625 0.10954166666666666
3 0.179 0.27809375000000003 0.11378124999999999 0.19485416666666666
1 0.79946875 0.22136458333333334 0.10315624999999999 0.15335416666666665
1 0.7521875 0.13544791666666667 0.099875 0.11964583333333333
1 0.6911562499999999 0.13816666666666666 0.102375 0.111875
1 0.9137421874999999 0.2987083333333333 0.127453125 0.11429166666666667
1 0.9300156249999999 0.378 0.10440624999999999 0.13345833333333335
1 0.850390625 0.37382291666666667 0.05765625 0.15439583333333334
1 0.7988593749999999 0.43979166666666664 0.10140625 0.11875
1 0.8600859374999998 0.4851145833333333 0.11179687499999999 0.1136875
1 0.7286953125 0.43205208333333334 0.076109375 0.17710416666666667
1 0.8628124999999999 0.23263541666666668 0.0653125 0.09002083333333334
1 0.8235234375000001 0.14985416666666668 0.126234375 0.10383333333333335
1 0.8203671875000002 0.3251354166666667 0.033828125 0.07864583333333333