5 0.362234375 0.8148020833333333 0.34184375 0.12822916666666667
5 0.4096875 0.6739479166666666 0.25425 0.19152083333333333
5 0.8779453125 0.9317604166666666 0.11470312499999999 0.0611875
5 0.9700703125000001 0.8695520833333333 0.058421875 0.07856250000000001
5 0.9549140625 0.8124375 0.089984375 0.03279166666666667
5 0.9684921874999999 0.9531770833333333 0.06301562499999999 0.05452083333333334
5 0.9062890625 0.8378645833333334 0.044296875 0.03172916666666667
5 0.9565703124999999 0.9864166666666666 0.086859375 0.027166666666666665
5 0.9440546875000001 0.9128958333333334 0.025234374999999996 0.043041666666666666
5 0.9108046875 0.8794166666666666 0.064515625 0.043000000000000003
5 0.9602031249999999 0.843875 0.07959374999999999 0.06316666666666666