1 0.4994140625 0.8599999999999999 0.09176562499999999 0.09175
1 0.9028671875000001 0.8424583333333333 0.165453125 0.14095833333333332
1 0.38601562500000003 0.8444375 0.09215625 0.08629166666666667
1 0.5981953125 0.7468333333333332 0.052671875 0.08083333333333333
1 0.7849921875 0.9418437500000001 0.112140625 0.1163125
1 0.43200781250000003 0.8229895833333334 0.065984375 0.05464583333333333
1 0.5813515625 0.7119583333333334 0.046015625 0.059583333333333335
1 0.5663046875 0.6655 0.040234375 0.042333333333333334
1 0.589078125 0.6886458333333334 0.049312499999999995 0.04454166666666667
1 0.46440625 0.68153125 0.02728125 0.026604166666666665
1 0.8354843750000001 0.9825729166666667 0.10162500000000001 0.034854166666666665