0 0.367734375 0.2949583333333334 0.03790625 0.09454166666666668
0 0.1642109375 0.2814583333333333 0.082203125 0.12820833333333334
0 0.6627421875 0.03609375 0.100765625 0.0721875
0 0.8064609375 0.27415625 0.096078125 0.11685416666666668
0 0.69040625 0.2827395833333333 0.03896875 0.0865625
0 0.3618046875 0.41380208333333335 0.034234375 0.05360416666666667
0 0.3856953125 0.4012395833333333 0.032359375 0.05535416666666667
0 0.102515625 0.3324270833333333 0.03546875 0.05472916666666667
0 0.11095312499999999 0.43275 0.018375 0.05620833333333333
0 0.024367187499999998 0.17932291666666664 0.047859374999999996 0.07131249999999999
0 0.7826250000000001 0.12984375 0.053625 0.15710416666666666
0 0.0772734375 0.39612499999999995 0.041078125 0.05183333333333333
0 0.80871875 0.10694791666666667 0.0361875 0.12372916666666667
0 0.62265625 0.22395833333333334 0.2921875 0.4479166666666667