4 0.6638359375 0.6921077283372364 0.18257812499999998 0.20224824355971896
4 0.76171875 0.2709367681498829 0.1421875 0.2224824355971897
4 0.443484375 0.5298711943793911 0.10203124999999999 0.25177985948477755
4 0.606765625 0.15840749414519906 0.17359375 0.22177985948477752
4 0.45106250000000003 0.7217681498829039 0.09765625 0.11730679156908666
4 0.091984375 0.4989578454332553 0.07175000000000001 0.1720608899297424
7 0.6405000000000001 0.49529274004683843 0.7190000000000001 0.9859016393442623
7 0.1671875 0.5847072599531616 0.334375 0.8023419203747073
4 0.171453125 0.6865573770491803 0.138375 0.19409836065573768
4 0.07271875 0.7219086651053864 0.06446874999999999 0.1168384074941452
4 0.17019531250000003 0.37491803278688524 0.065609375 0.14608899297423888
4 0.58971875 0.6139461358313817 0.09128125000000001 0.12086651053864168
4 0.60909375 0.5255152224824357 0.050124999999999996 0.10798594847775175