8 0.45461718749999996 0.7161979166666668 0.108171875 0.11447916666666667
8 0.77853125 0.7591249999999999 0.094375 0.08616666666666667
8 0.8828203125 0.4834270833333333 0.090234375 0.13010416666666666
8 0.47213281250000005 0.42341666666666666 0.292234375 0.2545
8 0.81721875 0.45483333333333337 0.0779375 0.13745833333333335
8 0.772203125 0.43094791666666665 0.06821875 0.12422916666666667
8 0.719640625 0.41483333333333333 0.07040625 0.09933333333333333
8 0.9584374999999999 0.48366666666666674 0.0706875 0.14954166666666666
8 0.8728671875 0.77584375 0.10192187500000001 0.10777083333333333
8 0.5615390625 0.71296875 0.107265625 0.09885416666666667
8 0.24299218749999998 0.7765833333333333 0.105453125 0.12200000000000001
8 0.1615390625 0.49394791666666665 0.117578125 0.16435416666666666
8 0.068921875 0.5040104166666667 0.10065625 0.1633125
8 0.5 0.49895833333333334 0.996875 0.9979166666666667