0 0.9100000000000001 0.6411406844106464 0.17675000000000002 0.1161596958174905
0 0.7554062500000001 0.6698669201520913 0.13546875 0.09524714828897339
3 0.549203125 0.35092205323193915 0.0391875 0.04199619771863118
3 0.49399218749999996 0.38249049429657794 0.038328125000000005 0.041216730038022814
3 0.529765625 0.38295627376425856 0.0234375 0.03435361216730038
3 0.5108515625 0.35315589353612165 0.038234375 0.046501901140684414
1 0.48504687499999993 0.5386596958174904 0.047343750000000004 0.04230038022813688
1 0.53234375 0.5320627376425856 0.0445625 0.054201520912547534
1 0.5727031250000001 0.5294486692015209 0.04365625 0.046806083650190115
1 0.617765625 0.5233650190114069 0.048343750000000005 0.05053231939163498
1 0.5897812499999999 0.46071292775665396 0.26034375 0.19005703422053233
1 0.84059375 0.45043726235741444 0.25484375 0.1682509505703422
1 0.76828125 0.24557984790874526 0.051125 0.049486692015209124
1 0.791171875 0.3048098859315589 0.22584374999999998 0.15726235741444866
3 0.6050312499999999 0.3706749049429658 0.03284375 0.022376425855513308
3 0.6165468749999999 0.3465399239543726 0.03596875 0.0388212927756654
3 0.6506484375 0.3413022813688213 0.035296875 0.034695817490494295