0 0.404703125 0.568 0.051000000000000004 0.03183333333333333
0 0.41102343750000003 0.5460104166666666 0.033953125 0.017562499999999998
0 0.5472265625 0.5739166666666667 0.052359375 0.024625
0 0.4992109375 0.5588541666666667 0.057109375 0.022583333333333334
0 0.5207890625 0.5436770833333334 0.038234375 0.012979166666666668
0 0.5503515625 0.5578958333333333 0.032515625 0.013125
0 0.653265625 0.5698333333333334 0.0385 0.0145
0 0.45883593750000007 0.5581875000000001 0.083734375 0.04583333333333333
0 0.3395078125 0.5700833333333333 0.020546875 0.022708333333333334
0 0.3135 0.5789479166666667 0.0351875 0.020104166666666666
0 0.43156249999999996 0.37587499999999996 0.02975 0.02266666666666667
0 0.6700859375 0.5647708333333334 0.14129687500000002 0.029875
0 0.571015625 0.55996875 0.01971875 0.025979166666666668