6 0.252890625 0.6396845794392523 0.05959375 0.18063084112149533
6 0.408453125 0.6199883177570094 0.06940625 0.17642523364485982
6 0.35466406250000004 0.39774532710280375 0.069140625 0.16179906542056074
6 0.6229140625 0.342838785046729 0.058609375 0.15955607476635517
6 0.48435937500000004 0.3742640186915888 0.05953125 0.16530373831775702
6 0.5500312500000001 0.590642523364486 0.066125 0.16179906542056074
6 0.695390625 0.6425700934579439 0.0605 0.17672897196261683
6 0.6146484375 0.8606658878504673 0.072140625 0.18876168224299067
6 0.759125 0.3806308411214953 0.060250000000000005 0.17794392523364486
6 0.8528437500000001 0.629357476635514 0.04959375 0.18427570093457946
6 0.3020625 0.0990303738317757 0.063125 0.15731308411214953
6 0.47789843750000005 0.8623598130841122 0.060109375 0.18649532710280373
6 0.3310703125 0.8802453271028038 0.074296875 0.17035046728971961
6 0.47421875 0.5 0.7703125 0.985981308411215