1 0.7206015625 0.7415654205607476 0.256984375 0.3505607476635514
1 0.1811484375 0.4719158878504673 0.193359375 0.2583177570093458
1 0.327578125 0.5060280373831776 0.1480625 0.2110747663551402
1 0.2953046875 0.7494392523364486 0.23895312500000002 0.24943925233644862
1 0.5261171875 0.5280841121495327 0.192109375 0.2474299065420561
1 0.7221015625 0.4816471962616822 0.187859375 0.22698598130841122
1 0.660859375 0.34037383177570096 0.16421875 0.22102803738317756
1 0.5102031250000001 0.6984929906542056 0.193875 0.21123831775700933
1 0.1390078125 0.7243457943925233 0.193859375 0.2988785046728972
1 0.48089843749999994 0.4198481308411215 0.195359375 0.2426869158878505
1 0.9132734375 0.6723481308411214 0.173453125 0.28988317757009346
1 0.20177343749999999 0.25512850467289716 0.146234375 0.16432242990654206
1 0.3610703125 0.22898364485981307 0.12185937499999999 0.17432242990654206
1 0.5 0.49883177570093457 0.996875 0.9976635514018691