0 0.09944531250000001 0.7948009367681499 0.074265625 0.07915690866510539
0 0.1808203125 0.7901170960187354 0.086140625 0.06857142857142857
0 0.24621093749999998 0.7736299765807964 0.045359375 0.054098360655737705
0 0.3702734375 0.736744730679157 0.082953125 0.058173302107728336
0 0.5468906250000001 0.6383489461358314 0.0565625 0.058337236533957844
0 0.612671875 0.6097892271662764 0.07003125 0.08721311475409836
0 0.642828125 0.6210421545667447 0.04475 0.05032786885245901
0 0.365640625 0.6329859484777517 0.0720625 0.08456674473067916
0 0.5276562499999999 0.5038992974238876 0.011875 0.006908665105386417
0 0.299671875 0.6812997658079625 0.0655625 0.0656440281030445
0 0.29481250000000003 0.7468735362997658 0.07265625 0.07861826697892271
0 0.2833984375 0.6519672131147543 0.062390625 0.06988290398126464
0 0.724 0.5947189695550351 0.0206875 0.020023419203747075
0 0.4609375 0.6405152224824356 0.915625 0.4238875878220141