0 0.723078125 0.7444791666666666 0.11346875000000001 0.19070833333333334
0 0.5896250000000001 0.7445104166666667 0.16343749999999999 0.17006249999999998
0 0.4501328125 0.7255625 0.135515625 0.16004166666666667
0 0.3215234375 0.705375 0.121296875 0.14670833333333333
0 0.1303515625 0.67471875 0.07710937500000001 0.12477083333333333
0 0.9360859375 0.7014166666666666 0.117203125 0.18604166666666666
0 0.8010624999999999 0.6212291666666666 0.12278125 0.15416666666666667
0 0.633390625 0.59075 0.0364375 0.07875
0 0.42242187500000006 0.6307708333333333 0.0798125 0.10233333333333333
0 0.3485078125 0.6326979166666666 0.08054687499999999 0.17864583333333334
0 0.7065859375000001 0.6255624999999999 0.075515625 0.12679166666666666
0 0.5044140625000001 0.6504375 0.100703125 0.12083333333333333
0 0.40597656249999997 0.5697395833333334 0.06589062500000001 0.11102083333333333
0 0.4953125 0.396875 0.990625 0.7854166666666667