7 0.5003645833333333 0.6842734375 0.9827708333333334 0.608984375
5 0.5599687499999999 0.767875 0.11935416666666666 0.20434375
5 0.42161458333333335 0.6444453125 0.3036041666666666 0.18467187499999999
5 0.621625 0.760515625 0.14662499999999998 0.071
5 0.4726666666666667 0.5129218750000001 0.30420833333333336 0.15328124999999998
5 0.9343854166666666 0.500375 0.07460416666666667 0.070125
5 0.6028645833333334 0.5256953125 0.1743125 0.047359374999999995
5 0.11775 0.8849140625 0.12595833333333334 0.086734375
5 0.7278125000000001 0.6562421875 0.09495833333333333 0.099484375
5 0.7999375 0.6449296875 0.052458333333333336 0.128609375
5 0.5491770833333334 0.42102343750000004 0.058104166666666665 0.029046875