8 0.3252578125 0.7489791666666666 0.046140625000000005 0.04291666666666667
8 0.360984375 0.7683125000000001 0.0491875 0.04529166666666666
8 0.41917187499999997 0.7779583333333334 0.0515625 0.04058333333333333
8 0.4526171874999999 0.7429583333333334 0.024703125 0.026291666666666665
8 0.34616406250000004 0.6495729166666667 0.025171875 0.03047916666666667
8 0.31628125 0.6423958333333334 0.0473125 0.029333333333333333
8 0.3897421875 0.8167604166666667 0.060484375 0.043479166666666666
8 0.36736718749999997 0.8596874999999999 0.060390624999999996 0.049041666666666664
8 0.32064062499999996 0.6805729166666666 0.0303125 0.0315625
8 0.338625 0.6175312500000001 0.034437499999999996 0.029604166666666668
8 0.3616953125 0.6245208333333333 0.026984374999999998 0.02420833333333333
8 0.44109375 0.6419166666666667 0.04196875 0.029625000000000002
8 0.413078125 0.6399895833333333 0.02365625 0.020645833333333332
8 0.628125 0.3697916666666667 0.66875 0.25625