4 0.5856015625 0.5851875 0.240328125 0.277125
4 0.61175 0.31423958333333335 0.1599375 0.2938541666666667
4 0.5342578125 0.2612395833333333 0.146890625 0.3838125
4 0.3427421875 0.21899999999999997 0.085140625 0.129125
4 0.38508593750000003 0.40708333333333335 0.078203125 0.27854166666666663
4 0.2851640625 0.39216666666666666 0.12335937500000001 0.24191666666666667
4 0.455296875 0.7905833333333334 0.134125 0.24000000000000002
4 0.6800546875 0.8209791666666667 0.10279687500000001 0.32583333333333336
4 0.2886640625 0.5203125 0.167265625 0.15066666666666664
4 0.326296875 0.8181875000000001 0.2084375 0.31687499999999996
4 0.43921875000000005 0.3548854166666667 0.12040625 0.40685416666666663
4 0.7003437499999999 0.46209375 0.06825 0.16560416666666666
4 0.7217421875 0.5200520833333333 0.114359375 0.15939583333333335