7 0.6059791666666666 0.804046875 0.21645833333333334 0.102125
7 0.5798333333333333 0.7065703125 0.181375 0.068484375
7 0.359375 0.8476171875 0.11816666666666667 0.062953125
7 0.19040625 0.8756171875 0.12497916666666667 0.058765625
7 0.5903645833333333 0.632265625 0.10693749999999999 0.0388125
7 0.5364479166666667 0.5818125000000001 0.07643749999999999 0.0386875
7 0.5550729166666667 0.54384375 0.11510416666666666 0.033875
7 0.55903125 0.47522656250000006 0.06247916666666666 0.011046875000000001
7 0.07566666666666667 0.5048515625 0.044125 0.022328124999999997
7 0.47259375 0.4150078125 0.036270833333333335 0.009015625
7 0.7188333333333333 0.5149843749999999 0.03720833333333333 0.04184375
7 0.49513541666666666 0.40940624999999997 0.030979166666666665 0.02890625