3 0.36144 0.3715465465465465 0.05836 0.10561561561561562
3 0.35166 0.4764714714714715 0.06504 0.09678678678678677
3 0.32512 0.30133633633633633 0.06016 0.06453453453453453
3 0.26455 0.3998948948948949 0.05862 0.09486486486486487
3 0.34553999999999996 0.25172672672672675 0.05992 0.09138138138138138
3 0.39332999999999996 0.4253903903903904 0.06286 0.08681681681681681
3 0.30119 0.4461411411411411 0.048979999999999996 0.06651651651651651
3 0.3145 0.37342342342342344 0.045439999999999994 0.0821021021021021
3 0.27131 0.31945945945945947 0.05854 0.08726726726726726
3 0.38618 0.3200600600600601 0.0746 0.14456456456456457
3 0.30101999999999995 0.2730780780780781 0.03576 0.056006006006006