7 0.4317421875 0.43707547169811317 0.640171875 0.6044811320754717
7 0.7717031249999999 0.6707900943396226 0.45659375 0.6359669811320754
4 0.3188359375 0.2765919811320755 0.077796875 0.07610849056603775
4 0.25553125 0.28442216981132074 0.10840625 0.13766509433962262
4 0.6225 0.4093985849056604 0.056374999999999995 0.13129716981132075
4 0.2786328125 0.41667452830188684 0.029328125 0.1119811320754717
4 0.949734375 0.8571462264150942 0.08384375 0.10566037735849056
4 0.4398984375 0.4943632075471698 0.039578125 0.08051886792452831
4 0.5684765625 0.4232311320754717 0.043015625 0.06754716981132075
4 0.654734375 0.37312500000000004 0.0326875 0.07011792452830189
4 0.673234375 0.3352358490566038 0.0926875 0.09759433962264151
4 0.7176953125 0.3766627358490566 0.05582812499999999 0.09648584905660376
5 0.8078203125 0.6793396226415095 0.10904687500000002 0.07047169811320754