3 0.21395 0.4580769230769231 0.01294 0.010666666666666666
3 0.21694 0.44534615384615384 0.01168 0.010692307692307692
4 0.62929 0.7792948717948718 0.06962 0.07438461538461538
4 0.6800700000000001 0.8145000000000001 0.07342 0.06823076923076923
4 0.6708999999999999 0.7552051282051283 0.04528 0.04964102564102564
4 0.40165999999999996 0.6897564102564102 0.06364 0.06423076923076923
4 0.71561 0.8007051282051282 0.04414 0.10612820512820513
1 0.30783000000000005 0.6311538461538462 0.12706 0.06835897435897435
3 0.21513 0.45337179487179485 0.011619999999999998 0.009307692307692307
3 0.23939 0.4408076923076923 0.0105 0.00976923076923077
5 0.47978999999999994 0.8983205128205128 0.019059999999999997 0.03258974358974359
5 0.49399 0.8530128205128206 0.10990000000000001 0.06864102564102564
5 0.53527 0.9130128205128205 0.06878000000000001 0.06094871794871795
1 0.42375999999999997 0.46221794871794875 0.0746 0.03541025641025641
3 0.45630000000000004 0.4261410256410257 0.06616 0.036333333333333336
5 0.49093 0.9300897435897435 0.01018 0.036333333333333336
5 0.41343 0.8108589743589744 0.08998 0.06628205128205128
5 0.5063500000000001 0.9268974358974359 0.02634 0.047794871794871796
5 0.62961 0.8567051282051282 0.0419 0.03279487179487179
5 0.44297 0.8958589743589744 0.01126 0.06043589743589744
5 0.53935 0.8342692307692308 0.06266 0.04412820512820513
5 0.6219600000000001 0.8596794871794872 0.08376 0.14335897435897435
5 0.44244 0.8922948717948718 0.0494 0.04669230769230769
5 0.46573 0.9058974358974359 0.032299999999999995 0.04907692307692308
5 0.55765 0.8731410256410256 0.0247 0.02638461538461538
5 0.389 0.7384615384615385 0.37 0.35384615384615387