0 0.41779687499999996 0.5747208121827411 0.29328125 0.6898984771573604
0 0.4599921875 0.595507614213198 0.283609375 0.48989847715736046
0 0.6848828125 0.4693781725888325 0.342859375 0.4262182741116751
0 0.774140625 0.3406345177664975 0.213375 0.31898477157360405
0 0.890125 0.6449492385786801 0.21974999999999997 0.7101015228426395
0 0.7885546875 0.803007614213198 0.301578125 0.3707868020304569
0 0.3467421875 0.644251269035533 0.41089062500000006 0.6838324873096446
0 0.5340078125 0.3039213197969543 0.37629687500000003 0.404492385786802
0 0.9197421875 0.27272842639593914 0.160515625 0.3636294416243655
0 0.5570468749999999 0.14106598984771573 0.22934375 0.21096446700507615
0 0.10793749999999999 0.6584390862944163 0.21587499999999998 0.6571319796954316
0 0.49115624999999996 0.1457994923857868 0.199 0.2915989847715736
0 0.24065624999999996 0.2142766497461929 0.1583125 0.4233756345177665
0 0.5 0.4987309644670051 0.996875 0.9974619289340102