1 0.261 0.41059375 0.03478125 0.0476875
1 0.25165625 0.3680833333333334 0.030656250000000003 0.04529166666666666
1 0.3187578125 0.40501041666666665 0.070671875 0.04914583333333333
1 0.42982812500000006 0.6962187499999999 0.15721875000000002 0.09102083333333333
0 0.6405078124999999 0.38251041666666663 0.125859375 0.04752083333333333
0 0.755078125 0.3748333333333333 0.07728125 0.03245833333333333
3 0.653359375 0.6867500000000001 0.027375 0.030916666666666665
3 0.6762265625 0.6951249999999999 0.029671874999999997 0.02825
3 0.6319296875 0.7057916666666667 0.028859375 0.03166666666666666
3 0.62659375 0.6836458333333334 0.0273125 0.019666666666666666
3 0.6553515625 0.69140625 0.105078125 0.06989583333333332
3 0.423703125 0.48502083333333335 0.0583125 0.07775
3 0.380828125 0.5098541666666666 0.05815625 0.03829166666666666
3 0.31015625 0.26101041666666663 0.02840625 0.03964583333333334
3 0.2559765625 0.25902083333333337 0.017984375 0.030833333333333334
1 0.2391796875 0.4025 0.016609375000000003 0.032
1 0.2367578125 0.3649479166666667 0.017265625 0.03839583333333333
1 0.282046875 0.36906249999999996 0.029312500000000002 0.03858333333333333
1 0.3386171875 0.3647291666666667 0.028703125000000003 0.03941666666666667
1 0.311921875 0.36741666666666667 0.0326875 0.04383333333333333