4 0.13173437500000001 0.42996874999999996 0.14403125 0.18502083333333333
4 0.21754687499999997 0.40747916666666667 0.14065624999999998 0.3656666666666667
4 0.211765625 0.2529375 0.06 0.17645833333333333
4 0.8699999999999999 0.5094166666666666 0.18353124999999998 0.3411666666666667
4 0.393265625 0.20207291666666669 0.23325 0.22522916666666667
4 0.58146875 0.2732604166666667 0.114625 0.11989583333333333
4 0.422640625 0.7976458333333334 0.21000000000000002 0.22116666666666665
4 0.28235156250000004 0.76 0.165890625 0.19766666666666666
4 0.34228125 0.4115625 0.245875 0.2806666666666667
4 0.3170078125 0.6354583333333333 0.078890625 0.169
4 0.5064609375 0.8550520833333334 0.183703125 0.21797916666666667
4 0.675 0.40259375000000003 0.39934375 0.6493541666666667
4 0.47408593749999994 0.37120833333333336 0.212390625 0.25495833333333334