9 0.6696666666666666 0.6386484375 0.33858333333333335 0.23145312499999998
3 0.9294375 0.487015625 0.141125 0.1948125
9 0.3086770833333334 0.4745390625 0.2715208333333334 0.19829687499999998
9 0.5357604166666667 0.44621093749999996 0.22935416666666666 0.168328125
9 0.21709375000000003 0.338703125 0.21252083333333335 0.142125
9 0.23355208333333335 0.2538125 0.16893750000000002 0.08446875000000001
9 0.41731250000000003 0.32337499999999997 0.20433333333333334 0.1584375
9 0.32766666666666666 0.1502421875 0.133375 0.066171875
9 0.2880729166666667 0.093640625 0.1160625 0.07096875
9 0.20931249999999998 0.1786875 0.13708333333333333 0.08678125
9 0.19494791666666667 0.12782812500000001 0.13543750000000002 0.06440625