9 0.37140625 0.6877604166666667 0.21509375 0.21427083333333333
9 0.224015625 0.5388958333333332 0.15784375 0.10416666666666667
9 0.11479687499999999 0.4825208333333333 0.154125 0.13129166666666667
9 0.262734375 0.2300208333333333 0.20784375000000002 0.11887500000000001
9 0.42875781250000006 0.32206250000000003 0.23323437500000002 0.15133333333333335
9 0.6677031250000001 0.42755208333333333 0.28215625 0.19922916666666665
9 0.9073203124999999 0.5850625 0.185359375 0.2635416666666667
9 0.5396093750000001 0.5870104166666666 0.163625 0.1246875
9 0.6068125 0.89090625 0.25909375 0.2181875
9 0.1557109375 0.17545833333333333 0.179109375 0.09916666666666667
9 0.3786484375 0.47942708333333334 0.119921875 0.07893750000000001
9 0.65915625 0.04729166666666667 0.1285 0.093125