0 0.4932890625 0.9308645833333333 0.174484375 0.12527083333333333
0 0.4170078125000001 0.9393541666666666 0.027078124999999998 0.03254166666666666
0 0.3481171875 0.9726458333333333 0.07229687500000001 0.05470833333333334
0 0.5890078125 0.87734375 0.027546875 0.04785416666666666
0 0.57215625 0.8777812500000001 0.021593750000000002 0.0468125
0 0.601140625 0.8846354166666667 0.02859375 0.04852083333333333
0 0.5721484374999999 0.91596875 0.05632812499999999 0.12985416666666666
0 0.4339453125 0.9079166666666667 0.059953124999999996 0.059333333333333335
0 0.48744531249999995 0.8541666666666666 0.034984375 0.04566666666666667
0 0.3776328125 0.92434375 0.024328125 0.05622916666666666
0 0.3709296875 0.9118958333333332 0.038484375 0.06958333333333333
0 0.5826328125 0.87178125 0.012578125 0.03510416666666667
1 0.1511484375 0.6876041666666667 0.0053906250000000005 0.009333333333333334
1 0.165171875 0.6900416666666668 0.006937500000000001 0.0125
1 0.14921093749999997 0.7224375000000001 0.039421875 0.04183333333333333
1 0.1335078125 0.6518333333333334 0.113296875 0.09570833333333333
3 0.17528125 0.903375 0.3471875 0.17079166666666667
0 0.50225 0.8756249999999999 0.09225 0.074875
0 0.39765625 0.9197916666666667 0.1734375 0.15625