8 0.6322604166666667 0.28918750000000004 0.0614375 0.0403125
8 0.6586770833333333 0.24290625000000002 0.0560625 0.03234375
8 0.6681666666666667 0.2962734375 0.02695833333333333 0.036796875
8 0.6419374999999999 0.363578125 0.059375 0.0258125
8 0.6046145833333333 0.3824765625 0.06877083333333332 0.034578125
8 0.6067395833333332 0.33788281249999996 0.0623125 0.033140625
8 0.57528125 0.36659375 0.0611875 0.047125
8 0.8952083333333333 0.269828125 0.05175 0.02553125
8 0.5888749999999999 0.2849453125 0.029708333333333333 0.038921875
8 0.9516666666666667 0.2729375 0.042166666666666665 0.02496875
8 0.6085624999999999 0.23639062500000002 0.051666666666666666 0.0321875
8 0.91375 0.31753125 0.041791666666666664 0.01975
8 0.657125 0.3404296875 0.04254166666666667 0.039328125000000005
8 0.5125 0.3984375 0.9708333333333333 0.58125