6 0.36671875 0.6108541666666666 0.1150625 0.08983333333333333
6 0.19040625000000003 0.6077083333333334 0.10959375 0.09545833333333334
6 0.2356015625 0.5913958333333333 0.09426562499999999 0.09458333333333332
6 0.4606328125 0.5111979166666667 0.09473437500000001 0.03827083333333334
6 0.30543750000000003 0.5462708333333333 0.099875 0.04908333333333333
6 0.342078125 0.5382916666666666 0.09071875 0.04529166666666666
6 0.3961015625 0.59546875 0.098328125 0.07635416666666667
6 0.4425156250000001 0.58134375 0.114375 0.0853125
6 0.48721875 0.5713125 0.09528125 0.09120833333333334
6 0.41734375 0.5979375000000001 0.09140625 0.08270833333333334
6 0.2716015625 0.5785625 0.083078125 0.08333333333333333
6 0.513609375 0.541125 0.067125 0.04625
6 0.36810156250000003 0.5300520833333333 0.08595312499999999 0.0466875
6 0.5 0.3333333333333333 0.996875 0.4625