4 0.36794531249999995 0.7352916666666667 0.22764062499999999 0.20470833333333335
4 0.4270546875 0.6216354166666667 0.264703125 0.26589583333333333
4 0.5718515625 0.7468645833333334 0.393421875 0.49302083333333335
4 0.25851562499999997 0.54490625 0.10853125 0.1569375
4 0.24353906250000001 0.6909791666666667 0.119921875 0.16299999999999998
4 0.17293750000000002 0.5976458333333333 0.10940625 0.18825
5 0.671359375 0.44046875 0.09575 0.11652083333333334
5 0.589375 0.36508333333333337 0.121875 0.128
5 0.801171875 0.625875 0.12353125000000001 0.1552916666666667
5 0.514375 0.40731249999999997 0.16075 0.15004166666666666
5 0.7191171875 0.3461979166666667 0.10098437499999999 0.1595208333333333
5 0.8042578125000001 0.43329166666666663 0.173515625 0.265625
4 0.5178828125000001 0.7404791666666667 0.135453125 0.18429166666666666