0 0.1476328125 0.5230562060889931 0.080421875 0.0997423887587822
0 0.258578125 0.5029859484777518 0.05115625 0.06002341920374707
0 0.9694296875000001 0.3829508196721311 0.061140625000000004 0.04042154566744731
3 0.5303203125 0.7873067915690867 0.019234375 0.032646370023419205
3 0.5495078125 0.7990749414519908 0.020734375 0.03412177985948478
3 0.5036015625 0.740983606557377 0.022421875 0.030538641686182668
1 0.48028125 0.6915339578454331 0.016875 0.03430913348946136
1 0.1557421875 0.872622950819672 0.024859375 0.041405152224824354
1 0.0801015625 0.7608079625292741 0.026765624999999998 0.03079625292740047
1 0.2567734375 0.7842271662763466 0.5135156249999999 0.4064871194379391
0 0.9451875 0.3509718969555035 0.03328125 0.015807962529274005
0 0.971078125 0.4378454332552693 0.043437500000000004 0.04594847775175644
1 0.5728828125 0.7387822014051522 0.018203125 0.03114754098360656
3 0.5358750000000001 0.7694379391100702 0.024125 0.027915690866510537
3 0.5452812499999999 0.7393091334894614 0.027437499999999997 0.0368384074941452
3 0.5553671875 0.7568149882903981 0.018359375 0.027540983606557375
3 0.49718750000000006 0.7891920374707259 0.021406249999999998 0.030000000000000002
3 0.542765625 0.6920257611241216 0.0168125 0.02297423887587822
3 0.5918984375 0.7768852459016394 0.018734375 0.02271662763466042
3 0.5218281250000001 0.681288056206089 0.032968750000000005 0.04533957845433255
3 0.5163671875 0.6394730679156909 0.021046875 0.024285714285714285
3 0.49578125 0.764648711943794 0.01934375 0.0285480093676815
3 0.621875 0.5878220140515222 0.434375 0.6978922716627635