1 0.23891100702576112 0.771671875 0.47782201405152225 0.15603125
0 0.588911007025761 0.581375 0.2985245901639344 0.14734375
0 0.705632318501171 0.8909453125000001 0.4614285714285714 0.21573437499999998
0 0.33147540983606555 0.5041484375 0.2564871194379391 0.142359375
0 0.44857142857142857 0.356046875 0.11765807962529275 0.058687500000000004
0 0.41079625292740046 0.3506796875 0.05161592505854801 0.007765625
0 0.2810304449648712 0.3839140625 0.12430913348946135 0.079421875
0 0.20762295081967214 0.31760937499999997 0.10625292740046838 0.05600000000000001
0 0.19029274004683844 0.29265624999999995 0.07557377049180329 0.039468750000000004
0 0.2559016393442623 0.34338281249999997 0.15428571428571428 0.046484375
0 0.3644379391100703 0.3339375 0.05149882903981264 0.0320625
1 0.1380327868852459 0.47349218750000005 0.049274004683840744 0.043109375
1 0.2652107728337237 0.4433984375000001 0.08156908665105386 0.045859375
0 0.1414871194379391 0.25661718749999995 0.06166276346604215 0.032921875
1 0.21722482435597193 0.6777656249999999 0.10587822014051522 0.03696875
1 0.04112412177985948 0.6720078125 0.05395784543325527 0.043046875
1 0.09669789227166276 0.6816484375 0.1933957845433255 0.059328124999999995
1 0.08593676814988291 0.4784296875 0.04981264637002342 0.040515625
1 0.11278688524590164 0.4537890625 0.050866510538641684 0.035515625
1 0.03677985948477752 0.47465625000000006 0.05159250585480094 0.0366875
1 0.07749414519906324 0.4147578125 0.04721311475409836 0.034734375
1 0.1706791569086651 0.42699218749999995 0.09105386416861827 0.054328125000000005
3 0.2767447306791569 0.48394531249999995 0.07817330210772834 0.035421875000000005
3 0.30745901639344264 0.46687500000000004 0.04039812646370024 0.03765625
3 0.20224824355971902 0.4628984375 0.07826697892271663 0.047453125
3 0.19844262295081966 0.7126484375 0.20072599531615923 0.112328125