5 0.73975 0.7429731993299833 0.09734374999999999 0.13003350083752094
5 0.655046875 0.6451591289782245 0.06440625 0.10167504187604691
5 0.692296875 0.830460636515913 0.06728125 0.14427135678391959
5 0.6531875 0.8442211055276382 0.045625 0.13400335008375208
5 0.8447734375 0.8112311557788945 0.062890625 0.12584589614740369
5 0.779890625 0.700460636515913 0.11796875 0.10303182579564489
5 0.7843203125 0.8560217755443886 0.088453125 0.11790619765494137
5 0.8183984375 0.6530988274706867 0.06073437499999999 0.06144053601340033
5 0.6952499999999999 0.7426046901172529 0.059187500000000004 0.10819095477386935
5 0.7854609375 0.7605108877721942 0.06401562499999999 0.1159966499162479
5 0.8395312500000001 0.8875293132328308 0.04603125 0.04155778894472362
5 0.7910625 0.630896147403685 0.09490625 0.07462311557788945