4 0.61478 0.10977380952380954 0.07476000000000001 0.10307142857142856
4 0.68508 0.38173809523809527 0.0912 0.13790476190476192
4 0.60139 0.4184880952380952 0.05142 0.04645238095238095
5 0.8322099999999999 0.28672619047619047 0.07106 0.06607142857142857
4 0.76063 0.3774761904761905 0.09918 0.12628571428571428
4 0.71218 0.1336190476190476 0.05672 0.05714285714285714
4 0.50103 0.18191666666666667 0.05274 0.060690476190476184
4 0.5319400000000001 0.3658809523809524 0.08464 0.12285714285714286
4 0.49317 0.26504761904761903 0.06562 0.05952380952380952
5 0.76751 0.28948809523809527 0.02854 0.052071428571428574
5 0.55586 0.14833333333333332 0.0518 0.040523809523809524