4 0.5908699999999999 0.07736111111111112 0.12638 0.15472222222222223
4 0.48202 0.07611111111111112 0.13844 0.15222222222222223
4 0.33559999999999995 0.3827777777777778 0.13191999999999998 0.23265432098765432
4 0.81255 0.6994444444444444 0.20386 0.3595679012345679
4 0.32837 0.8696604938271605 0.12378 0.14833333333333334
5 0.36410000000000003 0.19510802469135805 0.21832 0.14305555555555555
5 0.45785000000000003 0.40620370370370373 0.14722 0.1962962962962963
5 0.11413 0.19472222222222224 0.09298000000000001 0.12969135802469137
5 0.19271000000000002 0.8262345679012345 0.1389 0.21314814814814814
5 0.61087 0.4561882716049383 0.08009999999999999 0.10787037037037038
5 0.72226 0.9067438271604937 0.15144 0.13706790123456788
5 0.7863300000000001 0.5629166666666666 0.08446 0.11910493827160495
5 0.93245 0.6220987654320987 0.05514 0.26117283950617287
5 0.97775 0.3617592592592592 0.0445 0.09
5 0.92644 0.8913271604938272 0.14712 0.18969135802469136
5 0.38892999999999994 0.06567901234567902 0.0683 0.10771604938271605
5 0.887 0.7986882716049382 0.10436 0.1168827160493827
5 0.4 0.5061728395061729 0.8 0.9814814814814815