8 0.55196875 0.6202187499999999 0.07584375 0.1438125
8 0.7123984375 0.16403125 0.189234375 0.13285416666666666
8 0.713 0.24215625 0.18834375 0.11660416666666666
8 0.8609453125 0.10132291666666668 0.136453125 0.11247916666666667
8 0.5512578125 0.2851770833333333 0.194796875 0.09477083333333333
8 0.5311328124999999 0.08477083333333332 0.15907812500000001 0.16954166666666665
8 0.6998671875 0.05355208333333333 0.150390625 0.10710416666666665
8 0.8300234375000001 0.03588541666666667 0.11864062500000001 0.0704375
8 0.9414375000000001 0.05421875 0.11625 0.09439583333333333
8 0.78515625 0.74359375 0.13118749999999998 0.18902083333333333
8 0.60784375 0.60546875 0.07703125 0.12227083333333333
8 0.5133125 0.8409166666666666 0.1149375 0.21558333333333335
8 0.2986875 0.18343750000000003 0.16484375 0.11054166666666668
8 0.51171875 0.5208333333333334 0.9734375 0.9458333333333333