3 0.33799999999999997 0.9513999999999999 0.14190624999999998 0.09649411764705881
3 0.19542187500000002 0.9695882352941176 0.039 0.04021176470588235
3 0.13392187500000002 0.968764705882353 0.04021875 0.056447058823529406
3 0.2136640625 0.9567529411764706 0.133328125 0.08588235294117647
0 0.1924296875 0.5956588235294118 0.139828125 0.08552941176470588
0 0.21534375 0.603635294117647 0.0368125 0.037858823529411764
0 0.24207031249999997 0.5917176470588235 0.026796874999999998 0.04075294117647059
0 0.265515625 0.5728470588235294 0.039875 0.028941176470588238
0 0.2682265625 0.6011411764705882 0.033296875 0.03447058823529412
0 0.30518750000000006 0.5965764705882354 0.0384375 0.04214117647058824
0 0.32475 0.5943411764705883 0.039875 0.039599999999999996
0 0.3241171875 0.6917294117647059 0.039921875 0.029905882352941178
0 0.22749999999999998 0.6087176470588235 0.07184375 0.0704235294117647
0 0.294046875 0.7151411764705883 0.03278125 0.030329411764705883
0 0.3126953125 0.6967882352941176 0.039984375 0.028635294117647057
0 0.23890625000000001 0.7168235294117646 0.05 0.030023529411764706
0 0.2622890625 0.6964470588235294 0.037546875 0.03868235294117647
0 0.21953125 0.74 0.2203125 0.12470588235294118