8 0.19358593750000003 0.3880023364485981 0.19332812500000002 0.20609813084112147
8 0.11502343750000002 0.5723364485981308 0.22698437500000002 0.2631308411214953
8 0.094125 0.8016939252336449 0.18825 0.23357476635514018
8 0.8299921874999999 0.5706892523364486 0.24879687499999997 0.25086448598130845
8 0.3652578125 0.38514018691588786 0.164171875 0.24098130841121496
8 0.8524062499999999 0.7988785046728972 0.2951875 0.28990654205607475
8 0.353203125 0.7770210280373832 0.45034375000000004 0.2882943925233645
8 0.326859375 0.6209813084112149 0.3711875 0.32135514018691586
8 0.5520390625 0.3517172897196262 0.279859375 0.23605140186915888
8 0.7752343749999999 0.3899415887850467 0.20456249999999998 0.2017523364485981
8 0.589796875 0.5348714953271028 0.27087500000000003 0.2871261682242991