1 0.45035000000000003 0.7963866666666666 0.0861 0.11266666666666666
1 0.49655 0.7272533333333334 0.0885 0.1144
1 0.52385 0.6723066666666666 0.059539999999999996 0.07421333333333333
1 0.5525800000000001 0.6216133333333334 0.07592 0.10120000000000001
1 0.39127 0.7404133333333334 0.08802 0.11735999999999999
1 0.30843 0.7674133333333333 0.09437999999999999 0.11013333333333332
1 0.17937999999999998 0.7474000000000001 0.08052 0.09885333333333333
1 0.36266000000000004 0.64416 0.07872 0.11237333333333334
1 0.25157 0.64964 0.07254000000000001 0.07986666666666667
1 0.10787000000000001 0.7146 0.06742000000000001 0.10786666666666668
1 0.32079 0.68828 0.07673999999999999 0.08450666666666667
1 0.25066 0.71488 0.06936 0.10736
1 0.32888 0.6864133333333332 0.5267200000000001 0.34680000000000005
1 0.531 0.64 0.902 0.704