1 0.7972800000000001 0.93632 0.03264 0.038239999999999996
1 0.82008 0.9140933333333334 0.0342 0.039920000000000004
1 0.8934099999999999 0.9187733333333334 0.02634 0.041973333333333335
1 0.91973 0.88472 0.02174 0.03776
3 0.5591499999999999 0.8321199999999999 0.0161 0.024133333333333336
3 0.55975 0.8502533333333333 0.011619999999999998 0.014426666666666667
3 0.5695699999999999 0.8596666666666667 0.028300000000000002 0.04008
3 0.5318999999999999 0.8071999999999999 0.01604 0.021386666666666665
3 0.51466 0.85104 0.02312 0.03408
0 0.51075 0.4865333333333333 0.02234 0.0472
0 0.53728 0.48924 0.036719999999999996 0.050159999999999996
0 0.55836 0.4898 0.02152 0.046106666666666664
0 0.57394 0.4928533333333333 0.0332 0.04682666666666666
0 0.6222799999999999 0.4974266666666667 0.02044 0.046053333333333335
0 0.71131 0.49516 0.0341 0.04887999999999999
0 0.7331599999999999 0.49989333333333336 0.015560000000000001 0.05210666666666666
0 0.48319 0.4893733333333334 0.03678 0.05229333333333333
0 0.75751 0.49829333333333337 0.0115 0.049813333333333334
0 0.59311 0.49057333333333336 0.0405 0.05261333333333333
0 0.63857 0.49860000000000004 0.026019999999999998 0.05042666666666667
1 0.22753000000000004 0.8020266666666667 0.0799 0.03541333333333333
1 0.84987 0.9530666666666666 0.0281 0.042133333333333335
1 0.8118500000000001 0.9721333333333334 0.0925 0.05573333333333333
1 0.868 0.9448133333333334 0.02752 0.048293333333333334
3 0.92537 0.8060133333333334 0.08922 0.03570666666666667
3 0.45091000000000003 0.64036 0.013699999999999999 0.010960000000000001
3 0.4772 0.6667866666666667 0.0584 0.04509333333333333
0 0.67974 0.50124 0.026600000000000002 0.05346666666666667
1 0.9132899999999999 0.91444 0.0155 0.02952
1 0.11674 0.86612 0.10188 0.07336000000000001
1 0.95079 0.91312 0.037939999999999995 0.04496
1 0.8687999999999999 0.8500933333333334 0.11056 0.05
3 0.92041 0.9591333333333334 0.02578 0.02872
3 0.26971999999999996 0.7606 0.07404000000000001 0.03896
3 0.38477999999999996 0.7596133333333334 0.05028 0.03122666666666667
0 0.66116 0.4986933333333333 0.02832 0.04501333333333333
1 0.9004300000000001 0.8898133333333333 0.02166 0.04069333333333333
0 0.515 0.512 0.39 0.08533333333333333