4 0.5732109375000001 0.26878220140515224 0.259984375 0.46243559718969557
4 0.40345312499999997 0.24941451990632318 0.14128125 0.17882903981264636
4 0.2951328125 0.3729391100702576 0.147578125 0.24236533957845433
4 0.1726875 0.5013348946135832 0.23234375 0.4235128805620609
4 0.8084765624999999 0.4564754098360656 0.26373437499999997 0.4141217798594848
4 0.41875 0.7449648711943795 0.34375 0.2576112412177986
4 0.6695390625 0.5988290398126465 0.136578125 0.18117096018735362
4 0.2888515625 0.19309133489461355 0.229203125 0.2305854800936768
4 0.395453125 0.46385245901639344 0.25215624999999997 0.2840515222482436
4 0.378671875 0.6328805620608899 0.29453125 0.33559718969555036
4 0.6829296874999999 0.18763466042154567 0.175421875 0.3123653395784543