0 0.034765625 0.44240046838407493 0.06659375 0.28714285714285714
0 0.18546875 0.3878337236533958 0.016625 0.04325526932084309
0 0.362984375 0.49051522248243556 0.0165 0.03723653395784544
0 0.34309375 0.29124121779859485 0.016843749999999998 0.02875878220140515
0 0.4250859375 0.45692037470726 0.039046874999999995 0.060866510538641685
0 0.336359375 0.5934192037470727 0.07871875 0.08824355971896955
0 0.316828125 0.5060304449648713 0.01903125 0.0485480093676815
0 0.5336015625 0.41375878220140516 0.039703125 0.06058548009367682
0 0.5785234375 0.6878220140515222 0.090140625 0.10665105386416862
0 0.3166875 0.43788056206089 0.01909375 0.040491803278688523
0 0.7365078125 0.4591217798594848 0.021484375 0.11074941451990632
0 0.36067187500000003 0.5393911007025761 0.009375 0.023512880562060887
0 0.1946015625 0.35806791569086655 0.079921875 0.072903981264637
0 0.521875 0.44730679156908665 0.771875 0.5667447306791569