7 0.8030104166666666 0.7484062499999999 0.2596041666666667 0.12368749999999999
7 0.3731875 0.7978828124999999 0.345625 0.177046875
7 0.2664479166666667 0.6465703125 0.27927083333333336 0.120828125
7 0.5719583333333333 0.3431328125 0.2779166666666667 0.060671875
7 0.5795625 0.38807031249999996 0.29920833333333335 0.058046875
7 0.5644583333333333 0.41392187500000005 0.2672916666666667 0.04009375
7 0.5764166666666667 0.5348984375000001 0.24954166666666666 0.060671875
7 0.5667083333333333 0.59421875 0.2475 0.0685625
7 0.5780833333333334 0.4740937499999999 0.28529166666666667 0.060812500000000005
7 0.5786666666666667 0.6358359375 0.2690416666666666 0.051171875
7 0.5832916666666667 0.6668671875000001 0.18825 0.027578125