4 0.4911171875 0.18940711462450593 0.625046875 0.3505928853754941
5 0.842359375 0.4361462450592885 0.17840625000000002 0.19308300395256917
5 0.823828125 0.3752766798418972 0.1849375 0.19683794466403162
5 0.8881874999999999 0.3999604743083004 0.185125 0.08845849802371542
5 0.7068828125 0.472796442687747 0.058671875 0.19875494071146244
5 0.6480234374999999 0.41265810276679843 0.063359375 0.11685770750988143
5 0.7487656250000001 0.3952865612648221 0.094875 0.19764822134387353
5 0.924203125 0.5695652173913043 0.0288125 0.02592885375494071
5 0.7515859375 0.47506916996047427 0.049296875000000004 0.07013833992094862
5 0.9546718750000001 0.47210474308300393 0.08715625 0.09337944664031621
5 0.865484375 0.42763833992094863 0.10746875 0.06828063241106719
5 0.6702265625 0.44329051383399204 0.034703125 0.07365612648221344
3 0.6600937499999999 0.8179743083003953 0.14650000000000002 0.1992687747035573