8 0.8334543325526932 0.8288828125000001 0.09908665105386417 0.06448437500000001
8 0.8102107728337236 0.8164921875 0.1132552693208431 0.079390625
8 0.7977985948477752 0.872984375 0.11517564402810304 0.02371875
8 0.6982669789227166 0.8425546875000001 0.1247775175644028 0.069109375
8 0.5850117096018735 0.8436328124999999 0.08608899297423887 0.043890625
8 0.537599531615925 0.8282031249999999 0.06634660421545667 0.04371875
8 0.6595316159250586 0.821203125 0.09531615925058548 0.05040625
8 0.7107142857142857 0.7926796875 0.10156908665105385 0.045171875
8 0.31695550351288054 0.8547031250000001 0.11831381733021078 0.03771875
8 0.4192154566744731 0.8495156250000001 0.09833723653395784 0.03965625
8 0.5650351288056206 0.8382343750000001 0.09063231850117097 0.03975
8 0.4173419203747073 0.8143125 0.04386416861826698 0.0320625
8 0.6650819672131147 0.8623046875 0.10810304449648711 0.040484375
8 0.32084309133489464 0.80078125 0.15456674473067916 0.0984375