0 0.43042968749999994 0.9081041666666666 0.032703125 0.0485
1 0.37249999999999994 0.9931458333333334 0.031875 0.013708333333333333
3 0.3304609375 0.915625 0.037421875 0.043125
7 0.46888281249999997 0.6514687499999999 0.039265625 0.02322916666666667
7 0.5713984375 0.6400208333333333 0.041453125 0.021374999999999998
0 0.39879687500000005 0.9033125 0.02525 0.057125
0 0.44974218750000006 0.93371875 0.041953125 0.051895833333333335
3 0.3513984375 0.877875 0.038453125 0.043875
3 0.32821875 0.91909375 0.1251875 0.13114583333333335
7 0.45746093749999994 0.5764375 0.036921875 0.023208333333333334
1 0.4280390625 0.9686145833333334 0.033671875000000004 0.035187500000000003
1 0.365546875 0.9631979166666667 0.03821875 0.051270833333333335
1 0.412984375 0.9519479166666667 0.03896875 0.0545625
1 0.336359375 0.98678125 0.03690625 0.024104166666666666
1 0.418453125 0.8965833333333334 0.03703125 0.051958333333333336
1 0.391890625 0.9587916666666667 0.01796875 0.03166666666666666
1 0.47895312500000004 0.9412395833333334 0.0239375 0.021270833333333336
1 0.39167968750000004 0.98709375 0.029640624999999997 0.025812500000000002
1 0.45758593750000004 0.9265520833333334 0.008515625 0.0133125
7 0.646796875 0.5349687500000001 0.057343750000000006 0.0225625
7 0.58084375 0.526 0.025437500000000002 0.016958333333333336
7 0.10221093750000002 0.5066458333333334 0.035796875 0.03345833333333333
0 0.45339062500000005 0.9219583333333332 0.018312500000000002 0.039625
7 0.8049531249999999 0.5164791666666667 0.031625 0.015958333333333335