8 0.35086718749999996 0.7445411764705883 0.180984375 0.2048941176470588
8 0.4387890625 0.6222352941176472 0.14420312500000002 0.16042352941176471
8 0.1270703125 0.5492705882352941 0.142234375 0.14051764705882352
8 0.0925234375 0.4128 0.134296875 0.13934117647058825
8 0.20908593749999999 0.48227058823529406 0.135078125 0.15390588235294117
8 0.31378125 0.5625176470588236 0.14175 0.1655058823529412
8 0.50490625 0.555635294117647 0.15003125 0.1593176470588235
8 0.3778515625 0.4845764705882353 0.13670312499999998 0.1671294117647059
8 0.28125 0.4126470588235294 0.1285625 0.15616470588235296
8 0.17883593750000001 0.35654117647058825 0.129859375 0.1400470588235294
8 0.039070312499999996 0.48384705882352946 0.07764062499999999 0.1615764705882353
8 0.22757812500000002 0.6702705882352942 0.156 0.20303529411764706
8 0.2403828125 0.8723882352941176 0.186765625 0.22656470588235295