4 0.8154843749999999 0.7071145833333333 0.09471874999999999 0.11527083333333334
5 0.45528124999999997 0.5596875 0.06737499999999999 0.06520833333333334
5 0.6694218749999999 0.43828125 0.06434375 0.06714583333333332
5 0.361859375 0.587875 0.08981249999999999 0.06045833333333333
5 0.34478125 0.5189583333333333 0.047531250000000004 0.080875
5 0.6015703125 0.5697499999999999 0.057296875000000004 0.06779166666666667
5 0.6920234375 0.36711458333333336 0.019921875 0.03827083333333334
5 0.4376796875 0.75278125 0.036390624999999996 0.10972916666666667
4 0.87715625 0.28792708333333333 0.062875 0.11427083333333334
5 0.5524921875 0.8559166666666668 0.049265625 0.04545833333333334
5 0.4938671875000001 0.6420312499999999 0.024921875 0.03889583333333334