1 0.42894531249999995 0.6404270833333334 0.017234375 0.02002083333333333
1 0.47415625000000006 0.66609375 0.012843750000000001 0.014979166666666667
1 0.07240624999999999 0.6392083333333333 0.00840625 0.0115
1 0.11126562499999999 0.6391041666666666 0.0460625 0.03204166666666667
1 0.425125 0.6890208333333334 0.02853125 0.016874999999999998
1 0.45025781249999997 0.6554583333333334 0.018203125 0.01933333333333333
1 0.40353125 0.6728854166666667 0.0155 0.0168125
1 0.3750703125 0.6758541666666668 0.014953125000000001 0.014333333333333333
1 0.40686718749999995 0.6606145833333332 0.099859375 0.06022916666666667
1 0.1559609375 0.6319895833333333 0.07810937500000001 0.023104166666666665
1 0.060140625 0.6392708333333333 0.010499999999999999 0.008291666666666666