1 0.697875 0.5858313817330211 0.021593750000000002 0.02323185011709602
1 0.6511953125 0.5835245901639344 0.123390625 0.06428571428571428
3 0.4870078125 0.7317213114754099 0.090109375 0.05360655737704918
3 0.7604921875 0.6868032786885245 0.020421875 0.02756440281030445
3 0.712796875 0.7129625292740047 0.0238125 0.03018735362997658
3 0.7467265625 0.7173067915690866 0.145828125 0.07704918032786885
3 0.5253671875 0.7055854800936767 0.026171875 0.04423887587822014
3 0.566859375 0.7207962529274003 0.0873125 0.08182669789227166
1 0.824078125 0.5999297423887588 0.02584375 0.030210772833723653
1 0.8563515624999999 0.577400468384075 0.025078125 0.031709601873536296
1 0.7724765625 0.5708665105386417 0.127515625 0.08548009367681499
1 0.8790390625000001 0.574344262295082 0.023046875 0.034215456674473066
1 0.9846874999999999 0.5978337236533957 0.022 0.023770491803278688