0 0.40196875 0.7926979166666667 0.37246875 0.38877083333333334
0 0.6379140624999999 0.5134895833333333 0.31179687500000003 0.38877083333333334
0 0.459265625 0.17079166666666667 0.3016875 0.33708333333333335
0 0.3024453125 0.27523958333333337 0.29898437499999997 0.36522916666666666
0 0.17359375 0.38890625 0.30674999999999997 0.4134791666666667
0 0.76525 0.36646875 0.28903124999999996 0.34922916666666665
0 0.8950703125 0.25609374999999995 0.20985937500000001 0.33518749999999997
0 0.9204062499999999 0.8463020833333332 0.15918749999999998 0.28027083333333336
0 0.085765625 0.5346458333333334 0.16815625 0.27579166666666666
0 0.7255625 0.07471875 0.29493749999999996 0.1393125
0 0.7744921875 0.8873854166666667 0.255078125 0.2004375
0 0.54253125 0.70259375 0.29025 0.4337708333333333
0 0.22624218749999997 0.9376770833333334 0.167796875 0.12464583333333333
0 0.49921875 0.49895833333333334 0.9984375 0.9979166666666667