0 0.17181249999999998 0.865868544600939 0.19971875 0.2682629107981221
0 0.393390625 0.5081103286384976 0.11684375 0.17551643192488262
0 0.2944453125 0.8658802816901409 0.194203125 0.24471830985915494
0 0.2912109375 0.5554225352112676 0.481953125 0.41272300469483564
3 0.26986718749999994 0.25630281690140844 0.040859374999999996 0.043309859154929575
3 0.26166406249999996 0.2992723004694836 0.038421875 0.06366197183098592
3 0.2920234375 0.23778169014084508 0.027296874999999998 0.031384976525821597
0 0.548265625 0.4972887323943663 0.07503125000000001 0.19284037558685446
0 0.5315859375 0.3189553990610329 0.081234375 0.10636150234741784
0 0.614171875 0.26916666666666667 0.06925 0.09762910798122067
0 0.414375 0.2904107981220657 0.06815625 0.0965962441314554
0 0.4510546875 0.31605633802816896 0.06576562500000001 0.10835680751173708
0 0.3983828125 0.36835680751173705 0.041203125 0.08206572769953052
3 0.110375 0.4490610328638498 0.22075 0.19938967136150235
3 0.307390625 0.24753521126760564 0.03478125 0.03624413145539906