8 0.68528125 0.4103020833333334 0.05515625 0.10347916666666666
9 0.22740625000000003 0.3999583333333333 0.12015625 0.14858333333333332
9 0.3817421875 0.41011458333333334 0.10279687500000001 0.15506250000000002
9 0.3157421875 0.75003125 0.076890625 0.12777083333333333
9 0.1686484375 0.7061041666666666 0.078421875 0.08195833333333334
9 0.39190625 0.7469270833333332 0.0899375 0.08627083333333332
9 0.1143515625 0.38453125 0.11770312499999999 0.14127083333333335
8 0.63509375 0.36865624999999996 0.045875 0.04627083333333334
8 0.722609375 0.4480833333333333 0.05225 0.06308333333333334
8 0.6973281250000001 0.3765 0.04025 0.07125000000000001
8 0.6513203125 0.42154166666666665 0.050671875 0.08420833333333334
8 0.726328125 0.39031250000000006 0.026687499999999996 0.06675
8 0.555578125 0.4309583333333334 0.06096875 0.06041666666666667
9 0.30025 0.37821875000000005 0.0953125 0.1431875
9 0.24083593749999999 0.7218020833333334 0.083234375 0.0898125
9 0.03546875 0.3373229166666667 0.0709375 0.12535416666666668
9 0.7139921875 0.7126041666666667 0.091546875 0.10170833333333333
9 0.3822890625 0.6709374999999999 0.07179687500000001 0.05608333333333334
9 0.27240625 0.924875 0.10821875 0.08254166666666667
6 0.23179687499999999 0.12629166666666666 0.07021875 0.09608333333333333
9 0.7751953125 0.6711354166666667 0.053421874999999994 0.09722916666666667
9 0.40546875 0.6354166666666666 0.6953125 0.6833333333333333