4 0.6389542483660131 0.46635620915032683 0.12839869281045752 0.13526143790849673
4 0.4408333333333333 0.2640196078431372 0.16013071895424835 0.18274509803921568
5 0.48487745098039214 0.6630392156862744 0.17341503267973857 0.11120915032679739
4 0.7521486928104575 0.5620669934640523 0.11151960784313726 0.07825163398692811
4 0.8595506535947713 0.8134885620915033 0.12361111111111112 0.18426470588235294
4 0.9250898692810459 0.08753267973856209 0.07544117647058823 0.0815359477124183
4 0.6073120915032679 0.06238562091503268 0.09524509803921569 0.07205882352941177
5 0.6975898692810457 0.22328431372549015 0.10014705882352941 0.1476797385620915
5 0.2912173202614379 0.4285539215686274 0.12926470588235295 0.10645424836601308
5 0.39561274509803923 0.4788480392156863 0.26119281045751636 0.29890522875816994
5 0.7120588235294119 0.6640032679738562 0.16823529411764704 0.1126797385620915
5 0.2672140522875817 0.37370915032679736 0.2105392156862745 0.1946732026143791
5 0.5931862745098039 0.2179003267973856 0.18307189542483662 0.1928921568627451
5 0.2220751633986928 0.24415849673202616 0.16362745098039216 0.09870915032679738
5 0.7858496732026143 0.4613725490196079 0.28856209150326795 0.2381045751633987
5 0.6116911764705882 0.8194771241830066 0.12727124183006536 0.16362745098039216
5 0.7747712418300653 0.7744281045751634 0.11980392156862744 0.19820261437908496
5 0.8610702614379085 0.1729248366013072 0.06965686274509804 0.17993464052287583
5 0.4934640522875817 0.5040849673202614 0.9509803921568627 0.9722222222222222