8 0.3066015625 0.4202224824355972 0.166421875 0.21571428571428572
8 0.711515625 0.6306323185011709 0.17281249999999998 0.2837939110070258
8 0.1735625 0.38851288056206085 0.12171875000000001 0.17791569086651055
8 0.310296875 0.2376112412177986 0.15778125 0.16440281030444964
8 0.8411093749999999 0.870784543325527 0.12593749999999998 0.15505854800936766
8 0.711421875 0.8376346604215457 0.14896875 0.15400468384074942
8 0.311546875 0.6087939110070258 0.11225 0.18836065573770494
8 0.5146640625 0.747751756440281 0.232921875 0.28604215456674476
8 0.23352343750000001 0.8522833723653395 0.24079687500000002 0.13857142857142857
8 0.8967421875000001 0.6260772833723655 0.184203125 0.26569086651053864
8 0.943546875 0.8247775175644029 0.11290625000000001 0.18950819672131147
8 0.19071875 0.6355620608899297 0.14040625 0.2979625292740047