0 0.46665624999999994 0.5887708333333334 0.081125 0.059875
0 0.36170312499999996 0.6539479166666666 0.076 0.10260416666666666
0 0.2049375 0.5843541666666667 0.025875 0.034833333333333334
0 0.1725390625 0.6733958333333333 0.079515625 0.062875
0 0.07525781250000001 0.7194166666666667 0.034484375 0.017875
0 0.2665625 0.7386041666666666 0.08996875 0.078125
0 0.25071875 0.6727916666666667 0.097875 0.06570833333333333
0 0.29265625 0.5096041666666667 0.04625 0.06104166666666667
0 0.2507578125 0.46677083333333336 0.066859375 0.04675
0 0.3964921875 0.6001770833333334 0.032953125 0.05872916666666667
0 0.2734765625 0.6043229166666666 0.054109375 0.049562499999999995
0 0.2021953125 0.6304062500000001 0.060203125 0.05202083333333333
0 0.19346875 0.77471875 0.07903125 0.16293749999999999
0 0.4734375 0.696875 0.94375 0.5520833333333334