1 0.671875 0.8960187353629977 0.275 0.18501170960187355
1 0.5420624999999999 0.8343793911007025 0.23325 0.33124121779859483
1 0.9010312500000002 0.9587822014051524 0.19793750000000002 0.08243559718969555
3 0.11643750000000001 0.6900234192037472 0.12934375 0.14538641686182668
3 0.676609375 0.41412177985948473 0.14128125 0.19292740046838405
3 0.570171875 0.3984192037470726 0.11940625 0.14765807962529273
3 0.0269296875 0.7266861826697891 0.053859375 0.16817330210772835
3 0.0374765625 0.6116978922716627 0.074953125 0.033278688524590164
3 0.109171875 0.621791569086651 0.11878124999999999 0.06063231850117096
3 0.420703125 0.4378454332552693 0.10049999999999999 0.11639344262295083
3 0.517953125 0.3766510538641686 0.12115625000000001 0.174847775175644
3 0.6310546875 0.29019906323185013 0.115578125 0.1381030444964871
3 0.21449218750000001 0.5643559718969555 0.12157812500000001 0.12388758782201405
3 0.0280078125 0.6408548009367683 0.056015625 0.04381733021077284