2 0.32623437499999997 0.42153125 0.5246562499999999 0.24214583333333334
2 0.72246875 0.33665625 0.20196874999999997 0.35593749999999996
2 0.34635156250000004 0.16405208333333335 0.48032812500000005 0.12135416666666667
1 0.7179375 0.7825833333333333 0.23374999999999999 0.22
1 0.721703125 0.652125 0.23703124999999997 0.20283333333333334
1 0.7103906249999999 0.8853958333333334 0.22078125 0.15729166666666666
5 0.5010156250000001 0.7926666666666667 0.057374999999999995 0.273625
5 0.1786484375 0.7786458333333334 0.084265625 0.294375
5 0.1222734375 0.7632187500000001 0.05645312500000001 0.2671458333333333
5 0.5229921875000001 0.75196875 0.050921875000000005 0.2523958333333333
5 0.319109375 0.78540625 0.0885 0.24872916666666667
5 0.3932109375 0.693625 0.032921875 0.129375
5 0.3730546875 0.7758333333333334 0.095453125 0.24416666666666667
5 0.20958593750000004 0.6856145833333334 0.035796875 0.09860416666666666
2 0.3416953125 0.2609375 0.523484375 0.14125