4 0.39771000000000006 0.743978978978979 0.09345999999999999 0.16795795795795795
4 0.7347899999999999 0.661036036036036 0.21262 0.37324324324324326
4 0.7366900000000001 0.3962312312312312 0.13194 0.16507507507507507
4 0.50268 0.3248198198198198 0.089 0.1287987987987988
4 0.57668 0.3164714714714714 0.15672 0.18117117117117115
4 0.42298 0.4206306306306306 0.14612 0.1684084084084084
4 0.55151 0.6213513513513513 0.16313999999999998 0.18204204204204202
4 0.7101799999999999 0.31433933933933933 0.04836 0.021471471471471472
4 0.39009 0.590915915915916 0.15741999999999998 0.2155855855855856
4 0.51275 0.7340840840840841 0.26294 0.38222222222222224
4 0.53628 0.6834384384384384 0.12716 0.18657657657657659