52 0.158546875 0.3962708333333333 0.13087500000000002 0.21370833333333333
52 0.274703125 0.37737499999999996 0.12746875 0.17370833333333333
52 0.6753515625000001 0.6783125000000001 0.14935937500000002 0.245
52 0.43483593750000005 0.5685416666666666 0.141578125 0.292125
52 0.7070234375 0.5641979166666666 0.176953125 0.31460416666666663
52 0.6585468750000001 0.3123958333333333 0.14528125 0.17870833333333333
52 0.5688203125 0.5361041666666666 0.15335937500000002 0.2584166666666667
52 0.5318515625 0.7170833333333333 0.137546875 0.15045833333333333
52 0.392671875 0.6273125 0.16565625 0.26675
52 0.8495859375 0.31795833333333334 0.163453125 0.203125
52 0.133140625 0.52209375 0.12809375 0.12360416666666667
52 0.25308593749999997 0.4961979166666666 0.10204687500000001 0.10602083333333333
55 0.8295625 0.21132291666666667 0.259625 0.14052083333333334
52 0.3555703125 0.43423958333333335 0.10492187500000001 0.20464583333333333
52 0.54140625 0.33229166666666665 0.7859375 0.49375