51 0.5039166666666667 0.1755859375 0.1565 0.351171875
51 0.4360625 0.4574453125 0.13758333333333334 0.056203125
51 0.2515104166666667 0.115015625 0.12510416666666666 0.10978125000000001
51 0.6562291666666666 0.203453125 0.06862499999999999 0.07784375
51 0.4570729166666666 0.0611796875 0.09939583333333334 0.110984375
51 0.36092708333333334 0.11878125000000002 0.08947916666666668 0.04475
51 0.07777083333333333 0.36282812499999995 0.15554166666666666 0.13928125
51 0.10814583333333333 0.4019375 0.21629166666666666 0.1549375
51 0.085 0.54690625 0.16912500000000003 0.058750000000000004
51 0.2995104166666666 0.5590546875 0.5738541666666667 0.173046875
51 0.26784375 0.4966875 0.31943750000000004 0.06265625
51 0.6077916666666667 0.41558593750000006 0.19741666666666668 0.119484375