55 0.5261267605633803 0.6307421875 0.17830985915492956 0.07095312499999999
55 0.6452230046948357 0.8332421875 0.0666431924882629 0.046203125
55 0.5836267605633803 0.8354999999999999 0.0589906103286385 0.0376875
55 0.9605399061032864 0.7321093750000001 0.045539906103286384 0.029343750000000002
55 0.43712441314553985 0.8181875 0.06110328638497653 0.0390625
55 0.6139553990610329 0.7971171874999999 0.05091549295774648 0.022328124999999997
55 0.5039436619718309 0.8433124999999999 0.06300469483568075 0.03371875
55 0.8930046948356807 0.7947265625 0.05413145539906103 0.029140624999999996
55 0.8220305164319249 0.81765625 0.057159624413145545 0.030593749999999996
55 0.44442488262910795 0.83675 0.07147887323943662 0.040531250000000005
55 0.547018779342723 0.8159375000000001 0.0604225352112676 0.02296875
55 0.521643192488263 0.7399765625 0.05460093896713615 0.035640624999999995
55 0.5091666666666667 0.7187734375 0.057300469483568074 0.031984374999999995
55 0.5046948356807511 0.63984375 0.9859154929577465 0.5296875