46 0.8806484375 0.8573014018691589 0.237453125 0.26292056074766357
46 0.7799140625 0.6097897196261682 0.133390625 0.1622429906542056
46 0.4909375000000001 0.7443107476635512 0.12903125 0.1905841121495327
46 0.8156796875 0.45278037383177566 0.131234375 0.09752336448598131
46 0.6063750000000001 0.47516355140186917 0.07334375 0.0844859813084112
46 0.5661171875 0.611214953271028 0.11095312500000001 0.14953271028037382
46 0.41365625 0.5137616822429907 0.161 0.1467289719626168
46 0.2509765625 0.6537266355140188 0.130609375 0.155303738317757
46 0.1490703125 0.6095443925233645 0.10514062500000002 0.17296728971962616
46 0.2312578125 0.5191588785046729 0.15917187500000002 0.14817757009345794
46 0.45619531250000006 0.7127336448598129 0.165640625 0.18883177570093457
49 0.1598125 0.23136682242990653 0.014343749999999999 0.014322429906542056
49 0.185015625 0.22794392523364487 0.01484375 0.016074766355140185
49 0.054007812499999995 0.2069042056074766 0.10801562499999999 0.07025700934579439
46 0.08934375 0.4463434579439252 0.1443125 0.12436915887850467
47 0.7502890625 0.36455607476635515 0.046546875 0.05616822429906542
47 0.8047890625 0.36522196261682244 0.052796875 0.05773364485981309
47 0.8567500000000001 0.35508177570093463 0.0483125 0.05441588785046729
47 0.8948359374999999 0.37810747663551403 0.051296875 0.04537383177570094
47 0.8995078125000001 0.34813084112149534 0.038921875 0.04869158878504673
47 0.8541796875000001 0.3876051401869159 0.037390625 0.02175233644859813
47 0.7763046874999999 0.33602803738317755 0.033296875 0.0394392523364486
47 0.8210859375 0.32723130841121495 0.041609375 0.03310747663551402
47 0.8815859374999999 0.326623831775701 0.034921875000000005 0.027873831775700932
49 0.13655468750000002 0.2306892523364486 0.013953125 0.013621495327102804
49 0.1500546875 0.21844626168224301 0.08742187500000001 0.048761682242990656
46 0.8353984375 0.6512032710280373 0.158421875 0.18595794392523365
47 0.8826796874999999 0.43174065420560753 0.041421875000000004 0.0583411214953271
49 0.08853124999999999 0.23260514018691586 0.01153125 0.015490654205607477
46 0.43203125 0.5245327102803738 0.8640625 0.530373831775701