54 0.41713 0.7752800000000001 0.24438 0.2651733333333333
54 0.6434500000000001 0.5952933333333333 0.23322 0.23714666666666667
54 0.8986000000000001 0.3692933333333333 0.2028 0.21346666666666667
54 0.57158 0.4529333333333333 0.1996 0.20336
54 0.7614500000000001 0.30910666666666664 0.20202 0.19688
54 0.91735 0.17598666666666668 0.1653 0.18301333333333333
54 0.34782 0.6330533333333332 0.18403999999999998 0.22786666666666666
54 0.1755 0.9080666666666668 0.24752000000000002 0.18386666666666668
54 0.15505000000000002 0.7882 0.22462000000000001 0.2520266666666667
54 0.467 0.3903466666666667 0.13952 0.1413866666666667
54 0.78894 0.15261333333333335 0.15628 0.13525333333333334
54 0.62875 0.27512000000000003 0.13313999999999998 0.14085333333333333