46 0.2770546875 0.7825104166666665 0.25764062499999996 0.34589583333333335
47 0.5852109375000001 0.31471875 0.115796875 0.14489583333333333
47 0.6158828125 0.23411458333333332 0.282359375 0.30822916666666667
49 0.8546484375000001 0.5152187500000001 0.137890625 0.18385416666666668
49 0.73959375 0.5859166666666666 0.13021875 0.16695833333333335
49 0.8100156250000001 0.7368333333333333 0.1439375 0.18795833333333334
49 0.9597890625 0.5777083333333334 0.080421875 0.13245833333333332
49 0.9725078125 0.7234375 0.054984374999999995 0.15483333333333332
51 0.36369531250000003 0.51390625 0.251734375 0.2153125
51 0.35554687500000004 0.375 0.20165625 0.092
51 0.328890625 0.45729166666666665 0.27796875 0.104625
49 0.90878125 0.8055 0.1171875 0.14245833333333333
49 0.9116796875000001 0.6651666666666666 0.12151562499999999 0.15583333333333332