46 0.2244140625 0.40593676814988294 0.142109375 0.164192037470726
46 0.9766718749999999 0.811311475409836 0.046656249999999996 0.11662763466042154
46 0.5007187500000001 0.5375058548009368 0.0811875 0.0943559718969555
46 0.6623281249999999 0.6209953161592506 0.13246875 0.2660655737704918
46 0.7531718749999999 0.5765690866510539 0.0899375 0.1273302107728337
46 0.8637265624999999 0.4256206088992974 0.019859375000000002 0.06468384074941452
46 0.08165625 0.49905152224824356 0.0473125 0.0724824355971897
46 0.9146484375 0.44926229508196724 0.038921875 0.032201405152224825
46 0.41984374999999996 0.4443911007025761 0.11865624999999999 0.18798594847775174
46 0.9169296875 0.5143911007025761 0.038484375 0.042505854800936764
46 0.2693828125 0.5678922716627635 0.217234375 0.28627634660421547
46 0.095484375 0.44175644028103045 0.02653125 0.057704918032786885
46 0.49921875 0.5187353629976581 0.9984375 0.5175644028103045