54 0.374203125 0.32238262910798127 0.10475000000000001 0.13988262910798122
54 0.43858593749999997 0.2311150234741784 0.09085937499999999 0.11429577464788732
54 0.27937500000000004 0.19199530516431923 0.080375 0.08051643192488263
54 0.43489843750000007 0.1490492957746479 0.086328125 0.08504694835680751
54 0.4613359375 0.06396713615023474 0.062640625 0.07253521126760563
54 0.348734375 0.1479225352112676 0.086625 0.07936619718309859
54 0.217203125 0.14870892018779344 0.081 0.09981220657276996
54 0.5179453125 0.11226525821596245 0.070578125 0.09607981220657277
54 0.28793749999999996 0.3229225352112676 0.09721874999999999 0.12133802816901408
54 0.4340625 0.08095070422535211 0.07640625 0.07561032863849765
54 0.3219765625 0.06397887323943663 0.053265625000000004 0.04194835680751174
54 0.5158984375 0.1946830985915493 0.073484375 0.10791079812206572
54 0.3578125 0.0788849765258216 0.06725 0.06992957746478873
54 0.34609375 0.16666666666666666 0.3359375 0.3145539906103286