54 0.47772 0.44003003003003005 0.15688 0.20648648648648651
54 0.3233 0.4830630630630631 0.16276 0.24438438438438437
54 0.63762 0.3372822822822823 0.16408 0.1909009009009009
54 0.6129300000000001 0.137987987987988 0.17438 0.22462462462462462
54 0.45123 0.15504504504504504 0.16013999999999998 0.21573573573573573
54 0.49760000000000004 0.2888288288288289 0.16008 0.15435435435435435
54 0.31149 0.3076726726726727 0.1705 0.1915015015015015
54 0.32882 0.18683183183183183 0.15380000000000002 0.2072972972972973
54 0.219 0.2915015015015015 0.101 0.18198198198198198
54 0.46187 0.6701351351351351 0.16606 0.17660660660660663
54 0.73349 0.5075525525525525 0.12534 0.1417117117117117
54 0.72112 0.6381681681681681 0.1608 0.18138138138138138
54 0.20434 0.421966966966967 0.13256 0.16117117117117116
54 0.464 0.44744744744744747 0.756 0.6426426426426426