54 0.3505637254901961 0.6056127450980392 0.3011274509803921 0.25393790849673203
54 0.7421160130718955 0.17906045751633987 0.34459150326797383 0.2927941176470588
54 0.1772875816993464 0.21950163398692812 0.2852941176470588 0.20488562091503268
54 0.14301470588235293 0.5168954248366012 0.2139705882352941 0.19820261437908496
54 0.5836846405228758 0.8089133986928104 0.44109477124183005 0.3224019607843137
54 0.8757924836601307 0.3778267973856209 0.1770424836601307 0.21323529411764705
54 0.7168545751633988 0.5251633986928104 0.42697712418300654 0.41797385620915034
55 0.5779248366013072 0.8025898692810458 0.4233660130718955 0.3324673202614379
55 0.3541666666666667 0.6041666666666666 0.32290849673202615 0.26300653594771245
54 0.6454575163398693 0.3025980392156863 0.2207843137254902 0.17401960784313725
54 0.45389705882352943 0.14816176470588235 0.3039705882352941 0.23148692810457513