46 0.24264843750000004 0.37773958333333335 0.111328125 0.11614583333333334
46 0.24603906250000002 0.5043854166666667 0.083078125 0.11610416666666666
46 0.143078125 0.5698854166666667 0.06921875 0.11035416666666667
46 0.4103203125 0.7678229166666667 0.110984375 0.13677083333333334
46 0.24774218750000002 0.7175208333333334 0.197921875 0.2557083333333333
46 0.38246875 0.7503854166666667 0.05071875 0.07914583333333333
46 0.44370312500000003 0.80421875 0.21790625000000002 0.2725208333333333
46 0.6793828125 0.7814166666666666 0.07082812499999999 0.06958333333333333
46 0.2924375 0.5415833333333333 0.05390625 0.033499999999999995
46 0.4053359375 0.3449479166666667 0.08595312499999999 0.09214583333333333
46 0.046054687500000004 0.87659375 0.09210937500000001 0.2468125
46 0.8606484375000001 0.8524791666666667 0.170609375 0.25225
46 0.4048828125 0.94153125 0.11567187500000001 0.08739583333333334
46 0.5 0.6395833333333333 0.996875 0.7166666666666667