46 0.6958203125 0.36972916666666666 0.047734375 0.06745833333333334
46 0.8227500000000001 0.28801041666666666 0.07503125000000001 0.09293749999999999
46 0.8584921874999999 0.35289583333333335 0.053703125 0.08370833333333333
46 0.52109375 0.3989479166666667 0.025031249999999998 0.03785416666666667
46 0.7832343749999999 0.34411458333333333 0.074625 0.1031875
47 0.760265625 0.19861458333333332 0.04303125 0.0463125
47 0.785328125 0.18085416666666668 0.02378125 0.035
47 0.798640625 0.16653124999999996 0.02290625 0.03160416666666667
47 0.8051328124999999 0.17252083333333335 0.019078125 0.03979166666666667
47 0.7307890625 0.12252083333333334 0.025953125 0.033749999999999995
47 0.719390625 0.14820833333333333 0.01509375 0.02266666666666667
47 0.7498984375 0.4589479166666666 0.021515625 0.029854166666666668
47 0.7918828125 0.45846875 0.082765625 0.06397916666666667
47 0.6683359375 0.8544166666666667 0.128203125 0.12229166666666667
47 0.7200703125 0.7064895833333333 0.018234375 0.023604166666666666
49 0.9219296875000002 0.2876875 0.072921875 0.10008333333333333
46 0.6494609375 0.37038541666666663 0.047171875 0.0555625
46 0.589328125 0.4643541666666666 0.04653125 0.07579166666666667
47 0.7926171875 0.635625 0.018421874999999997 0.028333333333333332
47 0.7785234375 0.6205416666666667 0.016671875 0.027875
46 0.5110234374999999 0.39914583333333337 0.052640624999999996 0.06779166666666667
47 0.7818203125000001 0.6568854166666667 0.024421875000000003 0.04839583333333333
47 0.83515625 0.58125 0.2671875 0.6958333333333333