46 0.45941406250000005 0.3676112412177986 0.110515625 0.13747072599531618
46 0.58065625 0.33117096018735365 0.10500000000000001 0.174847775175644
46 0.17191406250000002 0.2934894613583138 0.034765625 0.0336768149882904
46 0.06596874999999999 0.5412060889929743 0.09596875 0.2606791569086651
46 0.2293984375 0.6112295081967213 0.10495312500000001 0.2381967213114754
46 0.137171875 0.531135831381733 0.10284374999999998 0.2976346604215457
46 0.11717187500000001 0.6581733021077284 0.0370625 0.10088992974238875
46 0.3173828125 0.6764871194379392 0.10860937500000001 0.16379391100702576
46 0.34034375 0.38052693208430916 0.1409375 0.24494145199063233
46 0.444546875 0.4887704918032787 0.1424375 0.16405152224824354
46 0.3141015625 0.5438290398126464 0.079453125 0.15730679156908667
46 0.6910703125 0.16004683840749415 0.032671875 0.06032786885245902
46 0.601921875 0.4636416861826698 0.07815625000000001 0.1259718969555035
46 0.5 0.49882903981264637 0.996875 0.9976580796252927