47 0.901375 0.7262708333333333 0.051937500000000004 0.067125
47 0.8358828125000001 0.8190624999999999 0.065046875 0.078375
47 0.2860859375 0.2482708333333333 0.048609374999999996 0.07020833333333334
47 0.9137890625 0.8234479166666667 0.060046875 0.08452083333333334
47 0.6955703125 0.9300104166666666 0.073984375 0.09014583333333334
47 0.30996875 0.9076666666666667 0.3766875 0.16441666666666668
47 0.657609375 0.84203125 0.0624375 0.07714583333333333
47 0.0462421875 0.9435 0.092484375 0.113
47 0.5560937499999999 0.9232812499999999 0.06434375 0.0803125
47 0.7905625 0.7850937499999999 0.05765625 0.07481249999999999
47 0.6883593749999999 0.8799062499999999 0.40028125000000003 0.24018750000000003
47 0.9714062499999999 0.8341145833333333 0.0571875 0.08372916666666666