55 0.6058984374999999 0.5910104166666666 0.234265625 0.4449375
55 0.38425 0.32099999999999995 0.176 0.14870833333333333
55 0.81853125 0.36947916666666664 0.20806249999999998 0.258625
55 0.5368671875000001 0.29863541666666665 0.178890625 0.11422916666666666
55 0.553578125 0.11741666666666667 0.1409375 0.23483333333333334
55 0.47042968749999997 0.08398958333333333 0.11954687500000001 0.16722916666666665
55 0.382 0.17847916666666666 0.13390625 0.11454166666666667
55 0.24748437499999998 0.25860416666666663 0.1526875 0.24833333333333335
55 0.4645234375 0.20586458333333332 0.136546875 0.09702083333333333
55 0.7541484374999999 0.25026041666666665 0.157671875 0.23564583333333333
55 0.21956250000000002 0.78134375 0.41581250000000003 0.4093125
55 0.64665625 0.13683333333333333 0.14359375000000002 0.27366666666666667
55 0.194046875 0.09196874999999999 0.0648125 0.06539583333333333