50 0.7808088235294118 0.5358333333333334 0.07057189542483659 0.06797385620915034
50 0.5727696078431372 0.7126797385620914 0.8544607843137254 0.4295751633986928
50 0.22148692810457518 0.3048937908496732 0.09637254901960784 0.09700980392156862
50 0.07882352941176471 0.5086928104575164 0.14352941176470588 0.29411764705882354
50 0.12359477124183006 0.32191176470588234 0.1438235294117647 0.15281045751633987
50 0.921813725490196 0.3364950980392157 0.14908496732026144 0.16730392156862745
50 0.30363562091503266 0.2597058823529412 0.11187908496732026 0.05457516339869281
51 0.408766339869281 0.2282598039215686 0.16455882352941176 0.08841503267973856
51 0.31111928104575165 0.285718954248366 0.06436274509803921 0.03931372549019608
51 0.24387254901960784 0.25763071895424833 0.04372549019607844 0.029509803921568625
51 0.14573529411764705 0.42514705882352943 0.06535947712418301 0.06601307189542484
51 0.7265359477124184 0.5183006535947712 0.12104575163398693 0.14712418300653596
51 0.36041666666666666 0.7682679738562092 0.12818627450980394 0.06408496732026144
51 0.20048202614379085 0.36680555555555555 0.02576797385620915 0.025049019607843136
51 0.1287908496732026 0.36008986928104575 0.036111111111111115 0.02377450980392157