54 0.87141 0.7977560240963856 0.22978 0.3505722891566265
54 0.6215600000000001 0.5251656626506025 0.2384 0.3128614457831325
54 0.6280699999999999 0.2581475903614458 0.21938 0.29575301204819276
54 0.84156 0.25956325301204825 0.21187999999999999 0.26292168674698796
54 0.8456999999999999 0.5018222891566265 0.22284 0.2764156626506024
54 0.36947 0.8075602409638555 0.26226 0.35734939759036144
54 0.392 0.49105421686746986 0.24180000000000001 0.31156626506024093
54 0.41761000000000004 0.25364457831325304 0.20502 0.27554216867469883
54 0.16058 0.46560240963855426 0.22868 0.2912650602409639
54 0.63431 0.8239307228915663 0.26754 0.3391867469879518
54 0.20914 0.22920180722891567 0.2134 0.26731927710843373
54 0.12733 0.7516867469879518 0.24226 0.33060240963855425