55 0.6042604166666666 0.702953125 0.18372916666666667 0.13915625
55 0.4094375 0.7100312499999999 0.17045833333333332 0.14834375
55 0.28820833333333334 0.6696171875 0.16433333333333333 0.134984375
55 0.5550104166666667 0.2431328125 0.1789375 0.122921875
55 0.25075 0.59121875 0.141125 0.10134375
55 0.7206041666666666 0.6507265625 0.15333333333333332 0.124203125
55 0.6946875 0.5831796875 0.14541666666666667 0.092921875
55 0.6711666666666666 0.45692187500000003 0.16179166666666667 0.12359374999999999
55 0.3133020833333333 0.42497656250000004 0.2088125 0.165609375
55 0.3895208333333333 0.2345703125 0.20375 0.16404687499999998
55 0.6439583333333334 0.385171875 0.13479166666666667 0.09271875
55 0.4726666666666667 0.49094531250000006 0.17483333333333334 0.132359375