51 0.5849673202614379 0.6097712418300654 0.1892156862745098 0.16264705882352942
51 0.2048611111111111 0.23489379084967318 0.10187908496732026 0.08792483660130719
51 0.8461111111111111 0.5484068627450981 0.08176470588235293 0.06759803921568627
51 0.08538398692810457 0.677671568627451 0.051748366013071895 0.08008169934640523
51 0.7233088235294118 0.2336928104575163 0.09550653594771243 0.10222222222222223
51 0.8576633986928104 0.19736928104575163 0.13872549019607844 0.12679738562091503
51 0.03571078431372549 0.7422630718954248 0.07142156862745098 0.15769607843137257
51 0.5735539215686274 0.4364052287581699 0.10112745098039216 0.11042483660130718
51 0.3590522875816993 0.09918300653594772 0.10052287581699347 0.09970588235294119
51 0.7125571895424837 0.7086764705882354 0.11671568627450982 0.06
51 0.902892156862745 0.5279656862745098 0.1022875816993464 0.12553921568627452