47 0.11736928104575163 0.594436274509804 0.08411764705882352 0.08661764705882352
47 0.04497549019607843 0.6352777777777778 0.08995098039215686 0.08209150326797386
47 0.08799836601307189 0.43559640522875814 0.11576797385620914 0.09452614379084967
47 0.10276960784313725 0.6693545751633988 0.09119281045751634 0.07573529411764707
47 0.1806127450980392 0.6537418300653595 0.08305555555555555 0.08032679738562092
47 0.24994281045751635 0.6385294117647058 0.0590359477124183 0.07823529411764707
47 0.030833333333333334 0.6929166666666666 0.06166666666666667 0.09880718954248366
47 0.1403921568627451 0.5148774509803922 0.10120915032679738 0.08841503267973856
47 0.1984313725490196 0.5839624183006535 0.08297385620915033 0.08295751633986928
49 0.5167565359477124 0.7774836601307189 0.10517973856209151 0.11888888888888889
47 0.011331699346405228 0.44048202614379084 0.022663398692810456 0.08926470588235294
47 0.04852941176470588 0.5070506535947712 0.09705882352941177 0.10750000000000001
49 0.34690359477124183 0.7154820261437909 0.13805555555555554 0.13805555555555554
49 0.2168872549019608 0.7563480392156863 0.15325163398692812 0.15844771241830066
49 0.3581944444444444 0.5879411764705882 0.1508986928104575 0.1262418300653595
49 0.43789215686274513 0.6861519607843137 0.11784313725490198 0.12158496732026143
49 0.336421568627451 0.8610130718954248 0.13630718954248366 0.13287581699346404
49 0.43652777777777774 0.8098447712418301 0.1113888888888889 0.13730392156862745
49 0.5153022875816994 0.9050980392156862 0.09949346405228758 0.1311437908496732
49 0.2112581699346405 0.9085294117647058 0.18715686274509805 0.15261437908496733
49 0.2830964052287582 0.6603349673202614 0.06488562091503268 0.0640686274509804
49 0.5870343137254903 0.8651143790849672 0.09410130718954249 0.13846405228758168