47 0.8820546874999999 0.8203044496487119 0.083390625 0.07845433255269321
47 0.8224218750000001 0.7622833723653396 0.03621875 0.04826697892271663
47 0.866984375 0.7654215456674472 0.061281249999999995 0.04606557377049181
47 0.9508749999999999 0.8062177985948478 0.082875 0.06377049180327869
47 0.7031328125 0.8219555035128805 0.036078125 0.0451288056206089
47 0.7309921875 0.8904918032786886 0.036328125 0.04838407494145199
47 0.73365625 0.8595667447306792 0.026968750000000003 0.026580796252927398
47 0.8025 0.7981498829039813 0.02884375 0.042576112412177985
47 0.6161718749999999 0.8383255269320844 0.035625000000000004 0.04620608899297424
47 0.7738515625 0.7903512880562061 0.031859375 0.05241217798594847
47 0.7167343749999999 0.809519906323185 0.033437499999999995 0.06344262295081968
47 0.16003125 0.9165222482435598 0.04971875 0.0719672131147541
47 0.1204609375 0.9153161592505854 0.030765625 0.047728337236533955
47 0.62421875 0.8676814988290398 0.4421875 0.1522248243559719