46 0.8592812500000001 0.8448122065727699 0.1726875 0.3091079812206573
46 0.7202187500000001 0.8500000000000001 0.14209375 0.2516901408450704
46 0.3063515625 0.735 0.350828125 0.21502347417840376
46 0.2809453125 0.606161971830986 0.270390625 0.1558450704225352
46 0.3238203125 0.5092605633802817 0.020796875 0.054061032863849764
46 0.8302265625 0.41990610328638495 0.169921875 0.14938967136150236
46 0.8270781250000001 0.5896596244131456 0.11956249999999999 0.19129107981220655
46 0.7408203125 0.6848943661971832 0.059859375000000006 0.08115023474178404
46 0.6442109375 0.6219718309859156 0.013203125 0.05868544600938967
46 0.25675781249999996 0.4523826291079812 0.043796875 0.07603286384976526
46 0.349890625 0.3940492957746479 0.03965625 0.030539906103286385
46 0.306640625 0.5119835680751175 0.05384375 0.08091549295774647
46 0.8327031249999999 0.3204460093896713 0.11671875000000001 0.10046948356807511
46 0.546875 0.505868544600939 0.903125 0.47183098591549294