47 0.7261796875 0.56 0.25589062500000004 0.2635416666666667
51 0.0983046875 0.714625 0.196609375 0.24566666666666667
51 0.1420625 0.9401562499999999 0.16412500000000002 0.09647916666666667
51 0.2332890625 0.5962916666666668 0.15367187499999999 0.21408333333333335
51 0.2745546875 0.4378854166666667 0.15717187500000002 0.22664583333333335
51 0.6555781250000001 0.14666666666666667 0.16259375 0.195125
51 0.3882265625 0.36488541666666663 0.106390625 0.11335416666666666
47 0.1685078125 0.4350729166666667 0.146109375 0.25714583333333335
51 0.0619609375 0.38039583333333327 0.123921875 0.19745833333333335
51 0.2197578125 0.06342708333333333 0.09523437500000001 0.12685416666666666
51 0.1851640625 0.11328125 0.080984375 0.0856875
51 0.1051953125 0.08549999999999999 0.136359375 0.17099999999999999