46 0.328625 0.4015234375 0.16025 0.165203125
46 0.6451875000000001 0.3778046875 0.13475 0.15335937500000002
46 0.8201979166666666 0.326546875 0.10914583333333333 0.1381875
46 0.2865 0.5185312499999999 0.18000000000000002 0.08696875
46 0.26366666666666666 0.112359375 0.23370833333333335 0.17528125
46 0.5046979166666666 0.1223125 0.20839583333333334 0.21590625000000002
46 0.6255416666666667 0.0813125 0.07558333333333334 0.14440625
46 0.7225104166666667 0.355375 0.11360416666666667 0.14250000000000002
46 0.6147604166666666 0.48854687499999994 0.07302083333333333 0.05084375
47 0.2946979166666666 0.588265625 0.09764583333333333 0.061250000000000006
47 0.4750729166666667 0.60009375 0.1135625 0.056781250000000005
47 0.5614270833333334 0.7546796875 0.8771458333333333 0.458421875
47 0.10105208333333333 0.7051484374999999 0.11285416666666667 0.074296875
49 0.06216666666666667 0.7833671874999999 0.12433333333333334 0.098890625
49 0.10608333333333334 0.8995624999999998 0.1597083333333333 0.09665625
49 0.2421875 0.8805078125 0.13508333333333333 0.10067187500000001
49 0.12884375 0.9528125000000001 0.1498125 0.094375
49 0.20636458333333335 0.8107421875 0.14439583333333333 0.088765625
49 0.29663541666666665 0.92809375 0.1498125 0.08090625
49 0.023083333333333334 0.9323124999999999 0.04616666666666667 0.09809375000000001
49 0.012364583333333333 0.8433828125 0.024729166666666667 0.07926562499999999
49 0.08215625 0.8255078124999999 0.12539583333333332 0.068109375
49 0.3229166666666667 0.8762890624999999 0.07104166666666667 0.061515625
46 0.7595937500000001 0.35819531250000003 0.06331250000000001 0.12435937500000001
46 0.08177083333333333 0.1230703125 0.15558333333333335 0.176609375
47 0.6043333333333334 0.822078125 0.647625 0.3246875
49 0.10910416666666668 0.85309375 0.1325 0.06218749999999999
49 0.2561875 0.9821015625000001 0.12683333333333333 0.035796875
49 0.3438333333333333 0.9819374999999999 0.07458333333333332 0.036125000000000004