51 0.3886171875 0.31675000000000003 0.10682812500000001 0.20729166666666668
51 0.47696875 0.48763541666666665 0.12471874999999999 0.18877083333333333
51 0.23655468750000003 0.4043854166666667 0.15535937500000002 0.15122916666666666
51 0.30809374999999994 0.5463958333333333 0.14837499999999998 0.18416666666666667
51 0.478703125 0.3538854166666667 0.1600625 0.20964583333333334
51 0.11557031250000001 0.4163854166666667 0.131234375 0.15285416666666668
51 0.20129687500000001 0.3047916666666667 0.0991875 0.13799999999999998
51 0.267859375 0.11966666666666667 0.103625 0.2014166666666667
51 0.38933593749999995 0.5404791666666667 0.108421875 0.17645833333333333
51 0.1370625 0.5044895833333334 0.10309375000000001 0.13035416666666666
51 0.220796875 0.5260937499999999 0.17128125 0.19785416666666666
51 0.16698437500000002 0.27147916666666666 0.15121875 0.15620833333333334
51 0.346765625 0.40391666666666665 0.0931875 0.13391666666666666
51 0.5 0.49895833333333334 0.996875 0.9979166666666667