51 0.8845104166666666 0.47669531249999997 0.23097916666666668 0.13870312499999998
51 0.7264166666666667 0.08018750000000001 0.138375 0.10140625
51 0.9436354166666666 0.35617968749999995 0.11272916666666667 0.087140625
51 0.614625 0.3680234375 0.13904166666666665 0.07570312500000001
51 0.6176354166666668 0.42381250000000004 0.11060416666666667 0.11265624999999999
51 0.9556354166666667 0.7901484375 0.08872916666666668 0.290015625
51 0.405875 0.30598437500000003 0.18166666666666667 0.1184375
51 0.25878125 0.17359375000000002 0.1149375 0.03821875
51 0.7223437500000001 0.202921875 0.15043749999999997 0.06975
51 0.6181770833333334 0.1584375 0.1004375 0.0883125
51 0.46451041666666665 0.1060546875 0.2248541666666667 0.12757812500000001
51 0.35763541666666665 0.7174453125 0.32639583333333333 0.32551562500000003
51 0.49895833333333334 0.3203125 0.9979166666666667 0.640625