50 0.5173984375 0.43961458333333336 0.11026562499999999 0.1771875
50 0.44955468750000005 0.24473958333333332 0.11642187500000001 0.1586875
50 0.5204453125 0.08747916666666668 0.087984375 0.11091666666666668
50 0.6481328125 0.4615104166666667 0.165765625 0.20339583333333333
50 0.36440625 0.22353125 0.09 0.1411875
50 0.44585937499999995 0.13148958333333333 0.08928125 0.12172916666666667
50 0.7758359375 0.4669375 0.111328125 0.16520833333333332
50 0.5627187499999999 0.2971041666666666 0.1605 0.131625
51 0.542859375 0.31359375 0.15259375 0.13302083333333334
51 0.810546875 0.43136458333333333 0.076375 0.08560416666666668
51 0.616890625 0.10304166666666667 0.07896875 0.04533333333333334
51 0.722796875 0.31865625000000003 0.0701875 0.13914583333333336
51 0.7860703124999999 0.32459375 0.06879687500000001 0.14764583333333334
51 0.7003125 0.18213541666666666 0.11953125 0.11139583333333333
51 0.5753125 0.6546354166666666 0.14271875 0.17614583333333333
51 0.5756796875 0.1564375 0.127421875 0.08462499999999999
51 0.6841796875 0.2833020833333333 0.054203125 0.08852083333333334