54 0.7355104166666667 0.4468203125 0.2960625 0.113453125
54 0.42349999999999993 0.46175000000000005 0.2985 0.06671875000000001
54 0.75375 0.2736484375 0.24625 0.072078125
54 0.7396145833333333 0.3940078125 0.28802083333333334 0.10710937499999999
54 0.4354375 0.4279296875 0.3002916666666666 0.081078125
54 0.516875 0.24107812500000003 0.20299999999999999 0.09175
54 0.5293854166666666 0.3180703125 0.21472916666666667 0.080203125
54 0.4654479166666667 0.38810156250000005 0.2876875 0.11295312500000002
54 0.7241979166666667 0.8740937499999999 0.4291875 0.2518125
54 0.413875 0.14257031250000002 0.16520833333333332 0.09098437499999999
54 0.7346979166666667 0.33292187500000003 0.3051875 0.0978125
54 0.733375 0.478078125 0.28479166666666667 0.0651875
54 0.16044791666666666 0.4290859375 0.2770208333333333 0.086078125
54 0.3770833333333333 0.25390625 0.75 0.4078125