49 0.7836681715575621 0.4241328125 0.2313995485327314 0.151734375
49 0.8528555304740406 0.5353359375 0.14887133182844245 0.054859375
49 0.6398306997742663 0.5198984375 0.049232505643340856 0.022734375
49 0.6205417607223477 0.38304687499999995 0.061444695259593674 0.04721875
49 0.7037584650112868 0.260875 0.037133182844243794 0.02975
49 0.43390519187358917 0.43571875000000004 0.039322799097065465 0.024406249999999997
49 0.543352144469526 0.303109375 0.05311512415349887 0.0404375
49 0.6915462753950339 0.2237421875 0.044040632054176077 0.030484375
49 0.32414221218961625 0.5319609375000001 0.04476297968397291 0.032359375
49 0.2568397291196388 0.5271171875 0.04984198645598194 0.032421875
49 0.3200225733634311 0.4515703125 0.037562076749435666 0.030203124999999997
49 0.6069300225733635 0.5025781250000001 0.05602708803611738 0.04171875
49 0.8553724604966139 0.563734375 0.14857787810383746 0.10778125000000001
49 0.6636568848758465 0.51796875 0.654627539503386 0.5734375