50 0.37952343749999995 0.6671896955503512 0.226484375 0.22594847775175644
50 0.5271953125 0.6407494145199064 0.197265625 0.3179391100702576
50 0.108375 0.33466042154566744 0.21675 0.4626229508196721
50 0.43984375 0.844496487119438 0.2453125 0.24121779859484777
50 0.05979687499999999 0.7783021077283373 0.10384374999999998 0.4339812646370024
50 0.660546875 0.3674824355971897 0.06840625 0.12882903981264637
50 0.3021171875 0.3749063231850117 0.131765625 0.23121779859484778
50 0.271234375 0.7826580796252928 0.14575 0.11711943793911006
50 0.259375 0.5704098360655737 0.18290625 0.22920374707259955
50 0.2761015625 0.43866510538641684 0.13573437500000002 0.08412177985948478
50 0.5015078125000001 0.3458548009367682 0.435828125 0.3333489461358314