51 0.7891953125 0.38483333333333325 0.11564062500000001 0.10970833333333332
51 0.722890625 0.2654479166666667 0.0314375 0.025145833333333333
51 0.7042499999999999 0.7371770833333333 0.21549999999999997 0.32918749999999997
51 0.8279453125 0.5941458333333334 0.088796875 0.13270833333333334
51 0.683453125 0.34261458333333333 0.15996875 0.13772916666666665
51 0.555390625 0.37095833333333333 0.0785 0.03845833333333334
51 0.8785078125 0.5411354166666666 0.094859375 0.10277083333333333
51 0.556375 0.3311041666666667 0.11015625 0.05608333333333334
51 0.6982265625 0.24398958333333334 0.054140625 0.0299375
51 0.6713671874999999 0.21491666666666667 0.056734375000000004 0.046125
51 0.8373671874999999 0.37135416666666665 0.074640625 0.05695833333333333
51 0.4457578125 0.53928125 0.08060937500000001 0.06960416666666666
51 0.70390625 0.4708333333333333 0.5390625 0.5958333333333333