46 0.40919531249999996 0.55959375 0.024578125 0.0389375
46 0.059703125 0.42550000000000004 0.026687499999999996 0.050875000000000004
46 0.674453125 0.41804166666666664 0.0324375 0.050666666666666665
46 0.03203125 0.43390625 0.03228125 0.05314583333333334
46 0.46709375 0.40665625000000005 0.0323125 0.03810416666666667
46 0.2336875 0.5013020833333334 0.00653125 0.042395833333333334
46 0.46984375 0.5215625 0.02340625 0.028666666666666667
46 0.400109375 0.4747291666666667 0.0226875 0.04583333333333333
46 0.238296875 0.4975 0.026750000000000003 0.049041666666666664
46 0.640734375 0.4952291666666666 0.02559375 0.039125
46 0.0651484375 0.5074375 0.026859375 0.035083333333333334
46 0.02759375 0.5275833333333334 0.01740625 0.03929166666666666
47 0.6602187500000001 0.65834375 0.015375 0.015979166666666666
47 0.6336015625 0.6374479166666667 0.065640625 0.06864583333333334
46 0.41184374999999995 0.47090625 0.017937500000000002 0.041479166666666664
46 0.25390625 0.5239583333333333 0.4734375 0.052083333333333336