54 0.5903750000000001 0.77590625 0.2550625 0.38964583333333336
54 0.7968124999999999 0.5038958333333333 0.32640625 0.33425
54 0.5157265625 0.5662916666666666 0.256171875 0.31908333333333333
54 0.44341406250000004 0.47860416666666666 0.23479687500000002 0.27929166666666666
54 0.37821875 0.2937291666666667 0.26353125 0.3765833333333333
54 0.6811796875 0.36685416666666665 0.214296875 0.314125
54 0.94746875 0.37415625 0.10506249999999999 0.4426875
54 0.840453125 0.7382083333333332 0.31909375 0.3617916666666667
54 0.3573046875 0.8584270833333334 0.269671875 0.2606875
54 0.326125 0.7898854166666667 0.27471875 0.32135416666666666
54 0.6244375000000001 0.24344791666666665 0.26459375 0.32585416666666667
54 0.5456015624999999 0.08670833333333333 0.266890625 0.17341666666666666
54 0.3750078125 0.05984375 0.11270312499999999 0.1160625
54 0.5 0.49895833333333334 0.996875 0.9979166666666667