51 0.5999466666666666 0.76554 0.06965333333333333 0.0516
51 0.7150933333333334 0.7294400000000001 0.10304 0.06124
51 0.4335866666666667 0.74101 0.04706666666666666 0.07094
51 0.6316266666666667 0.67513 0.04325333333333333 0.046619999999999995
50 0.5610933333333333 0.69597 0.20085333333333333 0.10894
50 0.30350666666666665 0.5979500000000001 0.09906666666666666 0.07474
51 0.2984 0.67311 0.12453333333333334 0.06458
51 0.7039733333333333 0.65257 0.25242666666666663 0.0693
51 0.5208266666666667 0.6136699999999999 0.05221333333333333 0.0175
51 0.6118533333333334 0.62821 0.04168 0.0197
50 0.7049733333333333 0.5891400000000001 0.10104 0.07512
50 0.7996133333333334 0.6200500000000001 0.07570666666666667 0.09242
50 0.4236133333333334 0.60677 0.11112000000000001 0.11718
50 0.42070666666666673 0.78267 0.13293333333333335 0.0371
50 0.8138933333333332 0.71226 0.05696 0.0578
51 0.5565599999999999 0.7855 0.037546666666666666 0.01952
51 0.4662933333333334 0.6826099999999999 0.030666666666666665 0.02186
50 0.6577733333333333 0.6001000000000001 0.07336000000000001 0.07
50 0.69144 0.75449 0.05488 0.037340000000000005
50 0.6793466666666668 0.6600499999999999 0.10893333333333334 0.07773999999999999
50 0.23508 0.66303 0.10642666666666666 0.09398000000000001
51 0.5292800000000001 0.7654 0.11024 0.0502
50 0.47333333333333333 0.67 0.6906666666666667 0.284