49 0.28046875 0.3467708333333333 0.1304375 0.14329166666666668
49 0.365 0.21876041666666665 0.13728125 0.1951041666666667
49 0.5278124999999999 0.1986770833333333 0.1444375 0.19835416666666666
49 0.656609375 0.25234375 0.1304375 0.17972916666666666
49 0.708390625 0.40777083333333336 0.13865624999999998 0.18095833333333333
49 0.659859375 0.7501041666666666 0.14728125 0.19983333333333334
49 0.5203828125 0.8267083333333333 0.141109375 0.18070833333333333
49 0.23206249999999998 0.49815625 0.138125 0.1828125
49 0.27640625 0.6748229166666667 0.14084375 0.18456250000000002
49 0.38209375 0.7894687499999999 0.14109375 0.1953125
49 0.737171875 0.5866041666666667 0.15253125 0.19458333333333336
55 0.4861328125 0.4938854166666667 0.129609375 0.17185416666666667
55 0.36140625000000004 0.46080208333333333 0.12596875000000002 0.16389583333333332
55 0.57565625 0.37583333333333335 0.12662500000000002 0.15583333333333332
55 0.40324218749999996 0.6186875000000001 0.140265625 0.15845833333333334
55 0.6136328124999999 0.5363645833333333 0.12857812500000002 0.1688125
55 0.5220546875000001 0.6594166666666667 0.128671875 0.17679166666666665
55 0.44956250000000003 0.3437708333333333 0.11581250000000001 0.155625