50 0.2583984375 0.6256911262798635 0.10801562499999999 0.13039249146757678
50 0.1026171875 0.8160665529010239 0.093828125 0.10343003412969283
50 0.1400390625 0.6811774744027304 0.16373437500000002 0.25177474402730377
51 0.26238281249999995 0.27476109215017064 0.11876562500000001 0.3183959044368601
51 0.34471093750000004 0.32117747440273037 0.094796875 0.3035153583617748
51 0.10360156250000001 0.2507081911262799 0.127703125 0.3466723549488055
51 0.24554687499999997 0.2702986348122867 0.41312499999999996 0.41455631399317405
51 0.161515625 0.4618174061433447 0.04278125 0.0402901023890785
50 0.1804296875 0.8748037542662116 0.183234375 0.17930034129692832
50 0.2595859375 0.7157935153583619 0.127140625 0.08564846416382252
50 0.340859375 0.6815529010238908 0.11581250000000001 0.11754266211604095
50 0.36076562500000003 0.5854351535836178 0.2524375 0.09957337883959044