49 0.496390625 0.3134848484848485 0.15015625 0.24045454545454545
49 0.3364375 0.4180050505050505 0.15731250000000002 0.2468181818181818
49 0.6298203124999999 0.4532323232323232 0.157796875 0.23489898989898989
49 0.4208125 0.6168560606060606 0.1300625 0.23184343434343435
49 0.5293593750000001 0.47415404040404036 0.10487500000000001 0.22022727272727272
49 0.6535078125 0.27377525252525253 0.169640625 0.22022727272727272
49 0.7077421875 0.6198484848484849 0.161296875 0.23818181818181816
49 0.7569062499999999 0.4628535353535354 0.114125 0.2033838383838384
49 0.555765625 0.6948484848484847 0.17024999999999998 0.31545454545454543
49 0.4367109375 0.4170833333333333 0.091890625 0.193510101010101
49 0.41921875000000003 0.22515151515151513 0.143375 0.22429292929292927