51 0.471375 0.5844270833333333 0.076125 0.17560416666666667
51 0.48528906250000003 0.3740625 0.146984375 0.07245833333333333
51 0.4573828125 0.48539583333333336 0.12364062499999999 0.17600000000000002
51 0.33671093750000003 0.3565729166666667 0.091609375 0.09339583333333333
51 0.4260625 0.5971041666666667 0.07821875 0.201625
51 0.33475781250000003 0.4512708333333333 0.061515625 0.10395833333333333
51 0.3845390625 0.51925 0.107421875 0.21025
51 0.48090625 0.4517083333333333 0.0701875 0.0955
51 0.5306875000000001 0.5703854166666668 0.07062500000000001 0.10293749999999999
51 0.3581484375 0.41122916666666665 0.038765625 0.06291666666666666
51 0.39935156250000003 0.39428124999999997 0.048421874999999996 0.06064583333333333
51 0.41028125000000004 0.31806249999999997 0.086625 0.10108333333333334