46 0.6617176470588235 0.8090390624999999 0.19816470588235294 0.146953125
46 0.23877647058823526 0.49122656249999996 0.1972235294117647 0.136421875
46 0.4682588235294118 0.8315390625000001 0.08084705882352941 0.119359375
46 0.38262352941176475 0.709234375 0.2721176470588235 0.11374999999999999
46 0.3296352941176471 0.7871406249999999 0.1983294117647059 0.16646875
46 0.1910470588235294 0.7381953125 0.25898823529411763 0.177015625
46 0.1325764705882353 0.8630078125 0.19484705882352943 0.168171875
46 0.5295529411764706 0.47874218749999997 0.20696470588235294 0.085234375
46 0.4042235294117647 0.3376796875 0.1063764705882353 0.086015625
46 0.39036470588235295 0.5164375 0.17969411764705884 0.1150625
46 0.6368117647058823 0.9238828125000002 0.2520705882352941 0.152234375
46 0.4724588235294118 0.3495625 0.04802352941176471 0.07975
46 0.5875176470588235 0.43276562500000004 0.289764705882353 0.13003125
46 0.48470588235294115 0.615625 0.9505882352941176 0.7125