53 0.20390625 0.50078125 0.3875 0.328125
53 0.593265625 0.17078125 0.52584375 0.32359375
50 0.4644296875 0.947015625 0.087046875 0.0753125
50 0.3581015625 0.8988125 0.083921875 0.07375000000000001
51 0.29298437499999996 0.8452343749999999 0.031968750000000004 0.03371875
51 0.26289843749999997 0.8292187500000001 0.047015625 0.06484375
51 0.15973437499999998 0.85309375 0.1903125 0.18071874999999998
50 0.26058593750000003 0.9417890625 0.113390625 0.071609375
50 0.4403125 0.8896015625 0.06109375 0.050796875
50 0.34584375 0.9528359375000001 0.0465625 0.039015625
50 0.5493125 0.55565625 0.08775 0.10518749999999999
50 0.5499609375 0.2749375 0.07485937499999999 0.06865625
50 0.44153906249999997 0.219203125 0.068140625 0.04853125
50 0.707359375 0.2005859375 0.07215625 0.055765625