49 0.481515625 0.41196875 0.20246875000000003 0.2605625
49 0.6072890625 0.32298958333333333 0.138796875 0.18114583333333334
49 0.6952890625 0.4388229166666667 0.218828125 0.28939583333333335
49 0.44299218749999997 0.05246875 0.069890625 0.05735416666666667
49 0.1851484375 0.27420833333333333 0.181828125 0.085625
49 0.296453125 0.2033125 0.12337499999999998 0.12579166666666666
49 0.05065625 0.21230208333333334 0.1013125 0.12435416666666667
49 0.0463125 0.27153125 0.092625 0.10335416666666666
49 0.150734375 0.10675 0.18940625 0.18583333333333335
49 0.5188203125 0.03938541666666666 0.088390625 0.07085416666666666
49 0.1493515625 0.2263125 0.17489062500000002 0.104125
49 0.3150859375 0.15161458333333336 0.150984375 0.15772916666666664
49 0.43921875000000005 0.018125 0.07675 0.03625