50 0.7141176470588235 0.5741176470588235 0.28 0.24
50 0.32183823529411765 0.6028921568627451 0.299983660130719 0.35140522875816993
50 0.4122303921568628 0.33776960784313725 0.16119281045751635 0.15645424836601307
50 0.5673284313725491 0.31973856209150325 0.15227124183006535 0.13669934640522874
50 0.5777614379084967 0.6993790849673203 0.1281372549019608 0.15160130718954248
51 0.5017728758169935 0.5859395424836601 0.1670098039215686 0.08256535947712418
51 0.4962173202614379 0.6892401960784313 0.07923202614379085 0.13400326797385623
51 0.38223856209150325 0.5141666666666665 0.05633986928104575 0.12754901960784315
51 0.6538562091503267 0.6538888888888889 0.08852941176470588 0.07068627450980391
51 0.6637091503267973 0.7449754901960784 0.06797385620915034 0.09573529411764707
51 0.5981862745098039 0.8138480392156864 0.09094771241830064 0.10243464052287582