46 0.3481147540983607 0.8907734375 0.21360655737704917 0.089671875
46 0.2066510538641686 0.6996249999999999 0.41292740046838405 0.23659375
46 0.5254683840749415 0.9208984375 0.5572131147540984 0.157640625
46 0.5229859484777517 0.8432421875000001 0.10658079625292739 0.147671875
46 0.38559718969555035 0.86096875 0.19156908665105385 0.1085625
46 0.07241217798594848 0.8932578124999999 0.13807962529274004 0.168546875
46 0.44009367681498834 0.44413281250000003 0.22346604215456675 0.055484374999999996
46 0.4110772833723653 0.578953125 0.14894613583138175 0.06646875
46 0.15555035128805622 0.9272109375000002 0.1756440281030445 0.145578125
46 0.7906674473067916 0.6254140625 0.39004683840749416 0.198265625
46 0.46008196721311473 0.8474375000000001 0.10470725995316159 0.132625
46 0.5867330210772833 0.8718281250000001 0.13266978922716627 0.11609375
46 0.7654683840749413 0.7979453125 0.12540983606557377 0.054234375
46 0.5 0.7203125 0.9953161592505855 0.546875