54 0.56517 0.4809333333333333 0.04054 0.0272
54 0.71777 0.7942933333333334 0.03434 0.020266666666666665
54 0.6192300000000001 0.5012266666666666 0.03594 0.02608
54 0.6110599999999999 0.5421333333333334 0.04352 0.032
54 0.53236 0.53444 0.04312 0.0308
54 0.66395 0.6112533333333333 0.0389 0.03088
54 0.15934 0.37381333333333333 0.03468 0.0664
54 0.56632 0.5366133333333334 0.03368 0.03077333333333333
54 0.65213 0.5416000000000001 0.03682 0.023253333333333334
54 0.6478700000000001 0.6642800000000001 0.02914 0.020773333333333335
54 0.49294 0.5888933333333334 0.0414 0.030586666666666668
54 0.60312 0.6855466666666666 0.03624 0.024906666666666667
48 0.6075 0.6776933333333333 0.047799999999999995 0.07784
54 0.583 0.5986666666666667 0.25 0.2693333333333333