49 0.5688290398126464 0.733921875 0.10065573770491802 0.08303125
49 0.8381264637002341 0.66015625 0.07311475409836066 0.04571875
49 0.6068735362997658 0.6730937499999999 0.07618266978922716 0.05046874999999999
49 0.24803278688524588 0.642421875 0.0799063231850117 0.0505
49 0.6953747072599532 0.6710234375 0.07599531615925059 0.051265625
49 0.6605971896955504 0.7549296875 0.07969555035128806 0.058015625
49 0.932576112412178 0.7206640625 0.06744730679156909 0.043515625
49 0.4766510538641686 0.752234375 0.08894613583138172 0.060187500000000005
49 0.29586651053864166 0.7279375 0.0860655737704918 0.051625
49 0.7226112412177986 0.7430078124999999 0.07932084309133489 0.05532812499999999
49 0.8220843091334895 0.7417265625 0.08215456674473068 0.054796875
49 0.8653161592505854 0.7640703125 0.08529274004683841 0.05645312500000001
49 0.4927868852459016 0.7232031250000001 0.08533957845433254 0.03409375
49 0.49882903981264637 0.72421875 0.9976580796252927 0.2359375