51 0.45048 0.8276426426426426 0.1876 0.27570570570570574
51 0.9143000000000001 0.8463663663663663 0.12572 0.30606606606606607
51 0.76627 0.7741591591591592 0.20354 0.29888888888888887
50 0.69021 0.5493393393393393 0.27677999999999997 0.25195195195195197
51 0.37455 0.6001651651651652 0.19374 0.26651651651651653
51 0.54491 0.8948048048048048 0.16954 0.2103903903903904
51 0.59236 0.6508858858858858 0.08292000000000001 0.1597897897897898
51 0.63457 0.8122522522522523 0.20837999999999998 0.2998198198198198
51 0.8384499999999999 0.9345045045045045 0.10186 0.13099099099099099
51 0.9723999999999999 0.7626726726726727 0.055200000000000006 0.110990990990991
51 0.40719 0.7526576576576576 0.16046000000000002 0.2372072072072072
51 0.70423 0.9732582582582582 0.23218 0.05348348348348348