49 0.2737142857142857 0.20840952380952382 0.05097142857142858 0.053733333333333334
49 0.9416666666666667 0.06345714285714285 0.05601904761904762 0.05407619047619048
49 0.20125714285714286 0.41559999999999997 0.04365714285714286 0.03691428571428571
49 0.31444761904761903 0.34682857142857143 0.03384761904761905 0.03152380952380952
49 0.32182857142857146 0.7190285714285715 0.028533333333333334 0.026209523809523808
49 0.47257142857142864 0.2991428571428571 0.01817142857142857 0.02144761904761905
49 0.5201428571428571 0.33289523809523813 0.014723809523809524 0.014285714285714285
49 0.3987714285714286 0.7718380952380952 0.02900952380952381 0.03266666666666666
49 0.5814285714285714 0.3276666666666666 0.02274285714285714 0.017314285714285713
49 0.9391238095238096 0.24610476190476188 0.04476190476190476 0.04356190476190477
49 0.449647619047619 0.21048571428571428 0.06264761904761905 0.05297142857142857
49 0.13373333333333334 0.29374285714285714 0.03497142857142857 0.03746666666666667
49 0.40559047619047617 0.3922952380952381 0.01860952380952381 0.01860952380952381