53 0.161796875 0.7955000000000001 0.31684375 0.16629166666666664
49 0.73275 0.47242708333333333 0.0870625 0.07489583333333334
53 0.65140625 0.7730312500000001 0.28146875 0.17077083333333334
53 0.5620859375 0.49166666666666664 0.110453125 0.12483333333333334
53 0.4188203125 0.426 0.106171875 0.13258333333333333
53 0.6564609375 0.6359583333333333 0.193828125 0.15729166666666666
53 0.5025390625 0.5585520833333334 0.23142187500000003 0.10360416666666666
53 0.29909375000000005 0.5720729166666667 0.152625 0.12164583333333333
53 0.373046875 0.9103958333333334 0.1850625 0.15325
53 0.2315703125 0.4965833333333334 0.07810937500000001 0.17758333333333332
53 0.479421875 0.6786145833333334 0.2601875 0.15927083333333333
53 0.41940625000000004 0.5544791666666666 0.22181250000000002 0.17195833333333335
53 0.321484375 0.45856250000000004 0.10821875 0.16987500000000003
53 0.41296093749999996 0.7675 0.240734375 0.13333333333333333
53 0.3234375 0.625 0.521875 0.2625