46 0.5527968750000001 0.62296875 0.0821875 0.08910416666666668
46 0.49163281249999996 0.6783958333333333 0.059390624999999996 0.08316666666666667
46 0.4631015625 0.7118749999999999 0.073328125 0.090125
46 0.409671875 0.5985104166666667 0.0333125 0.0444375
46 0.405171875 0.5159895833333333 0.0551875 0.050979166666666666
46 0.31275 0.5239166666666667 0.03303125 0.016416666666666666
46 0.269875 0.6763750000000001 0.03434375 0.07783333333333334
46 0.24700781249999998 0.6129895833333333 0.053765625 0.08177083333333333
46 0.3970078125 0.6613854166666666 0.057890624999999994 0.08314583333333332
46 0.3011171875 0.649875 0.019984375 0.023125
46 0.5661250000000001 0.5451458333333333 0.06203125 0.09220833333333332
46 0.34935937499999997 0.5570729166666666 0.03871875 0.04302083333333333
46 0.323625 0.6292604166666665 0.040749999999999995 0.051395833333333335
46 0.5109375 0.5239583333333333 0.7375 0.47708333333333336