49 0.09296875 0.984 0.13315625 0.032
46 0.2517421875 0.3931527777777778 0.044546875 0.11336111111111112
46 0.30637499999999995 0.3733472222222222 0.04190625 0.09808333333333334
46 0.35353125 0.22847222222222222 0.055937499999999994 0.10416666666666667
46 0.2153359375 0.23993055555555556 0.055359375 0.11536111111111111
46 0.07748437500000001 0.21680555555555556 0.020749999999999998 0.09633333333333333
46 0.33346093750000005 0.029041666666666667 0.020953125 0.050972222222222224
46 0.412296875 0.04075 0.09653125 0.08016666666666666
46 0.5314687499999999 0.19845833333333335 0.03990625 0.12141666666666667
46 0.268609375 0.29383333333333334 0.02878125 0.08611111111111111
46 0.3273671875 0.3635833333333333 0.029796875 0.1083888888888889
46 0.8235156250000001 0.3732222222222222 0.052593749999999995 0.11116666666666668
46 0.07096875 0.6369583333333334 0.06015625 0.12380555555555556
49 0.32756250000000003 0.7473611111111111 0.027125 0.05905555555555556
46 0.60625 0.17083333333333334 0.646875 0.30833333333333335