50 0.91477 0.7517664670658682 0.15402000000000002 0.26119760479041915
51 0.5234 0.6376497005988023 0.18547999999999998 0.37176646706586824
51 0.39437 0.6140868263473055 0.22738 0.3473952095808383
51 0.71309 0.31827844311377246 0.2513 0.11979041916167664
51 0.56196 0.14247005988023953 0.1018 0.1475748502994012
51 0.08947 0.16615269461077845 0.07357999999999999 0.11308383233532936
51 0.34343 0.807065868263473 0.13046000000000002 0.05646706586826347
51 0.24833999999999998 0.5576497005988024 0.047159999999999994 0.09883233532934131
50 0.81604 0.20739520958083832 0.10056 0.13850299401197605
50 0.7166399999999999 0.806062874251497 0.13008 0.17464071856287425
51 0.9652999999999999 0.7301946107784432 0.06 0.09086826347305389
51 0.9884200000000001 0.7233832335329342 0.02316 0.19999999999999998
51 0.03561 0.6771706586826348 0.07122 0.1624251497005988
50 0.23245 0.6691467065868264 0.15297999999999998 0.1909880239520958
50 0.32626 0.25573353293413176 0.07684 0.06416167664670659
50 0.9451 0.3475 0.10772 0.18416167664670657