49 0.19562252964426877 0.5921849865951743 0.2791501976284585 0.33498659517426277
50 0.22362648221343873 0.3601072386058981 0.17227272727272727 0.19324396782841824
51 0.45489130434782604 0.6370643431635389 0.04511857707509881 0.061206434316353885
51 0.35033596837944664 0.7919571045576407 0.030118577075098813 0.06375335120643431
51 0.3521640316205533 0.6347721179624665 0.03871541501976285 0.07501340482573726
51 0.29699604743083 0.7747587131367293 0.03628458498023715 0.06340482573726541
51 0.8249407114624506 0.664343163538874 0.017786561264822136 0.032975871313672925
51 0.8313438735177865 0.8247319034852547 0.017312252964426875 0.030268096514745307
51 0.5810968379446639 0.8636058981233244 0.016620553359683796 0.014021447721179626
51 0.3220454545454545 0.4321983914209115 0.05784584980237154 0.05265415549597855
51 0.7560671936758893 0.6810321715817694 0.040632411067193674 0.04474530831099196