46 0.909171875 0.7866875 0.07062500000000001 0.031125
46 0.172578125 0.5301041666666666 0.0288125 0.03491666666666667
46 0.904234375 0.8025104166666667 0.04990625 0.029187499999999998
46 0.169359375 0.5356145833333333 0.0196875 0.028645833333333332
46 0.9054375 0.5952500000000001 0.09228125000000001 0.09495833333333333
46 0.20060937499999998 0.5311041666666667 0.01340625 0.021958333333333333
46 0.16190624999999997 0.5082708333333333 0.03678125 0.03758333333333333
46 0.676625 0.5731875 0.014656250000000001 0.022833333333333334
46 0.87225 0.8059375000000001 0.012968750000000001 0.024666666666666667
47 0.87803125 0.5226770833333333 0.09909375000000001 0.07135416666666666
47 0.0377109375 0.4912708333333333 0.075421875 0.08537499999999999
47 0.80121875 0.4633645833333333 0.06653125 0.0671875
49 0.8445625 0.71675 0.01228125 0.014083333333333333
46 0.9013203125 0.7642708333333333 0.077171875 0.04420833333333333
46 0.8906953125000001 0.8343541666666667 0.037359375 0.017875
46 0.18584375 0.5099270833333334 0.02315625 0.0154375
49 0.977 0.8798229166666667 0.046 0.07702083333333333
49 0.2876015625 0.7529479166666667 0.057140625 0.05672916666666667
46 0.902109375 0.8175833333333333 0.038375 0.019208333333333334