54 0.28434000000000004 0.66992 0.20708000000000001 0.21717333333333333
54 0.6444200000000001 0.49774666666666667 0.14696 0.15314666666666665
54 0.50225 0.6078666666666667 0.18538 0.19551999999999997
54 0.26926 0.22654666666666667 0.12852000000000002 0.14029333333333333
54 0.40069 0.26422666666666667 0.1399 0.13533333333333333
54 0.21280000000000002 0.5019066666666667 0.19212 0.17432
54 0.78874 0.4366933333333333 0.05992 0.10624000000000001
54 0.7653199999999999 0.3893066666666667 0.08732 0.10661333333333332
54 0.69246 0.18697333333333332 0.0828 0.12701333333333334
55 0.60252 0.20898666666666668 0.11292 0.1528
54 0.83815 0.4763866666666667 0.09545999999999999 0.11848
54 0.6315500000000001 0.13398666666666667 0.1007 0.08802666666666666