49 0.6078676470588235 0.7487499999999999 0.5505718954248365 0.3168464052287582
49 0.5371977124183006 0.4982026143790849 0.41511437908496734 0.1734640522875817
49 0.2572303921568628 0.3877450980392157 0.33544117647058824 0.15405228758169934
49 0.7265114379084967 0.38802287581699346 0.09616013071895425 0.061960784313725495
49 0.6788888888888889 0.34306372549019604 0.07705882352941176 0.053218954248366014
49 0.09094771241830064 0.24486111111111114 0.0707843137254902 0.052565359477124186
47 0.8864705882352941 0.09664215686274509 0.10281045751633987 0.03792483660130719
47 0.9719117647058825 0.10373366013071895 0.0561764705882353 0.033970588235294114
47 0.9808415032679738 0.12772058823529414 0.037663398692810456 0.023382352941176472
49 0.5473692810457517 0.3029248366013072 0.2577450980392157 0.1084313725490196
49 0.8909232026143791 0.5331535947712419 0.1051470588235294 0.10741830065359476
49 0.9633986928104575 0.5321160130718954 0.07320261437908496 0.13223856209150328
49 0.1516830065359477 0.12280228758169935 0.11091503267973855 0.042205882352941176
49 0.29 0.13827614379084968 0.04751633986928104 0.03040849673202614
49 0.5027696078431373 0.18487745098039216 0.03887254901960784 0.03642156862745098
49 0.943970588235294 0.6192238562091503 0.11205882352941177 0.0817483660130719
49 0.4991830065359477 0.36764705882352944 0.9983660130718954 0.5163398692810458