48 0.32184375 0.46621890547263684 0.11740625 0.17343283582089553
48 0.24112499999999998 0.5442786069651742 0.12190625 0.17328358208955222
49 0.926578125 0.6405099502487562 0.14684375 0.22440298507462686
48 0.24112499999999998 0.40603233830845775 0.09215625 0.10907960199004975
48 0.6661484375000001 0.2681094527363184 0.095796875 0.1227363184079602
54 0.127359375 0.7871268656716418 0.16159375 0.26604477611940297
54 0.0749375 0.7578358208955224 0.12703124999999998 0.24044776119402983
48 0.12475 0.5637935323383085 0.12159374999999999 0.1386318407960199
48 0.0322890625 0.5777860696517413 0.064578125 0.09572139303482587
48 0.17084375000000002 0.4624751243781095 0.11290625000000001 0.1250995024875622
49 0.80353125 0.5781094527363183 0.15471875 0.11621890547263682
49 0.6681484375 0.8008706467661691 0.10214062500000001 0.0954726368159204
54 0.187265625 0.633047263681592 0.11959375000000001 0.20335820895522388
54 0.124890625 0.5624502487562189 0.11440625 0.1477363184079602
48 0.74546875 0.24111940298507464 0.09903125 0.12318407960199006
54 0.10773437500000001 0.3919029850746269 0.10109375000000001 0.11917910447761193
55 0.4431796875000001 0.41863184079601995 0.032140625 0.05527363184079602
55 0.40028125000000003 0.43170398009950245 0.07390624999999999 0.14027363184079603
55 0.3701640625 0.33359452736318407 0.075484375 0.08733830845771144
54 0.08578125 0.5084203980099502 0.127125 0.13355721393034825
55 0.5149375 0.39597014925373136 0.09090625 0.10666666666666667
48 0.1275546875 0.8019651741293532 0.160734375 0.25587064676616916
48 0.1941953125 0.34988805970149256 0.101671875 0.11340796019900498
48 0.7989453125000001 0.13839552238805972 0.145046875 0.12345771144278607
48 0.622765625 0.24286069651741293 0.1004375 0.122636815920398
48 0.40078125 0.2935323383084577 0.8015625 0.48258706467661694