50 0.5611799999999999 0.34332 0.2828 0.31149333333333334
50 0.89558 0.33810666666666667 0.15 0.20234666666666665
50 0.15519999999999998 0.36216 0.2632 0.29888
51 0.66825 0.5028933333333333 0.13434000000000001 0.05256
51 0.83458 0.4354266666666667 0.29568 0.2985333333333333
50 0.4673 0.09096 0.37560000000000004 0.18192
51 0.6881499999999999 0.42 0.08522 0.039733333333333336
51 0.34267999999999993 0.6586933333333334 0.1698 0.24981333333333336
51 0.48539 0.6758266666666667 0.21930000000000002 0.122
51 0.7722 0.5632133333333333 0.07068 0.1148
51 0.5839 0.6559333333333334 0.06928 0.28189333333333333
51 0.68362 0.45724000000000004 0.09836 0.032293333333333334
51 0.7549000000000001 0.69788 0.03116 0.19810666666666668