55 0.8781718749999999 0.46503512880562065 0.04196875 0.05878220140515223
55 0.23529687500000002 0.3332552693208431 0.1811875 0.15348946135831384
55 0.30060937499999996 0.6209718969555035 0.1454375 0.20896955503512882
55 0.8024296875000001 0.4744964871194379 0.067796875 0.10234192037470727
55 0.6530859375 0.7317564402810305 0.053484374999999994 0.11639344262295083
55 0.59521875 0.6990281030444965 0.06596874999999999 0.12133489461358314
55 0.8775390625 0.5679742388758783 0.030015625 0.054777517564402814
55 0.6229609375 0.6820257611241217 0.040484375 0.04718969555035128
55 0.397015625 0.3463114754098361 0.12975 0.16845433255269324
55 0.4406171875 0.6192037470725995 0.12198437499999999 0.20234192037470727
55 0.7460390625 0.47532786885245903 0.064109375 0.10391100702576112
55 0.652734375 0.45682669789227165 0.0721875 0.09988290398126463
55 0.6968125000000001 0.46181498829039813 0.0398125 0.0915456674473068
55 0.64765625 0.617096018735363 0.7015625 0.6908665105386417