50 0.7140546875 0.8133854166666665 0.170484375 0.2605625
50 0.9026484374999999 0.6066666666666667 0.164109375 0.24470833333333333
50 0.6971875 0.17629166666666668 0.16196875 0.2629166666666667
50 0.7093125 0.4716979166666667 0.23703124999999997 0.3466875
50 0.5091171875 0.14823958333333334 0.142953125 0.1929375
50 0.530171875 0.3428229166666667 0.1941875 0.13847916666666665
50 0.48605468749999997 0.8137916666666667 0.246015625 0.2783333333333333
50 0.266578125 0.6273229166666667 0.11599999999999999 0.14339583333333333
50 0.3433515625 0.2591875 0.16273437500000001 0.146125
50 0.2472578125 0.4335625 0.11854687500000001 0.22770833333333332
50 0.6237734375 0.08207291666666666 0.073765625 0.12097916666666667
50 0.546875 0.9205833333333333 0.0546875 0.09895833333333333