54 0.8537882352941176 0.6346875 0.1264941176470588 0.09590625
54 0.5123882352941176 0.5713125 0.24002352941176472 0.13165625
54 0.7435058823529412 0.24 0.20447058823529413 0.0885625
54 0.5164705882352941 0.21989062499999998 0.2283764705882353 0.094125
54 0.6751058823529412 0.7348281249999999 0.17934117647058823 0.07640625
54 0.5431176470588235 0.719703125 0.20750588235294118 0.1023125
54 0.34591764705882355 0.7420078125 0.1812 0.064265625
54 0.6700352941176471 0.637078125 0.19625882352941176 0.096625
54 0.7796588235294118 0.6815156250000001 0.154 0.081
54 0.8551294117647059 0.7202578125000001 0.2008470588235294 0.080015625
54 0.21682352941176472 0.7339687500000001 0.1696470588235294 0.0665625
54 0.9432 0.6350390625 0.11087058823529411 0.090109375
54 0.9231764705882354 0.7381171875 0.1523764705882353 0.056671875000000003
54 0.6988235294117647 0.48671875 0.5976470588235294 0.5796875