54 0.62918410041841 0.804484375 0.29297071129707114 0.2086875
54 0.5046652719665272 0.619375 0.2799581589958159 0.20215624999999998
54 0.7359309623430962 0.5602656250000001 0.267510460251046 0.18837500000000001
54 0.3487761506276151 0.84884375 0.3025313807531381 0.2376875
54 0.8454707112970711 0.7322109375 0.2767991631799163 0.206734375
54 0.25875523012552304 0.6456953125 0.24671548117154812 0.23145312499999998
54 0.3194456066945607 0.3531015625 0.22755230125523013 0.130328125
54 0.16479079497907953 0.45213281250000004 0.18598326359832637 0.252359375
54 0.5037866108786611 0.3066875 0.28351464435146445 0.1529375
54 0.5671861924686192 0.413296875 0.1973849372384937 0.20446875000000003
54 0.3572907949790795 0.47240625 0.22855648535564854 0.16309374999999998