54 0.5891041666666667 0.7094218750000001 0.09787499999999999 0.04525
54 0.5743541666666666 0.7431015625 0.10175000000000001 0.038796874999999995
54 0.5760416666666667 0.7822734375 0.10425 0.058609375
54 0.5708958333333334 0.8172109375 0.11866666666666667 0.037703125
54 0.65596875 0.8246171875 0.050395833333333334 0.029171875000000003
54 0.65578125 0.79096875 0.05260416666666667 0.05175
54 0.6550625 0.7482734375000001 0.05591666666666666 0.046796875
54 0.6585208333333334 0.7124843750000001 0.050208333333333334 0.03528125
54 0.43916666666666665 0.8058515625 0.11095833333333333 0.037109375
54 0.4699375 0.7645781250000001 0.11066666666666666 0.06165625
54 0.4720729166666667 0.722546875 0.09093749999999999 0.04509375
54 0.502375 0.6980703125 0.0895 0.046453125