46 0.6647734375 0.9326576576576577 0.111484375 0.1277927927927928
46 0.756125 0.8229842342342342 0.1695625 0.16457207207207206
46 0.637078125 0.7075 0.172875 0.12941441441441442
46 0.5671328124999999 0.8203378378378378 0.082296875 0.07414414414414415
46 0.4692265625 0.6959797297297297 0.123828125 0.14790540540540542
46 0.3782109375 0.6541441441441442 0.130328125 0.1409009009009009
46 0.326171875 0.7240540540540541 0.12562500000000001 0.13418918918918918
46 0.46490625 0.8938626126126126 0.16203125000000002 0.13335585585585585
46 0.609 0.922027027027027 0.176 0.15324324324324326
46 0.643140625 0.7454504504504503 0.0615625 0.095
46 0.6903359375 0.9016103603603604 0.128671875 0.09006756756756758
46 0.6852109375000001 0.9225788288288288 0.13864062500000002 0.11542792792792793
49 0.2096796875 0.6056193693693693 0.201109375 0.09664414414414414
47 0.8459218749999999 0.7261824324324324 0.30015625 0.19137387387387386
46 0.7053593749999999 0.7371846846846847 0.12684375 0.10337837837837838
46 0.56015625 0.8074324324324325 0.4140625 0.240990990990991