47 0.44643749999999993 0.6682435597189695 0.03503125 0.017704918032786884
47 0.3830703125 0.7072248243559719 0.040140625 0.05238875878220141
47 0.5164843749999999 0.7608079625292741 0.0438125 0.064192037470726
47 0.40103906250000004 0.8228805620608899 0.101484375 0.09091334894613583
47 0.27702343749999997 0.728711943793911 0.072890625 0.06669789227166277
47 0.31464062499999995 0.7765222482435596 0.04290625 0.06100702576112412
47 0.3512734375 0.786744730679157 0.042640625 0.05147540983606558
47 0.2244140625 0.6923536299765808 0.060890625 0.056604215456674475
47 0.4197578125 0.7142740046838407 0.037703125 0.03791569086651054
47 0.2132734375 0.66 0.10232812499999999 0.07442622950819672
47 0.4391328125 0.6963583138173303 0.169671875 0.10934426229508196
47 0.3446953125 0.7191217798594848 0.036796875 0.04756440281030445
47 0.48049218750000006 0.7515807962529273 0.036828125 0.05370023419203747
47 0.53046875 0.7037470725995316 0.8265625 0.3583138173302108