54 0.4501875 0.8355882352941176 0.1046875 0.18919999999999998
54 0.358890625 0.8071176470588235 0.07665625000000001 0.1632705882352941
54 0.251265625 0.9166588235294117 0.11068750000000001 0.14414117647058822
54 0.298125 0.9071529411764705 0.08928125 0.18569411764705882
54 0.211421875 0.7959647058823529 0.10124999999999999 0.13451764705882352
54 0.33277343750000005 0.8621058823529413 0.093796875 0.18609411764705883
54 0.29321875 0.7314235294117647 0.08440625 0.11367058823529412
54 0.167875 0.8367058823529412 0.09103125 0.12809411764705883
54 0.325484375 0.6861764705882353 0.09015625000000001 0.0879764705882353
54 0.13741406250000002 0.7340117647058824 0.06967187500000001 0.09705882352941177
54 0.20253125 0.6726941176470588 0.06646875 0.1080235294117647
54 0.1726640625 0.7166941176470589 0.060203125 0.09235294117647058
54 0.2819765625 0.6073411764705883 0.062828125 0.09350588235294117
54 0.2515625 0.7729411764705882 0.503125 0.44941176470588234