46 0.6448984375 0.4057083333333333 0.163109375 0.23766666666666666
46 0.78415625 0.38726041666666666 0.10049999999999999 0.2660625
46 0.47532031249999995 0.1987708333333333 0.340765625 0.320625
46 0.22078906250000002 0.43483333333333335 0.44157812500000004 0.5640416666666667
46 0.0602421875 0.22947916666666668 0.120484375 0.31895833333333334
46 0.50621875 0.8968125 0.18662499999999999 0.206375
46 0.371625 0.8941458333333333 0.09121875 0.16666666666666666
46 0.5879453124999999 0.36183333333333334 0.207484375 0.17929166666666668
46 0.29865624999999996 0.8003541666666667 0.22546875000000002 0.16275
46 0.06741406250000001 0.7696666666666666 0.13482812500000002 0.2
46 0.7061796875 0.06404166666666666 0.306734375 0.12808333333333333
46 0.237640625 0.06704166666666667 0.3 0.13033333333333333
46 0.80765625 0.311125 0.13821875 0.204625
46 0.475 0.49895833333333334 0.95 0.9979166666666667