53 0.5 0.4943854166666667 1.0 0.9887708333333334
50 0.6471953125 0.8456979166666667 0.35729687499999996 0.28539583333333335
50 0.8662890624999999 0.3876354166666667 0.155046875 0.11010416666666667
50 0.4851953125 0.34591666666666665 0.090890625 0.12966666666666668
50 0.14157031250000002 0.5310833333333334 0.28314062500000003 0.24495833333333333
50 0.181515625 0.1952916666666667 0.16793750000000002 0.10454166666666667
50 0.43335156250000006 0.10542708333333334 0.12176562500000002 0.15939583333333335
50 0.7154140625000001 0.11179166666666666 0.11273437500000001 0.10891666666666668
50 0.7945156250000001 0.23835416666666667 0.2401875 0.14679166666666665
50 0.09183593749999999 0.2972291666666667 0.125171875 0.17891666666666667
50 0.69253125 0.2922083333333333 0.08765625 0.1065
50 0.46071093750000003 0.5038958333333333 0.146109375 0.07270833333333333
50 0.580640625 0.24403125 0.044687500000000005 0.06685416666666667
50 0.34253125 0.11092708333333334 0.06493750000000001 0.041854166666666665