51 0.17332 0.6239066666666667 0.07328 0.18434666666666666
51 0.29618 0.5436933333333334 0.08792 0.22930666666666666
51 0.2581 0.5236 0.14844 0.22746666666666665
51 0.2326 0.5059066666666667 0.07252 0.08962666666666666
51 0.34485 0.5696533333333333 0.10754000000000001 0.23557333333333333
51 0.33942 0.5023733333333333 0.07076 0.16570666666666667
51 0.13141 0.49197333333333326 0.17402 0.17653333333333335
51 0.08649 0.69928 0.047619999999999996 0.20586666666666667
51 0.11746000000000001 0.63468 0.07892 0.31325333333333333
50 0.72556 0.47603999999999996 0.12976 0.20674666666666666
50 0.87556 0.6106666666666667 0.2174 0.21797333333333332
50 0.88662 0.48558666666666667 0.22640000000000002 0.24130666666666664
50 0.5654499999999999 0.5838933333333333 0.17698 0.23370666666666667
51 0.43839 0.5317466666666667 0.14086 0.2660533333333333
51 0.13762 0.48739999999999994 0.04732 0.05874666666666667
51 0.30118 0.6123733333333333 0.06012 0.11637333333333333
51 0.047810000000000005 0.6278933333333333 0.049100000000000005 0.11317333333333333
51 0.499 0.56 0.998 0.4266666666666667