50 0.6690625 0.36862924281984333 0.0636875 0.1264490861618799
50 0.56815625 0.273733681462141 0.0718125 0.11530026109660574
51 0.6181484375 0.12353785900783291 0.101390625 0.05412532637075718
51 0.6026640624999999 0.21765013054830287 0.090109375 0.12
51 0.6106328125 0.17424281984334203 0.081265625 0.046762402088772845
51 0.684703125 0.13950391644908616 0.034937499999999996 0.1341514360313316
51 0.5495078125 0.20338120104438645 0.08595312499999999 0.09574412532637076
50 0.617265625 0.3550522193211489 0.05646875 0.1483289817232376
50 0.7237890625000001 0.20861618798955614 0.121890625 0.16950391644908616
50 0.711234375 0.35761096605744125 0.05853125 0.14138381201044387
50 0.5699765625000001 0.3488250652741514 0.064640625 0.11070496083550914
51 0.6202812499999999 0.0833420365535248 0.0916875 0.04887728459530026