46 0.5087395833333334 0.6627578125 0.21085416666666665 0.071703125
46 0.5130208333333334 0.5162812499999999 0.10162500000000001 0.040875
46 0.5525833333333333 0.3532109375 0.3106666666666667 0.072921875
46 0.5631458333333333 0.5095703125 0.29804166666666665 0.124703125
46 0.49973958333333335 0.5482500000000001 0.20356249999999998 0.05753125
46 0.6734583333333333 0.78134375 0.07883333333333334 0.06384375
46 0.5040729166666666 0.7998828125 0.12677083333333333 0.042703124999999995
46 0.5358125 0.765828125 0.05604166666666666 0.0503125
46 0.626875 0.783390625 0.0685 0.04928125
46 0.6631770833333334 0.6808671875 0.10760416666666667 0.062671875
46 0.42622916666666666 0.6891875 0.058208333333333334 0.052500000000000005