46 0.47267968750000006 0.228125 0.080578125 0.31275000000000003
46 0.6700937499999999 0.39416666666666667 0.0121875 0.06938888888888889
46 0.7588125 0.3507777777777778 0.052593749999999995 0.23338888888888887
46 0.38927343750000004 0.16859722222222223 0.099484375 0.2784166666666667
46 0.659140625 0.3809722222222222 0.01540625 0.07533333333333334
46 0.57859375 0.28468055555555555 0.044437500000000005 0.12519444444444444
46 0.6666953125 0.33919444444444447 0.08345312499999999 0.35083333333333333
46 0.7230078125 0.3587638888888889 0.048796875 0.23391666666666666
46 0.793328125 0.36395833333333333 0.0308125 0.2308611111111111
46 0.5349140625000001 0.24354166666666666 0.076671875 0.25869444444444445
51 0.360265625 0.8739166666666667 0.12853125 0.1637222222222222
46 0.290203125 0.22265277777777778 0.114125 0.3625277777777777
46 0.5913671875000001 0.38084722222222217 0.027515625 0.08058333333333334