46 0.9116339869281047 0.4589705882352941 0.12202614379084968 0.1568954248366013
46 0.6 0.4606781045751634 0.10336601307189543 0.14831699346405228
46 0.5786519607843137 0.8779656862745099 0.10112745098039216 0.17978758169934642
46 0.32585784313725485 0.4536437908496732 0.09151960784313726 0.13366013071895425
46 0.19436274509803922 0.4693464052287582 0.038921568627450984 0.12836601307189544
46 0.11812091503267973 0.3708333333333333 0.1103921568627451 0.11258169934640523
46 0.19553104575163396 0.364297385620915 0.07616013071895425 0.10196078431372549
46 0.27215686274509804 0.3369526143790849 0.07055555555555555 0.10073529411764706
46 0.3870996732026144 0.35447712418300653 0.05485294117647059 0.11421568627450981
46 0.7150326797385621 0.7109477124183007 0.07506535947712419 0.1369934640522876
46 0.20946078431372547 0.8704901960784314 0.10359477124183006 0.16441176470588237
46 0.5465032679738563 0.3102777777777778 0.12859477124183008 0.11457516339869282
46 0.2511029411764706 0.7240114379084968 0.034035947712418295 0.1386111111111111
46 0.49836601307189543 0.6290849673202614 0.9738562091503268 0.7189542483660131