46 0.649976580796253 0.4338984375 0.40140515222482437 0.307140625
49 0.18776346604215455 0.3263828125 0.1276112412177986 0.079046875
49 0.2952576112412178 0.30823437499999995 0.10695550351288056 0.08775
49 0.24875878220140515 0.2617265625 0.12421545667447306 0.079171875
49 0.3359836065573771 0.5859921875 0.1302810304449649 0.082171875
47 0.4570374707259953 0.37022656249999997 0.13159250585480092 0.087796875
47 0.2666861826697892 0.49787499999999996 0.13697892271662765 0.0796875
47 0.5553629976580796 0.45425781249999997 0.11194379391100702 0.083078125
47 0.5716744730679156 0.581015625 0.24807962529274005 0.06521875
47 0.43508196721311476 0.4498046875 0.13597189695550352 0.089078125
49 0.5195901639344263 0.23220312499999998 0.10676814988290399 0.07121875
49 0.5414285714285714 0.302015625 0.13681498829039812 0.09246875
49 0.6637470725995317 0.26266406249999996 0.09475409836065574 0.058109375
49 0.30855971896955503 0.18878124999999998 0.12466042154566744 0.09009375
49 0.14563231850117098 0.4825859375 0.1114519906323185 0.092796875
49 0.173864168618267 0.400953125 0.09770491803278689 0.0851875
49 0.40439110070257606 0.5398984375 0.12269320843091334 0.086109375