46 0.17885 0.39100600600600594 0.28586 0.33708708708708707
46 0.17972 0.141996996996997 0.26295999999999997 0.283993993993994
46 0.72608 0.3436936936936937 0.26532 0.2633033033033033
46 0.72499 0.5943993993993995 0.28522000000000003 0.2892192192192192
46 0.94265 0.3229129129129129 0.056979999999999996 0.16354354354354356
46 0.6491699999999999 0.7770870870870871 0.17174 0.2714714714714715
46 0.5177999999999999 0.8873123123123122 0.11936 0.1548048048048048
46 0.38897 0.8856006006006006 0.13090000000000002 0.10531531531531532
46 0.28457 0.814099099099099 0.0195 0.042432432432432436
46 0.8929900000000001 0.3111111111111111 0.08862 0.13933933933933934
46 0.36951999999999996 0.3251051051051051 0.12376000000000001 0.18780780780780781
46 0.44061 0.8336786786786787 0.0599 0.1081981981981982
46 0.19807 0.9233783783783784 0.1505 0.1272972972972973
46 0.5 0.4984984984984985 0.996 0.996996996996997