47 0.66965625 0.9 0.6142291666666666 0.17753125
47 0.7780312500000001 0.801796875 0.4439375 0.22421875
47 0.747 0.566796875 0.06316666666666666 0.04334375
47 0.7760520833333333 0.34003125 0.0654375 0.033375
47 0.1131875 0.332796875 0.042499999999999996 0.02046875
47 0.11359375000000001 0.47541406249999996 0.043895833333333335 0.021546875
47 0.15060416666666668 0.65740625 0.30120833333333336 0.13534375
47 0.08861458333333333 0.7738515625 0.17722916666666666 0.18560937500000002
47 0.8510520833333334 0.3659140625 0.07010416666666666 0.040390625
47 0.7921354166666668 0.5524296874999999 0.4157291666666667 0.188765625
47 0.20259375000000002 0.4899609375000001 0.2063958333333333 0.114359375
47 0.7127604166666667 0.35803906249999995 0.0761875 0.037046875
49 0.43031250000000004 0.523671875 0.40908333333333335 0.1341875
49 0.4421666666666667 0.3279921875 0.38833333333333336 0.099609375
49 0.43289583333333337 0.71509375 0.412875 0.17665625000000001
49 0.25735416666666666 0.8655390624999999 0.47620833333333334 0.25520312500000003
47 0.17092708333333334 0.32987500000000003 0.3242291666666667 0.070125
47 0.5072916666666667 0.3984375 0.98125 0.278125