51 0.228125 0.5259081419624217 0.07584375 0.09336116910229644
50 0.6698593749999999 0.8029123173277662 0.25690625 0.3370563674321503
50 0.7953203125 0.5259498956158664 0.251140625 0.39820459290187893
50 0.350671875 0.7883924843423801 0.29096875 0.3775365344467641
50 0.4406484375 0.39438413361169106 0.24892187500000001 0.28989561586638835
50 0.1753046875 0.5303966597077244 0.333765625 0.5765762004175365
50 0.8602890625 0.7962526096033403 0.26742187500000003 0.3078705636743215
50 0.5394140625 0.509008350730689 0.46860937500000005 0.6509185803757829
51 0.11567968749999999 0.6124947807933194 0.065828125 0.10373695198329853
51 0.33781249999999996 0.32072025052192066 0.04746875 0.06607515657620042
51 0.039304687500000005 0.6824425887265135 0.075828125 0.09728601252609603
51 0.1286328125 0.7759185803757828 0.084546875 0.08615866388308978
51 0.6483359375 0.3405427974947808 0.062171875 0.07686847599164927
51 0.29379687499999996 0.4082776617954071 0.05884374999999999 0.03242171189979123