52 0.6507265625 0.8603020833333335 0.12354687499999999 0.16027083333333333
52 0.4870546875 0.7305833333333334 0.095296875 0.134125
52 0.31360156250000004 0.6919375 0.078015625 0.127
52 0.4253125 0.7170520833333334 0.08340625 0.1300625
52 0.5452265625 0.7876458333333333 0.082578125 0.13708333333333333
52 0.37078124999999995 0.7056250000000001 0.07415625 0.098875
52 0.5859921875 0.8244062500000001 0.082171875 0.17077083333333334
52 0.181859375 0.6259270833333335 0.07615625000000001 0.10272916666666668
52 0.293453125 0.6481666666666667 0.1055625 0.10320833333333333
53 0.8379843750000001 0.33684375 0.17309375 0.08456250000000001
53 0.729078125 0.27447916666666666 0.151125 0.079875
53 0.5663437499999999 0.25615625 0.1474375 0.07864583333333333