54 0.6482734375 0.3327972709551657 0.077984375 0.09089668615984406
54 0.7683828125 0.3552923976608187 0.083109375 0.09389863547758284
54 0.6046796875 0.39535087719298245 0.077921875 0.08910331384015595
54 0.6437265625 0.6239668615984406 0.09176562499999999 0.09249512670565303
54 0.5980390625 0.6861013645224171 0.091046875 0.08970760233918129
54 0.7140625 0.42088693957115014 0.08546875000000001 0.10181286549707602
54 0.8151875000000001 0.2943567251461988 0.0783125 0.08508771929824561
54 0.773515625 0.28228070175438597 0.05765625 0.058869395711500974
54 0.8589296875000001 0.23172514619883042 0.07223437499999999 0.08461988304093566
54 0.71996875 0.34149122807017546 0.048625 0.058732943469785574
54 0.8244140625 0.44346978557504874 0.088609375 0.10417153996101364
54 0.6673203125 0.4191617933723197 0.044140625 0.09001949317738792
54 0.6968984375 0.27342105263157895 0.077890625 0.09857699805068226