48 0.5316861598440545 0.8223593750000001 0.34329434697855754 0.109625
48 0.7327972709551657 0.7567734374999999 0.3574074074074074 0.122140625
48 0.8142884990253412 0.663453125 0.19115009746588693 0.08196875
48 0.7849025341130603 0.8283437499999999 0.1883625730994152 0.1265625
55 0.6527192982456141 0.21703125 0.10372319688109162 0.07825
55 0.4645321637426901 0.22697656249999998 0.09538011695906433 0.06592187499999999
55 0.5625438596491228 0.22609374999999998 0.10212475633528265 0.072625
55 0.6161890838206627 0.147078125 0.09635477582846004 0.0555625
55 0.376374269005848 0.2098515625 0.10623781676413255 0.07279687500000001
55 0.36526315789473685 0.175828125 0.09894736842105263 0.06165625
55 0.4768615984405458 0.14816406249999997 0.06475633528265107 0.066671875
55 0.3242690058479532 0.38207031249999995 0.1015204678362573 0.07307812500000001
55 0.7365984405458089 0.34864843749999996 0.09678362573099415 0.098453125
55 0.6006822612085769 0.40678906249999996 0.10514619883040935 0.073328125
55 0.5125633528265107 0.4014609375 0.09943469785575049 0.052078124999999996
55 0.4105750487329435 0.40582031250000006 0.09128654970760233 0.073171875
55 0.6305165692007797 0.1936484375 0.0977972709551657 0.048453125
48 0.9248440545808967 0.7558984375000001 0.15031189083820662 0.084546875
48 0.7289766081871345 0.6718437500000001 0.1910916179337232 0.09778125