50 0.2312421875 0.45160416666666664 0.280578125 0.23141666666666666
50 0.277171875 0.7633958333333334 0.091875 0.14608333333333334
50 0.38753125 0.73915625 0.1538125 0.2649375
50 0.17528125 0.8146041666666667 0.21571875000000001 0.17304166666666668
50 0.1828671875 0.6185416666666667 0.187078125 0.13033333333333333
50 0.22750000000000004 0.29928125 0.1323125 0.09452083333333333
50 0.3229609375 0.25325000000000003 0.089453125 0.08779166666666667
50 0.35209375 0.50071875 0.17521875 0.1794375
50 0.35255468749999996 0.29477083333333337 0.112421875 0.11479166666666667
50 0.30040625 0.6183125 0.078125 0.10204166666666666
50 0.37184375000000003 0.6155833333333334 0.07731249999999999 0.111125
50 0.22777343749999995 0.7434166666666666 0.039296874999999995 0.059166666666666666
47 0.029226562499999997 0.75325 0.054546874999999995 0.3688333333333333