54 0.5224264705882353 0.6791584967320261 0.06802287581699347 0.04684640522875817
54 0.3882598039215686 0.7182271241830065 0.07008169934640524 0.03792483660130719
54 0.4111356209150327 0.7576388888888889 0.06919934640522876 0.0355718954248366
54 0.5262581699346405 0.6960620915032679 0.07111111111111111 0.04686274509803921
54 0.5386928104575164 0.708717320261438 0.07366013071895425 0.03959150326797386
54 0.22284313725490196 0.8529248366013072 0.09477124183006536 0.08450980392156862
54 0.1441421568627451 0.8806617647058824 0.08929738562091503 0.09112745098039216
54 0.03849673202614379 0.9612581699346406 0.07699346405228757 0.07748366013071896
54 0.19281045751633988 0.9230065359477124 0.09944444444444445 0.08179738562091504
54 0.4658578431372549 0.7277859477124183 0.06799019607843138 0.035081699346405225
54 0.32574346405228755 0.9403431372549019 0.10642156862745097 0.08986928104575163
54 0.7148529411764705 0.6667320261437908 0.04133986928104575 0.0284640522875817
54 0.28306372549019604 0.8881209150326796 0.08906862745098039 0.08797385620915034
54 0.4803921568627451 0.7598039215686274 0.8529411764705882 0.477124183006536