50 0.7466484375 0.36945833333333333 0.062140625000000005 0.09541666666666666
50 0.24746875 0.5293125 0.07690625 0.12475
50 0.77190625 0.4370833333333334 0.39775 0.40675
50 0.94453125 0.47139583333333335 0.05428125 0.06641666666666667
50 0.5996640625 0.5021666666666667 0.032421875 0.05291666666666666
51 0.4312421875 0.39401041666666664 0.046390625000000005 0.06185416666666667
51 0.49890625 0.4116458333333333 0.027718749999999997 0.038
51 0.47276562499999997 0.33818750000000003 0.06775 0.10595833333333333
51 0.54946875 0.46789583333333334 0.20746875 0.37424999999999997
51 0.3944296875 0.3262395833333333 0.056484374999999996 0.08410416666666666
51 0.42259375000000005 0.2866458333333333 0.027875 0.029708333333333333
51 0.1826171875 0.49624999999999997 0.051953125 0.10637500000000001
51 0.19190625 0.6533229166666668 0.0531875 0.035645833333333335