54 0.364359375 0.5892154566744731 0.0418125 0.04269320843091335
54 0.428140625 0.6670140515222482 0.017937500000000002 0.02475409836065574
54 0.45428125 0.660608899297424 0.025937500000000002 0.03592505854800937
54 0.47956249999999995 0.6727517564402812 0.018437500000000002 0.03473067915690867
54 0.5058125 0.6756908665105386 0.025687500000000002 0.02608899297423888
54 0.401296875 0.6529391100702576 0.021281249999999998 0.02990632318501171
54 0.443265625 0.5689344262295082 0.03021875 0.038056206088992975
54 0.571984375 0.5936651053864169 0.03434375 0.033559718969555036
54 0.41745312500000004 0.6998711943793912 0.0641875 0.05444964871194379
54 0.4942578125 0.78307962529274 0.051546875000000006 0.0752927400468384
54 0.560921875 0.7423302107728338 0.034437499999999996 0.04845433255269321
54 0.6028359375 0.5974238875878221 0.024484375 0.02927400468384075
54 0.45828125000000003 0.6040515222482435 0.04296875 0.034894613583138175
54 0.4796875 0.5971896955503513 0.384375 0.44028103044496486