46 0.2350390625 0.5885318559556787 0.009828125 0.01030470914127424
46 0.1901953125 0.6190304709141274 0.019796875 0.03174515235457064
46 0.12422656250000001 0.7031024930747923 0.036953124999999996 0.05013850415512466
46 0.13839062500000002 0.6696537396121883 0.0240625 0.03930747922437673
46 0.22321875000000002 0.6983240997229917 0.0078125 0.016260387811634348
46 0.20916406250000003 0.6959279778393352 0.025796875000000004 0.049141274238227145
46 0.19228125000000001 0.6732548476454293 0.02 0.036703601108033244
46 0.23841406250000002 0.6781717451523546 0.026265624999999997 0.04515235457063712
46 0.22275781249999999 0.67696675900277 0.010390625 0.03271468144044321
46 0.197328125 0.6571883656509695 0.02178125 0.02689750692520776
46 0.196921875 0.6441966759002771 0.01140625 0.015041551246537395
47 0.8501562500000001 0.6055817174515236 0.0538125 0.04407202216066482
47 0.8337421875000001 0.45832409972299165 0.021703125 0.037811634349030475