55 0.21202083333333333 0.8677109375000001 0.06779166666666667 0.038328125000000005
55 0.208375 0.5334453125 0.14595833333333333 0.070484375
55 0.08030208333333334 0.8594062499999999 0.06893750000000001 0.03925
55 0.3180104166666667 0.8354609375 0.0684375 0.059015625
55 0.17698958333333334 0.6314062500000001 0.17722916666666666 0.04896875
55 0.24638541666666666 0.7085781250000001 0.07089583333333334 0.04396875
55 0.27257291666666666 0.86328125 0.06597916666666667 0.05209375000000001
55 0.15783333333333335 0.7136171874999999 0.065375 0.038671875
55 0.28185416666666663 0.7007890625000001 0.051458333333333335 0.055578125
55 0.14489583333333333 0.7851640625 0.06120833333333333 0.049984375
55 0.10322916666666666 0.7090390625 0.056749999999999995 0.038828125000000005
55 0.16979166666666667 0.77890625 0.31875 0.2328125