51 0.8418896713615023 0.7614140625 0.12922535211267605 0.038734375
51 0.9362441314553991 0.6520859375000001 0.12751173708920188 0.073984375
51 0.6549178403755869 0.5800078125 0.13772300469483567 0.059953124999999996
51 0.07295774647887324 0.902140625 0.10586854460093897 0.0196875
51 0.31056338028169017 0.6391640625 0.09084507042253522 0.020015625000000002
51 0.32390845070422536 0.5581328125 0.0637793427230047 0.010078125
51 0.3640845070422535 0.485796875 0.10075117370892019 0.031
51 0.7659389671361503 0.7908984375 0.13436619718309858 0.030859375
51 0.34796948356807517 0.6670546875 0.08002347417840376 0.050453125
51 0.6123356807511737 0.594453125 0.025187793427230046 0.011
51 0.88731220657277 0.538265625 0.15678403755868547 0.057437499999999996
51 0.6003051643192489 0.50565625 0.11309859154929577 0.04084375
51 0.7120422535211268 0.424609375 0.052676056338028174 0.023125
51 0.4565727699530516 0.6640625 0.8568075117370892 0.66875