46 0.2989609375 0.30112200435729847 0.22723437500000002 0.3505664488017429
46 0.7118125 0.4220152505446623 0.0119375 0.031568627450980394
46 0.71628125 0.5211873638344227 0.02175 0.04002178649237473
46 0.7027578125 0.5070370370370371 0.036421875 0.04923747276688453
46 0.7273124999999999 0.48438997821350765 0.0233125 0.027995642701525054
46 0.732 0.41179738562091506 0.01946875 0.03671023965141613
46 0.7268046875 0.435119825708061 0.029203125000000003 0.0392156862745098
46 0.7090390625 0.4563725490196079 0.059109375 0.06856209150326797
46 0.6928515624999999 0.5422875816993464 0.027046874999999998 0.037298474945533774
46 0.56740625 0.4298583877995642 0.03403125 0.03980392156862745
46 0.56384375 0.4938562091503268 0.025093749999999998 0.021263616557734205
46 0.703203125 0.3940196078431372 0.040375 0.07718954248366013