48 0.6504479166666666 0.377671875 0.1987708333333333 0.14196875
48 0.45889583333333334 0.3118828125 0.17041666666666666 0.114359375
48 0.2918125 0.36735937500000004 0.22204166666666666 0.14296875
48 0.6072083333333332 0.298703125 0.17066666666666666 0.10300000000000001
48 0.716 0.78015625 0.22420833333333334 0.32287499999999997
48 0.4834791666666666 0.8018046875 0.28229166666666666 0.33782812500000003
48 0.16890624999999998 0.5222734375 0.2230625 0.16729687499999998
48 0.750375 0.5245468750000001 0.19729166666666667 0.17040625
48 0.6008958333333333 0.5200625000000001 0.14945833333333333 0.15246875
48 0.46470833333333333 0.5301640625 0.15 0.151203125
48 0.46769791666666666 0.4000390625 0.17672916666666666 0.086171875
48 0.22631250000000003 0.8040234375 0.34137500000000004 0.345203125
48 0.31111458333333336 0.52715625 0.16789583333333333 0.1555625
52 0.22488541666666664 0.8017031250000001 0.3301458333333333 0.34209375
52 0.16295833333333334 0.516046875 0.214 0.17778125
52 0.310625 0.5295078125 0.17937499999999998 0.159921875
52 0.45747916666666666 0.5358515625 0.14737499999999998 0.15492187500000001
52 0.6111145833333335 0.52603125 0.18097916666666666 0.16259375
52 0.7490208333333332 0.5256953125 0.21229166666666668 0.166203125