49 0.5795416666666667 0.31807812500000004 0.14883333333333332 0.10787500000000001
49 0.6297812500000001 0.230546875 0.09689583333333333 0.08525
49 0.5317604166666666 0.27292187500000004 0.1338125 0.10093749999999999
49 0.6523645833333334 0.31978125 0.06460416666666667 0.10609375000000001
55 0.19476041666666669 0.8337109375 0.22172916666666667 0.089890625
55 0.4868854166666667 0.9157265625000001 0.2786458333333333 0.168546875
55 0.8374479166666667 0.49887499999999996 0.14681249999999998 0.07190625
55 0.38352083333333337 0.710859375 0.19775 0.12359374999999999
49 0.8030312500000001 0.319125 0.09835416666666667 0.09778125
55 0.5076458333333334 0.6019375 0.09208333333333334 0.0696875
55 0.24165625000000002 0.43364843749999993 0.4827291666666667 0.348515625
55 0.6247604166666666 0.7542578125 0.2595208333333333 0.195859375
55 0.9351666666666667 0.6600859375 0.12966666666666668 0.185703125
55 0.6716354166666666 0.560359375 0.18081250000000001 0.094625
55 0.95521875 0.8553750000000001 0.0895625 0.27349999999999997
55 0.7745937499999999 0.964265625 0.24335416666666668 0.07146875
55 0.7929166666666667 0.6609375 0.111375 0.08578125
49 0.7312708333333333 0.31764843750000005 0.162125 0.11785937500000002
49 0.7263020833333333 0.25671875 0.12335416666666667 0.04871875