54 0.618234375 0.3898377281947262 0.34550000000000003 0.43010141987829614
54 0.7770312500000001 0.6014503042596349 0.35975 0.20014198782961462
54 0.8568749999999999 0.42057809330628804 0.18090625 0.25649087221095335
54 0.7651171874999999 0.2202231237322515 0.22157812500000001 0.16178498985801218
54 0.42182812500000005 0.5309432048681542 0.25575000000000003 0.19880324543610547
54 0.42249218749999995 0.36276876267748476 0.14351562499999998 0.23344827586206898
54 0.9443125 0.4549087221095334 0.111375 0.2319269776876268
54 0.5310937499999999 0.19807302231237323 0.10506249999999999 0.1275050709939148
54 0.334671875 0.2973630831643002 0.18509375 0.30843813387423935
54 0.6175234375 0.096947261663286 0.236015625 0.19129817444219066
54 0.911171875 0.15884381338742393 0.17671874999999998 0.22941176470588234