53 0.49685156249999995 0.49293911007025765 0.9309218749999999 0.9858782201405153
50 0.5264609375 0.7141334894613584 0.049734375 0.0568384074941452
50 0.5196484375000001 0.8983138173302109 0.048765625 0.07161592505854801
50 0.8372578124999999 0.7033255269320843 0.045078125000000004 0.0390632318501171
50 0.7589218750000001 0.4075878220140516 0.08609375 0.08922716627634661
50 0.29728125 0.2088992974238876 0.067 0.12421545667447306
50 0.4684609375 0.3624941451990632 0.046671875 0.08007025761124122
50 0.515578125 0.3940281030444965 0.0571875 0.06491803278688524
50 0.6592499999999999 0.1957494145199063 0.040875 0.05744730679156909
50 0.3831171875 0.07343091334894615 0.061421875 0.06058548009367682
50 0.446640625 0.5426697892271662 0.04375 0.07124121779859485
50 0.2971875 0.4554098360655738 0.03378125 0.07362997658079626
50 0.325875 0.7020023419203747 0.10278125 0.07927400468384076
50 0.25546875 0.7960772833723654 0.10700000000000001 0.0626463700234192
50 0.6109375 0.5128805620608899 0.24375 0.9695550351288056