52 0.20249999999999999 0.5919305555555555 0.15618749999999998 0.14352777777777778
52 0.41765625 0.5475138888888889 0.078125 0.13352777777777777
52 0.8342031249999999 0.34311111111111114 0.06821875 0.09494444444444444
52 0.34065625 0.44269444444444445 0.056874999999999995 0.13933333333333334
52 0.2876796875 0.4219861111111112 0.051828125 0.14019444444444445
52 0.537359375 0.42915277777777777 0.10693749999999999 0.0813611111111111
52 0.2370078125 0.7696666666666666 0.170640625 0.191
52 0.10417968749999999 0.6159722222222223 0.14351562499999998 0.1668888888888889
52 0.1015390625 0.5023611111111111 0.153734375 0.1466111111111111
52 0.45063281250000004 0.3842777777777778 0.034140625 0.08538888888888889
52 0.2743359375 0.3289861111111111 0.14029687500000002 0.03563888888888889
52 0.7838515625 0.28052777777777776 0.06867187500000001 0.06233333333333334
52 0.314484375 0.28247222222222224 0.118125 0.08083333333333334
52 0.47734375 0.475 0.9546875 0.5277777777777778