55 0.738202614379085 0.777532679738562 0.32133986928104574 0.2876470588235294
55 0.7616503267973856 0.34524509803921566 0.27464052287581703 0.20954248366013073
55 0.5587336601307189 0.17113562091503268 0.24985294117647058 0.17423202614379085
55 0.48382352941176476 0.5094117647058823 0.263202614379085 0.2070261437908497
55 0.9242810457516342 0.5737581699346405 0.15143790849673203 0.2506535947712418
55 0.29870098039215687 0.3142892156862745 0.24936274509803924 0.19740196078431374
55 0.3795343137254902 0.917532679738562 0.37563725490196076 0.14248366013071895
55 0.787467320261438 0.06379084967320262 0.23774509803921567 0.1268954248366013
55 0.16450980392156864 0.7075081699346405 0.30310457516339867 0.2772058823529412
55 0.07254084967320262 0.45621732026143796 0.14508169934640525 0.22537581699346407
55 0.944158496732026 0.2077859477124183 0.1116830065359477 0.19220588235294117
55 0.1473611111111111 0.13624999999999998 0.2203104575163399 0.15812091503267972