51 0.3531328125 0.6829912663755459 0.075609375 0.029868995633187772
51 0.4002734375 0.6845524017467248 0.077421875 0.11687772925764192
51 0.5675234375 0.6536572052401747 0.045453125 0.11574235807860261
51 0.427421875 0.6707751091703057 0.05621875 0.0815065502183406
51 0.420109375 0.6525436681222707 0.0589375 0.14823144104803493
51 0.53471875 0.6304039301310044 0.035875000000000004 0.11735807860262008
51 0.7270546875 0.550764192139738 0.08882812500000001 0.11764192139737992
51 0.6349921875 0.5064410480349345 0.043546875 0.08519650655021835
51 0.561765625 0.6318995633187774 0.06009375 0.10497816593886462
51 0.5530078125 0.615938864628821 0.024015625 0.08131004366812228
51 0.6845859375 0.5565174672489083 0.041359375 0.07028384279475983
51 0.5522421875 0.6581331877729258 0.047890625 0.08058951965065501
55 0.6893984375 0.6829585152838429 0.050859375 0.07473799126637554