47 0.45914915966386555 0.5941171875 0.1432142857142857 0.044421875
47 0.6772794117647059 0.5972890625 0.08619747899159665 0.033796875
47 0.7755357142857142 0.5837578124999999 0.09644957983193277 0.033453125
49 0.5241596638655462 0.6566953124999999 0.32768907563025207 0.210953125
46 0.4447373949579832 0.439171875 0.056113445378151265 0.039781250000000004
46 0.7582142857142857 0.4515703125 0.04294117647058824 0.033203125
46 0.43845588235294114 0.48996875000000006 0.049558823529411766 0.0475625
46 0.8018907563025209 0.45002343749999996 0.04655462184873949 0.030171874999999997
46 0.6038865546218487 0.51665625 0.04054621848739496 0.026500000000000003
46 0.6004621848739496 0.4691328125 0.02718487394957983 0.020359375
46 0.9029516806722689 0.45471874999999995 0.03695378151260504 0.035562500000000004
46 0.8395693277310925 0.4551953125 0.05161764705882353 0.030953124999999998
46 0.5422058823529411 0.4565859375 0.04130252100840336 0.030078125
46 0.4892121848739495 0.454390625 0.02392857142857143 0.0209375
46 0.38147058823529406 0.4500078125 0.056890756302521 0.032515625
46 0.9448949579831932 0.486625 0.03810924369747899 0.02834375
49 0.8272899159663866 0.6072421875 0.10138655462184873 0.031015625
46 0.38425420168067226 0.5014062499999999 0.04119747899159664 0.03640625
46 0.7121848739495799 0.475 0.5042016806722689 0.096875