51 0.72303125 0.4567083333333333 0.03853125 0.035375000000000004
51 0.7438359375 0.45803125 0.013453125 0.018229166666666668
51 0.7936484375 0.4563645833333333 0.029203125000000003 0.0381875
51 0.7423828125 0.47415625 0.047078125 0.014770833333333334
51 0.7965156250000001 0.4375833333333333 0.01984375 0.020583333333333335
51 0.7335624999999999 0.4375833333333333 0.16059375 0.087125
52 0.7087265625 0.4403854166666667 0.018390625 0.0185625
55 0.43326562500000004 0.4998333333333333 0.10003124999999999 0.10287500000000001
52 0.7597890625 0.4506666666666667 0.030234375 0.050875000000000004
52 0.6895 0.42954166666666665 0.014687500000000001 0.015708333333333335
52 0.6856328125 0.44759375 0.033640625 0.04410416666666667
52 0.73646875 0.41470833333333335 0.0309375 0.020874999999999998
52 0.7117734375 0.4291145833333333 0.045015625 0.024104166666666666
52 0.677015625 0.41840625000000004 0.03628125 0.021437499999999998
55 0.5201328125 0.523875 0.093515625 0.16104166666666667
55 0.8751328125000001 0.14396875 0.10298437499999999 0.0580625
52 0.75971875 0.41102083333333334 0.0100625 0.033875
52 0.7733046875 0.45085416666666667 0.013046875 0.014750000000000001