54 0.8019453125 0.5320520833333333 0.117234375 0.13097916666666667
54 0.6939609375 0.19952083333333331 0.10735937499999999 0.11587499999999999
54 0.395171875 0.34184375 0.08996875 0.09856250000000001
54 0.6830078125 0.5239375000000001 0.13770312499999998 0.14258333333333334
54 0.5520546875 0.506375 0.135015625 0.14129166666666665
54 0.60284375 0.41441666666666666 0.124875 0.131
54 0.6546953125 0.6191770833333333 0.128359375 0.1318125
54 0.7657109375 0.33026041666666667 0.108453125 0.13097916666666667
54 0.83240625 0.42675 0.115625 0.11733333333333333
54 0.9105000000000001 0.5261354166666666 0.12762500000000002 0.1328125
54 0.2644765625 0.24133333333333334 0.102609375 0.09091666666666667
54 0.26396875 0.5922499999999999 0.15509375 0.15479166666666666
54 0.2505234375 0.7237812499999999 0.16473437500000002 0.15552083333333336
54 0.41042187500000005 0.25709375 0.057374999999999995 0.06010416666666667
54 0.7203828125 0.43246874999999996 0.10232812499999999 0.10914583333333333
54 0.31245312500000005 0.32916666666666666 0.11546875000000001 0.149375
54 0.50703125 0.521875 0.9359375 0.9354166666666667