52 0.26664 0.48822972972972967 0.35568 0.7882432432432431
51 0.7624200000000001 0.5045675675675676 0.14092 0.14005405405405405
51 0.6246799999999999 0.4103918918918919 0.06536 0.23375675675675675
51 0.5311800000000001 0.35185135135135137 0.13136 0.053702702702702707
51 0.48122000000000004 0.2505675675675676 0.16548 0.23713513513513512
51 0.78141 0.18402702702702703 0.15794 0.21027027027027026
51 0.6886500000000001 0.4601216216216216 0.16641999999999998 0.1755945945945946
51 0.74097 0.1783918918918919 0.10214 0.125
51 0.6520900000000001 0.18886486486486484 0.30410000000000004 0.236
51 0.8105 0.3631351351351352 0.37407999999999997 0.47983783783783784
51 0.6399100000000001 0.17286486486486485 0.05614 0.04367567567567568
51 0.57182 0.4 0.057479999999999996 0.05794594594594595