54 0.32912 0.652906626506024 0.23588 0.15533132530120483
54 0.36516 0.3328162650602409 0.15744 0.08539156626506024
54 0.7080299999999999 0.2955421686746988 0.12502 0.08012048192771085
54 0.50952 0.7810843373493975 0.13648 0.24879518072289156
54 0.6113999999999999 0.2727259036144578 0.11556 0.09352409638554217
54 0.19988 0.3167469879518072 0.10264 0.08753012048192771
54 0.6168100000000001 0.44081325301204816 0.17493999999999998 0.12132530120481928
54 0.46028 0.48865963855421685 0.17348 0.1255722891566265
54 0.5403 0.6192620481927711 0.21459999999999999 0.18111445783132532
54 0.46531 0.4121686746987952 0.14622 0.07512048192771084
54 0.74788 0.7178614457831325 0.22304 0.10337349397590362
54 0.34153000000000006 0.7531174698795181 0.22458 0.11641566265060241
54 0.29206 0.5136144578313252 0.16516 0.0972289156626506
54 0.395 0.5466867469879518 0.778 0.9006024096385542