46 0.7296953125 0.20470725995316158 0.011359375 0.027259953161592507
46 0.11228125 0.5553395784543326 0.056374999999999995 0.08449648711943794
46 0.7943671875 0.1795784543325527 0.014734375 0.019672131147540985
46 0.662984375 0.367903981264637 0.022593750000000003 0.03763466042154567
46 0.7545 0.22507025761124122 0.16940625 0.14953161592505856
46 0.18074218749999998 0.5858899297423887 0.081453125 0.07463700234192037
46 0.162640625 0.6763700234192037 0.092875 0.07311475409836066
46 0.6565703125 0.327903981264637 0.013484375000000002 0.033559718969555036
46 0.2542109375 0.6116861826697892 0.082890625 0.07138173302107728
46 0.7203359375 0.4973536299765808 0.014953125000000001 0.0438407494145199
46 0.7264375 0.3010304449648712 0.15671875 0.10978922716627636
46 0.6931796875 0.40091334894613584 0.029171875000000003 0.018782201405152223