51 0.8055546874999999 0.49421875 0.170609375 0.04039583333333333
51 0.81740625 0.46058333333333334 0.17053125 0.027166666666666665
51 0.8149140625 0.44071875 0.174484375 0.03972916666666667
51 0.8036015624999999 0.3253229166666667 0.134265625 0.0424375
51 0.777921875 0.3460520833333333 0.13628125 0.036645833333333336
51 0.777703125 0.36705208333333333 0.10112499999999999 0.029062499999999998
51 0.8055546875000001 0.39434375 0.168390625 0.022395833333333334
51 0.8103359375 0.416375 0.186265625 0.02804166666666667
51 0.789859375 0.47646875000000005 0.12634375 0.029395833333333333
51 0.7910078125 0.3066979166666667 0.083765625 0.01952083333333333
51 0.8048984375 0.34913541666666664 0.164421875 0.07660416666666667
47 0.4995859374999999 0.14136458333333332 0.092859375 0.1404375
47 0.40453124999999995 0.12815625 0.09496875 0.1379375