49 0.3006796116504854 0.28633 0.0783009708737864 0.06142
49 0.324745145631068 0.18812 0.07555825242718446 0.05952
49 0.2363349514563107 0.16301999999999997 0.07383495145631068 0.06928
49 0.15549757281553397 0.16651000000000002 0.06390776699029126 0.05398
49 0.1399757281553398 0.13486 0.0716504854368932 0.056280000000000004
47 0.6172208737864078 0.5224500000000001 0.12264563106796117 0.09938
47 0.5832888349514563 0.6095499999999999 0.1104126213592233 0.08902
47 0.4856432038834952 0.66581 0.11434466019417476 0.11422
47 0.3009344660194175 0.61247 0.12929611650485437 0.10081999999999999
47 0.37089805825242717 0.45955 0.10364077669902913 0.11462
47 0.4641990291262136 0.45709 0.07650485436893203 0.06614
47 0.5981553398058252 0.42986 0.1095631067961165 0.08448
47 0.8210436893203883 0.6776 0.11315533980582523 0.09451999999999999
47 0.7202791262135922 0.6104 0.11774271844660193 0.09187999999999999
47 0.2590776699029126 0.52022 0.12 0.10112
47 0.7977063106796117 0.5456899999999999 0.11182038834951456 0.10786
49 0.2086893203883495 0.21799000000000002 0.07466019417475729 0.0581
49 0.3537742718446602 0.14171 0.06269417475728155 0.05106
49 0.3176456310679612 0.24106 0.08199029126213593 0.0516
49 0.16783980582524274 0.10715 0.06101941747572816 0.05082
49 0.22117718446601942 0.09793 0.051140776699029125 0.037899999999999996
49 0.27013349514563106 0.09674 0.06264563106796116 0.04224
47 0.513883495145631 0.57155 0.12509708737864078 0.10306
49 0.39507281553398055 0.2507 0.07436893203883495 0.05744
47 0.7183009708737864 0.48429 0.1079126213592233 0.08098000000000001
49 0.26887135922330097 0.13004 0.07813106796116505 0.05312
47 0.49393203883495146 0.59 0.9878640776699029 0.508
49 0.2779126213592233 0.318 0.4538834951456311 0.38