55 0.44909375 0.8679058823529412 0.046406249999999996 0.06004705882352941
55 0.48850781249999997 0.8879529411764706 0.07926562499999999 0.04583529411764706
55 0.46203125 0.814529411764706 0.03596875 0.03903529411764706
55 0.5142265625 0.8553529411764706 0.052296875 0.028447058823529412
55 0.29428125 0.8203411764705882 0.03503125 0.03767058823529412
55 0.3011328125 0.8674352941176471 0.029640624999999997 0.029364705882352942
55 0.356984375 0.8492470588235292 0.0303125 0.018964705882352943
55 0.381421875 0.8750705882352942 0.044187500000000005 0.020447058823529412
55 0.44021874999999994 0.8192 0.02684375 0.032235294117647056
55 0.3942265625 0.857435294117647 0.045390625000000004 0.028894117647058824
55 0.3352734375 0.8435058823529411 0.042296875 0.06776470588235295
55 0.30246874999999995 0.8491529411764706 0.03265625 0.029176470588235293
55 0.48362499999999997 0.8391294117647059 0.044625 0.0336