54 0.3265703125 0.3190416666666666 0.08542187500000001 0.11841666666666667
54 0.5120703125 0.2847291666666667 0.097828125 0.112125
54 0.5989921875 0.5768541666666667 0.098421875 0.127625
54 0.6098437499999999 0.2771354166666667 0.10203124999999999 0.1234375
54 0.7574062500000001 0.8846666666666666 0.11043750000000001 0.13879166666666667
54 0.7047968750000001 0.546625 0.07784375 0.084875
54 0.543765625 0.91075 0.09440625 0.075375
54 0.7170078125 0.47648958333333336 0.095890625 0.06635416666666667
54 0.8929375 0.55084375 0.11565624999999999 0.1683125
54 0.4534140625 0.8998541666666667 0.088609375 0.07012499999999999
54 0.8733984375 0.9387916666666667 0.142484375 0.12241666666666666
54 0.8871796875 0.8772083333333334 0.136296875 0.12895833333333334
54 0.3772421875 0.9104270833333333 0.079921875 0.1391875
54 0.49921875 0.49895833333333334 0.9984375 0.9979166666666667