50 0.6682352941176471 0.76 0.18352941176470586 0.24941176470588233
50 0.8051633986928104 0.5213643790849674 0.225359477124183 0.3708986928104575
50 0.6541176470588235 0.16470588235294117 0.11764705882352941 0.11764705882352941
50 0.44000000000000006 0.7505882352941176 0.19294117647058823 0.26823529411764707
50 0.7622957516339869 0.31638071895424835 0.13818627450980392 0.13583333333333333
50 0.6294117647058823 0.5505882352941176 0.20941176470588235 0.25882352941176473
46 0.4160130718954248 0.2608578431372549 0.14535947712418298 0.16736928104575163
46 0.4405555555555556 0.5545506535947712 0.09300653594771242 0.08661764705882352
46 0.443766339869281 0.48454248366013064 0.08933006535947713 0.08813725490196078
46 0.3420669934640523 0.6919117647058823 0.06527777777777778 0.085
46 0.19451797385620914 0.6063562091503268 0.09929738562091504 0.0773529411764706
46 0.23153594771241834 0.5467320261437908 0.08258169934640523 0.089281045751634
46 0.3730392156862745 0.5271568627450981 0.11901960784313725 0.2609150326797386
50 0.6345915032679739 0.39566993464052286 0.0730718954248366 0.11539215686274511