46 0.8834507042253522 0.4659375 0.23018779342723006 0.27912499999999996
46 0.329612676056338 0.4515625 0.07265258215962442 0.20678125
46 0.465774647887324 0.47859375000000004 0.21032863849765257 0.21484375
46 0.5839553990610329 0.46285156250000004 0.09852112676056338 0.20754687500000002
46 0.5334272300469484 0.26067968750000003 0.26333333333333336 0.265171875
46 0.5804929577464788 0.6795234375 0.11572769953051643 0.23523437500000002
46 0.4827464788732394 0.697625 0.19286384976525822 0.2493125
46 0.3777464788732395 0.6855234375 0.09666666666666666 0.270671875
46 0.09795774647887323 0.685875 0.185962441314554 0.26615625
46 0.7038028169014084 0.2590078125 0.263943661971831 0.24098437499999997
46 0.9759389671361502 0.243359375 0.04812206572769953 0.18059375
46 0.18525821596244132 0.45160156249999994 0.2384507042253521 0.212703125
46 0.7582746478873239 0.7115625 0.26711267605633804 0.27675
46 0.4988262910798122 0.49921875 0.9976525821596244 0.9984375