49 0.61440625 0.380595567867036 0.03925 0.07371191135734072
49 0.45292187500000003 0.5267728531855956 0.038593749999999996 0.08130193905817175
49 0.44259375000000006 0.6117174515235456 0.03740625 0.10060941828254848
49 0.27734375 0.5145706371191135 0.06896875 0.16432132963988919
49 0.6269218750000001 0.5131994459833795 0.035875000000000004 0.06457063711911357
49 0.642109375 0.46592797783933515 0.02584375 0.046481994459833795
49 0.8694765625 0.4671468144044321 0.032359375 0.05922437673130194
49 0.806265625 0.4148060941828255 0.0193125 0.039473684210526314
49 0.5058281250000001 0.31950138504155123 0.033187499999999995 0.06587257617728533
49 0.558609375 0.3427700831024931 0.03275 0.06454293628808865
49 0.465515625 0.3516481994459834 0.0273125 0.057534626038781164
49 0.3144609375 0.5596260387811633 0.031765625 0.06811634349030471
49 0.532390625 0.3003739612188366 0.037875 0.05969529085872576
49 0.4375 0.5983379501385041 0.83125 0.775623268698061