50 0.38340625 0.8676109936575053 0.20818750000000003 0.2323890063424947
50 0.5303906250000001 0.5705919661733615 0.1878125 0.29881606765327695
50 0.8594921874999999 0.3000951374207188 0.108359375 0.07160676532769555
50 0.5484765625000001 0.7517019027484144 0.277484375 0.21477801268498944
50 0.043476562499999996 0.7458879492600422 0.073046875 0.32940803382663847
50 0.9704843750000001 0.433953488372093 0.058062499999999996 0.09399577167019027
50 0.9179375000000001 0.34861522198731504 0.0839375 0.060655391120507406
50 0.9245390625000001 0.2996723044397463 0.039359375 0.0512262156448203
50 0.9819453125 0.2744186046511628 0.036109375 0.08875264270613108
50 0.7533515625 0.1957505285412262 0.027015624999999998 0.06638477801268498
50 0.28400781249999996 0.20378435517970403 0.043203124999999995 0.04659619450317125
50 0.9483124999999999 0.3194820295983087 0.072375 0.08945031712473574