54 0.25706249999999997 0.34287558685446007 0.16318749999999999 0.1619483568075117
54 0.3826953125 0.42032863849765256 0.16339062499999998 0.17572769953051642
54 0.372140625 0.2697769953051643 0.1464375 0.1490845070422535
54 0.5212421875000001 0.2616314553990611 0.132953125 0.13485915492957748
54 0.64746875 0.31428403755868545 0.133125 0.1662206572769953
54 0.772546875 0.36718309859154924 0.1635625 0.15826291079812208
54 0.8216875 0.49382629107981224 0.17415624999999998 0.15802816901408448
54 0.78 0.6192957746478873 0.18403125 0.1912206572769953
54 0.6320859375 0.7459037558685446 0.20810937499999999 0.23772300469483568
54 0.42396875000000006 0.7457276995305163 0.2184375 0.2351643192488263
54 0.2507421875 0.6400469483568075 0.203578125 0.24727699530516434
54 0.421375 0.5538732394366198 0.1848125 0.19305164319248824
54 0.596390625 0.5781924882629108 0.17828125 0.19906103286384977
54 0.4234375 0.44366197183098594 0.640625 0.28169014084507044