49 0.35534000000000004 0.32532 0.22268000000000002 0.23112
49 0.16290000000000002 0.26150999999999996 0.19568000000000002 0.21425999999999998
49 0.29957999999999996 0.14081 0.17104 0.18026
49 0.24155000000000001 0.47822000000000003 0.18766 0.18656
47 0.65428 0.14977000000000001 0.54728 0.18918000000000001
47 0.54802 0.30481 0.17776 0.19278
47 0.6655399999999999 0.45122 0.17496 0.17496
47 0.8378000000000001 0.44712999999999997 0.17316 0.17646
47 0.82475 0.6235299999999999 0.19469999999999998 0.18306
47 0.8517100000000001 0.80057 0.17326 0.17598
47 0.17391 0.82366 0.18325999999999998 0.18324000000000001
47 0.34693999999999997 0.85474 0.18324000000000001 0.19144
47 0.75112 0.30818 0.1704 0.17712
47 0.67226 0.77762 0.1812 0.18568
47 0.6480899999999999 0.61829 0.15314 0.15178
49 0.48052 0.7031099999999999 0.213 0.22338
49 0.46282999999999996 0.50186 0.25554 0.1972
47 0.52864 0.89063 0.17708000000000002 0.1849