46 0.13788 0.3761976047904192 0.0246 0.035988023952095806
46 0.18594000000000002 0.39185628742514966 0.02716 0.03329341317365269
46 0.5842999999999999 0.41188622754491017 0.02904 0.03784431137724551
46 0.23469 0.361002994011976 0.02398 0.02877245508982036
46 0.40483 0.3555239520958084 0.01694 0.034161676646706586
46 0.54017 0.3530538922155689 0.0349 0.03622754491017964
46 0.6245899999999999 0.42462574850299406 0.02982 0.04332335329341318
46 0.42473 0.3576946107784431 0.02014 0.029461077844311376
46 0.28799 0.3672455089820359 0.030539999999999998 0.03694610778443114
46 0.20894 0.37835329341317364 0.02504 0.03964071856287425
47 0.50148 0.5190119760479043 0.053079999999999995 0.05682634730538922
47 0.50231 0.562440119760479 0.0437 0.024880239520958084
47 0.5470400000000001 0.5178892215568862 0.00764 0.009550898203592815
47 0.76083 0.5463173652694611 0.05294 0.03772455089820359
47 0.6336 0.5405389221556886 0.061799999999999994 0.05844311377245509
47 0.44492000000000004 0.5301047904191616 0.06008 0.044221556886227545
49 0.5655399999999999 0.5566017964071857 0.00684 0.009431137724550898
49 0.55477 0.5603742514970059 0.02902 0.024221556886227544
46 0.68537 0.41052395209580833 0.028820000000000002 0.04068862275449102
46 0.6859 0.36794910179640716 0.022600000000000002 0.03853293413173652
46 0.44988 0.4009880239520958 0.02016 0.03179640718562874
47 0.5833 0.5090269461077844 0.04568 0.030688622754491017
49 0.27044 0.49167664670658684 0.00828 0.011616766467065867
46 0.499 0.38772455089820357 0.994 0.12874251497005987