54 0.4866484375000001 0.6091805555555556 0.102265625 0.11158333333333334
54 0.6929609375 0.5763611111111111 0.105265625 0.14672222222222223
54 0.76328125 0.47598611111111117 0.0989375 0.15269444444444444
54 0.3862109375 0.8091250000000001 0.125546875 0.1485277777777778
54 0.5276640625 0.7759027777777777 0.125421875 0.1531388888888889
54 0.21804687500000003 0.7831388888888889 0.12262500000000001 0.15505555555555556
54 0.3842734375 0.6247222222222223 0.106171875 0.13483333333333333
54 0.201953125 0.5875 0.10018750000000001 0.11744444444444445
54 0.2770859375 0.6367361111111111 0.110234375 0.0963611111111111
54 0.6271953124999999 0.6839722222222222 0.11176562500000001 0.14555555555555555
54 0.8270078125 0.3478888888888889 0.099234375 0.15527777777777776
54 0.539484375 0.5423611111111111 0.09775 0.10855555555555554
54 0.5859296875 0.47865277777777776 0.082484375 0.10030555555555555
54 0.084375 0.6111111111111112 0.165625 0.40555555555555556