48 0.31277999999999995 0.4838533333333333 0.05316 0.03469333333333333
48 0.089 0.8644399999999999 0.049 0.049146666666666665
48 0.13767 0.8541466666666667 0.060020000000000004 0.04322666666666667
48 0.03675 0.8796666666666667 0.0587 0.04989333333333334
48 0.5680400000000001 0.8325066666666666 0.03064 0.025546666666666665
54 0.11477000000000001 0.8222933333333332 0.06014 0.06016
55 0.38702 0.7752 0.046439999999999995 0.05146666666666667
55 0.40567999999999993 0.7418 0.038799999999999994 0.032560000000000006
55 0.43171 0.7629333333333332 0.040740000000000005 0.050826666666666666
55 0.34973000000000004 0.69928 0.0385 0.05925333333333333
55 0.20022 0.81336 0.0862 0.08197333333333333
55 0.05342 0.8327200000000001 0.06124 0.04186666666666666
55 0.040310000000000006 0.7940266666666667 0.05066 0.03658666666666667
55 0.08724000000000001 0.8650133333333333 0.04872 0.05168
55 0.34266 0.7902 0.05088 0.05538666666666667
54 0.34290000000000004 0.7858 0.04532 0.05293333333333334
48 0.53458 0.7169200000000001 0.061079999999999995 0.07069333333333334