46 0.304265625 0.5066861826697892 0.021875 0.04044496487119438
46 0.2098984375 0.5872716627634661 0.11395312500000002 0.24044496487119438
46 0.5850078125 0.3066042154566745 0.085109375 0.10416861826697892
46 0.6198671874999999 0.5126112412177986 0.011609375 0.028969555035128804
46 0.3267890625 0.3034309133489461 0.094796875 0.12475409836065575
46 0.5836875 0.5738641686182671 0.0700625 0.1420608899297424
46 0.660546875 0.526311475409836 0.0185 0.03281030444964871
46 0.26110937500000003 0.4408313817330211 0.028468749999999998 0.02297423887587822
46 0.3529375 0.49944964871194375 0.06021875 0.1804918032786885
46 0.652671875 0.5983606557377049 0.11159375 0.2269320843091335
46 0.6847890624999999 0.4867213114754098 0.040828125 0.12871194379391102
46 0.28088281249999997 0.532423887587822 0.111671875 0.24807962529274005
46 0.5981171875 0.4807845433255269 0.065859375 0.12152224824355971