54 0.6207265625 0.45958333333333334 0.033015625 0.04429166666666667
54 0.7164531249999999 0.5009479166666667 0.03715625 0.044270833333333336
54 0.5303203125 0.4243854166666667 0.036671875 0.026395833333333334
54 0.6943671875 0.6295833333333334 0.044640625 0.043916666666666666
54 0.6950390625 0.49195833333333333 0.027828125 0.041958333333333334
54 0.751328125 0.33888541666666666 0.044906249999999995 0.04635416666666667
54 0.697015625 0.33263541666666663 0.038625 0.05602083333333333
54 0.7218046874999999 0.4701458333333333 0.035734375 0.04570833333333334
54 0.6415781249999999 0.4401354166666666 0.03603125 0.04622916666666667
54 0.5971328125 0.42049999999999993 0.033359375000000004 0.03391666666666667
54 0.6025859375 0.45420833333333327 0.028609375 0.04108333333333333
54 0.65184375 0.4858125 0.040875 0.030875
54 0.5669609375 0.43909375 0.025734374999999997 0.042520833333333334
54 0.621875 0.38229166666666664 0.284375 0.48541666666666666