50 0.3627021276595745 0.3682285714285714 0.10863829787234043 0.1341142857142857
50 0.5361063829787234 0.2732142857142857 0.037744680851063826 0.06282857142857143
53 0.5497234042553192 0.4618 0.8383829787234043 0.9236
50 0.7559255319148935 0.4604142857142857 0.07112765957446808 0.091
50 0.4953404255319149 0.43931428571428577 0.09370212765957446 0.1101142857142857
50 0.561936170212766 0.21262857142857144 0.10778723404255318 0.09577142857142858
50 0.24851063829787234 0.7221000000000001 0.06191489361702128 0.1146
50 0.4593191489361702 0.5943428571428571 0.07204255319148936 0.08291428571428572
50 0.6471489361702129 0.1770857142857143 0.07093617021276596 0.06708571428571429
50 0.6480425531914893 0.5018428571428571 0.06923404255319149 0.11814285714285715
50 0.28608510638297874 0.49034285714285714 0.07497872340425532 0.09937142857142857
50 0.7405 0.3861428571428572 0.055212765957446806 0.06742857142857143
50 0.7490638297872341 0.0992142857142857 0.16097872340425531 0.19465714285714283