51 0.57756 0.61861 0.09728 0.1905
51 0.38745999999999997 0.32598999999999995 0.14916 0.12242
51 0.7712899999999999 0.19419 0.09326000000000001 0.12838
51 0.86424 0.34698 0.1406 0.26488
51 0.50649 0.25184 0.11586 0.11692
51 0.79798 0.71049 0.2742 0.24694
51 0.54574 0.75948 0.12692 0.14312
51 0.40211 0.42525999999999997 0.15314 0.13056
51 0.47767000000000004 0.6805 0.10086 0.13663999999999998
51 0.48389 0.47049 0.12286 0.12778
51 0.6481500000000001 0.18586000000000003 0.30986 0.20712
51 0.43309 0.28281 0.22362 0.30513999999999997
51 0.81933 0.19901 0.1119 0.11914