50 0.25927 0.5636266666666666 0.14574 0.22650666666666666
50 0.7305900000000001 0.16234666666666667 0.21530000000000002 0.28234666666666663
51 0.71096 0.7212399999999999 0.20536000000000001 0.11575999999999999
47 0.29996999999999996 0.7222 0.0873 0.10925333333333333
47 0.21989999999999998 0.6868266666666667 0.08696 0.10837333333333334
47 0.20749 0.7975733333333332 0.08965999999999999 0.11034666666666668
47 0.131 0.6903466666666667 0.09676 0.12069333333333333
47 0.15912 0.5708266666666667 0.08828 0.12469333333333332
47 0.16918 0.45402666666666663 0.08 0.10442666666666665
47 0.19394999999999998 0.13384 0.09278 0.10645333333333334
47 0.16498 0.22529333333333335 0.0968 0.12472000000000001
47 0.1669 0.34798666666666667 0.09448000000000001 0.12104
47 0.24952000000000002 0.7359066666666667 0.023440000000000003 0.04290666666666667
47 0.27655 0.08417333333333334 0.07726000000000001 0.08845333333333334
47 0.35731999999999997 0.10193333333333333 0.09595999999999999 0.11682666666666668
51 0.61385 0.6835600000000001 0.16946 0.04786666666666666