48 0.6131953125 0.2076258205689278 0.400265625 0.40807439824945296
50 0.17389062500000002 0.4863347921225383 0.29403125 0.27293216630196937
50 0.73290625 0.8882275711159737 0.0785 0.0812253829321663
50 0.8643124999999999 0.8492341356673961 0.05596875 0.05492341356673961
50 0.5586484374999999 0.5105908096280087 0.109203125 0.11763676148796498
50 0.586140625 0.4655032822757112 0.5090625 0.31792122538293216
50 0.8114062499999999 0.8955798687089715 0.053500000000000006 0.045251641137855576
50 0.66153125 0.8626039387308535 0.0410625 0.05680525164113786
50 0.6239375 0.8531947483588622 0.06203125 0.05737417943107221
48 0.21785937500000002 0.25889496717724286 0.14025 0.10295404814004376
50 0.7497578125000001 0.8392450765864332 0.095703125 0.05477024070021882