47 0.48971093749999994 0.48117708333333337 0.351171875 0.4306041666666667
47 0.58053125 0.88509375 0.096625 0.07760416666666667
47 0.09525781250000001 0.95640625 0.06879687500000001 0.0871875
47 0.8170390624999999 0.41113541666666664 0.05298437499999999 0.058479166666666665
47 0.044867187499999996 0.29211458333333334 0.053203125 0.06622916666666666
47 0.7672734375 0.384375 0.053234375 0.05529166666666666
47 0.6913984375 0.41692708333333334 0.051890625 0.052145833333333336
47 0.885015625 0.36880208333333336 0.057374999999999995 0.07652083333333333
47 0.8850468750000001 0.3076770833333333 0.05500000000000001 0.05310416666666666
47 0.6104140625000001 0.7313854166666667 0.070703125 0.05727083333333333
47 0.7638281250000001 0.42385416666666664 0.04234375 0.04804166666666666
47 0.7147421875 0.3898229166666667 0.033578125 0.06347916666666667
47 0.1516015625 0.8647291666666667 0.059421875 0.08333333333333333
47 0.5609375 0.8520833333333333 0.084375 0.16666666666666666