54 0.1062421875 0.6946881496881496 0.212484375 0.22293139293139294
54 0.2835234375 0.759012474012474 0.299609375 0.28829521829521826
54 0.816734375 0.8265800415800415 0.33346875 0.3153222453222453
54 0.40632812500000004 0.47782744282744277 0.22509375 0.14908523908523907
54 0.19396875000000002 0.5258939708939709 0.21218750000000003 0.15981288981288982
54 0.1055625 0.465914760914761 0.19084375 0.14155925155925156
54 0.2929296875 0.41180873180873184 0.182640625 0.14731808731808732
54 0.20289843750000003 0.32579002079002084 0.14354687500000002 0.055821205821205824
54 0.3389609375 0.3564553014553014 0.137578125 0.09544698544698545
54 0.177140625 0.37824324324324327 0.15453125 0.07669438669438669
54 0.9639609375000001 0.31531185031185033 0.072078125 0.11012474012474012
54 0.4923125 0.36887733887733887 0.096875 0.1308108108108108
55 0.31041406250000003 0.5623908523908524 0.23957812500000003 0.1832016632016632
55 0.045515625 0.4322869022869023 0.08890624999999999 0.12573804573804573
55 0.49583593750000005 0.36803534303534297 0.105421875 0.13507276507276508
54 0.30884375 0.5635446985446986 0.242875 0.18858627858627858
54 0.24609375 0.367983367983368 0.4890625 0.2577962577962578