49 0.4992 0.6427352941176471 0.08164 0.10276470588235294
49 0.22543000000000002 0.6935441176470588 0.07682 0.09573529411764706
49 0.78137 0.6618382352941177 0.03818 0.057205882352941176
49 0.5724400000000001 0.8631176470588234 0.07164 0.08823529411764706
49 0.51523 0.8384264705882353 0.060899999999999996 0.08955882352941176
49 0.3464 0.898235294117647 0.07532 0.07841176470588235
49 0.27434000000000003 0.7541470588235295 0.06812 0.1083529411764706
49 0.5943999999999999 0.8339705882352941 0.05136 0.06805882352941177
49 0.32792 0.6781911764705882 0.05872 0.0823235294117647
49 0.08632 0.7393235294117647 0.0824 0.09323529411764706
49 0.11799 0.9370882352941176 0.07937999999999999 0.11335294117647059
49 0.06988 0.8465 0.046880000000000005 0.041
49 0.93989 0.7994558823529413 0.05898 0.08879411764705883
49 0.5 0.7397058823529412 0.996 0.5147058823529411