54 0.301125 0.77640625 0.59625 0.32584375
54 0.6666666666666666 0.641140625 0.4544166666666667 0.21525
54 0.14690625 0.5346328125 0.2938125 0.099328125
54 0.503375 0.5516875 0.32358333333333333 0.13259375
54 0.7877395833333333 0.45500781250000005 0.2334375 0.087046875
54 0.5571875 0.4595234375 0.24316666666666667 0.084171875
54 0.46978125 0.42632812500000006 0.21056249999999999 0.08578125
54 0.21005208333333333 0.6089140625 0.42010416666666667 0.184640625
54 0.6935416666666666 0.4156640625 0.20625 0.082203125
55 0.21354166666666666 0.606765625 0.42012499999999997 0.1640625
55 0.4683645833333333 0.42749218749999995 0.2103958333333333 0.09273437500000001
55 0.14297916666666668 0.5312578125 0.27908333333333335 0.090453125
55 0.31514583333333335 0.7818203125000001 0.58875 0.30648437500000003
55 0.6760416666666667 0.6393437499999999 0.43904166666666666 0.208875
55 0.52565625 0.5516953125 0.33747916666666666 0.146203125
55 0.6326250000000001 0.3923671875 0.09079166666666666 0.023640625000000002
55 0.78828125 0.45404687499999996 0.2336875 0.08675000000000001
55 0.55696875 0.4586640625 0.24289583333333334 0.08301562500000001