49 0.031070312499999996 0.18697916666666667 0.022453124999999997 0.035708333333333335
49 0.05114062500000001 0.17344791666666665 0.02334375 0.035354166666666666
51 0.5020625000000001 0.8149062499999999 0.03 0.08235416666666667
51 0.463375 0.8371770833333333 0.034375 0.09697916666666666
51 0.43635156249999996 0.8175416666666666 0.031109375 0.09329166666666668
51 0.2918359375 0.7975 0.029234375 0.08779166666666667
51 0.27272656250000005 0.7386874999999999 0.040609374999999996 0.051291666666666666
47 0.053625 0.14013541666666668 0.016718749999999998 0.029312500000000002
49 0.0156875 0.17703125000000003 0.01946875 0.034354166666666665
49 0.0322890625 0.15348958333333332 0.021296875 0.03160416666666667
51 0.380234375 0.7761770833333334 0.06690625 0.12135416666666667
51 0.56878125 0.7183750000000001 0.02703125 0.035041666666666665
47 0.046375 0.11558333333333334 0.01953125 0.029708333333333333
47 0.0395234375 0.13370833333333335 0.012890625 0.026375
47 0.011234375000000001 0.1368125 0.022468750000000003 0.042083333333333334
47 0.0337734375 0.10877083333333333 0.012328124999999999 0.026916666666666665
47 0.0373828125 0.0841875 0.018515625 0.029166666666666667
47 0.026640625 0.12508333333333332 0.01815625 0.026291666666666665
51 0.28288281249999997 0.6941145833333333 0.029109375 0.08256250000000001
51 0.24946875 0.7592395833333333 0.054781250000000004 0.0460625
51 0.3255 0.6479791666666667 0.02915625 0.039875
51 0.222546875 0.7508645833333334 0.0195 0.024187499999999997
51 0.5480078125 0.7141875 0.016046875 0.03529166666666667