51 0.6233099999999999 0.15169333333333335 0.0933 0.13666666666666666
51 0.64586 0.22378666666666666 0.07995999999999999 0.12549333333333335
51 0.68653 0.16083999999999998 0.05126 0.12093333333333334
51 0.72952 0.15729333333333334 0.05356 0.14712
51 0.64235 0.07058666666666666 0.11294 0.061173333333333337
51 0.6129499999999999 0.13244 0.1141 0.08882666666666668
47 0.72937 0.3245866666666667 0.09866 0.23173333333333335
47 0.9570500000000001 0.45425333333333334 0.0859 0.2689333333333333
47 0.90979 0.34586666666666666 0.09106 0.236
47 0.81674 0.32278666666666667 0.09359999999999999 0.22333333333333333
47 0.78013 0.5371733333333333 0.11090000000000001 0.22293333333333332
47 0.67987 0.5311733333333333 0.1013 0.26752
47 0.87078 0.51688 0.14804 0.32725333333333334
51 0.70478 0.24292 0.045759999999999995 0.09
48 0.32292 0.7595066666666667 0.32696 0.31325333333333333
47 0.63086 0.3314533333333333 0.106 0.20237333333333332