55 0.45004687499999996 0.5529274004683842 0.14275 0.21170960187353632
55 0.6231796875 0.3531381733021077 0.142390625 0.20711943793911006
55 0.6565859375 0.2101873536299766 0.10310937499999999 0.13985948477751756
55 0.4969140625 0.9041451990632319 0.141890625 0.1917096018735363
55 0.37528125 0.1527985948477752 0.14296875 0.20784543325526933
55 0.34109375000000003 0.4261709601873536 0.14434375 0.20227166276346606
55 0.09346875 0.5816042154566745 0.14240625 0.19763466042154568
55 0.23356249999999998 0.6971662763466042 0.13674999999999998 0.20065573770491804
55 0.5622812500000001 0.5648126463700234 0.12953125000000001 0.18868852459016391
55 0.366515625 0.7883138173302108 0.13343750000000001 0.2
55 0.3552421875 0.3230327868852459 0.123921875 0.13426229508196721
55 0.21950781249999998 0.338384074941452 0.141734375 0.1994847775175644
55 0.50515625 0.26233021077283375 0.15078125 0.2077985948477752
55 0.46796875 0.49882903981264637 0.9328125 0.9976580796252927