47 0.38106249999999997 0.7175764705882353 0.02734375 0.03825882352941177
47 0.36128906250000004 0.7175058823529412 0.213234375 0.224
47 0.2007421875 0.7098941176470588 0.211328125 0.15969411764705885
49 0.5859062500000001 0.5781058823529411 0.0173125 0.02312941176470588
49 0.551015625 0.6298470588235294 0.02828125 0.03385882352941177
49 0.6451484375 0.5819882352941177 0.021265625 0.020635294117647057
49 0.537359375 0.5729882352941177 0.02271875 0.03421176470588235
49 0.643046875 0.6042588235294117 0.025406250000000002 0.02668235294117647
49 0.1438515625 0.5060235294117648 0.013609375000000002 0.01308235294117647
49 0.12744531250000002 0.4818117647058824 0.019265625 0.02230588235294118
49 0.11575781249999999 0.5103176470588235 0.017453125 0.00915294117647059
49 0.095609375 0.4971058823529411 0.0166875 0.021223529411764704
49 0.1751484375 0.48961176470588236 0.015078125000000001 0.01103529411764706
49 0.15699999999999997 0.5023529411764706 0.01428125 0.011388235294117647
49 0.1295859375 0.5004705882352941 0.020265625000000002 0.018823529411764704
49 0.09418750000000001 0.4787882352941176 0.01378125 0.01856470588235294
49 0.1296875 0.5105882352941177 0.084375 0.11294117647058824