46 0.3880859375 0.6569742990654206 0.251640625 0.1711448598130841
46 0.7874765625 0.567091121495327 0.117484375 0.3819392523364486
46 0.8775546875 0.6754906542056075 0.169453125 0.11654205607476636
46 0.69890625 0.18304906542056074 0.12628124999999998 0.14469626168224298
46 0.7466406250000001 0.18398364485981308 0.24390625 0.3505841121495327
46 0.6084921875 0.4794859813084112 0.184421875 0.15523364485981309
46 0.7698984375 0.3501285046728972 0.162390625 0.11100467289719626
46 0.6753671875 0.6675233644859813 0.150046875 0.3694392523364486
46 0.8617109375 0.517231308411215 0.169640625 0.25105140186915886
46 0.9314843749999999 0.14608644859813083 0.047625 0.13179906542056075
46 0.5960703125 0.557196261682243 0.118578125 0.09630841121495327
46 0.7686875000000001 0.3887616822429906 0.11571875000000001 0.11686915887850469
46 0.9239296874999999 0.5630373831775701 0.081703125 0.09719626168224299
46 0.86484375 0.30490654205607476 0.2359375 0.544392523364486