50 0.6398515625 0.3750825471698113 0.136078125 0.21653301886792453
50 0.67265625 0.6910377358490566 0.1828125 0.25
50 0.35478125 0.17535377358490564 0.090875 0.11891509433962265
50 0.537890625 0.76625 0.11309374999999999 0.2213679245283019
50 0.7852109374999999 0.2959905660377358 0.137984375 0.18943396226415093
50 0.248046875 0.5718278301886792 0.05443750000000001 0.12441037735849056
50 0.606046875 0.5637971698113207 0.11578124999999999 0.09938679245283019
51 0.5644296874999999 0.27002358490566036 0.048296875 0.0855188679245283
51 0.5126015625 0.12362028301886793 0.068578125 0.06874999999999999
51 0.243453125 0.3986084905660377 0.06443750000000001 0.06316037735849057
51 0.2701796875 0.21795990566037735 0.085390625 0.15658018867924528
51 0.6464296875 0.0972051886792453 0.054546874999999995 0.06389150943396227
51 0.48870312499999996 0.6024528301886792 0.066625 0.11731132075471698
51 0.4947265625 0.30504716981132074 0.086890625 0.052641509433962265
51 0.34157812499999995 0.6246698113207547 0.0258125 0.08051886792452831
51 0.70128125 0.5352240566037736 0.03796875 0.05375
51 0.7479140625 0.6802358490566037 0.027171875 0.04849056603773585
50 0.8039687499999999 0.16015330188679244 0.0483125 0.0677122641509434
50 0.4039140625 0.33779481132075473 0.111671875 0.11337264150943396