55 0.6637734375 0.6446370023419203 0.14154687500000002 0.20463700234192037
55 0.796125 0.6539344262295083 0.1229375 0.1707728337236534
55 0.8377343749999999 0.6126112412177985 0.12184375 0.17875878220140515
55 0.604 0.9296604215456675 0.14103125 0.14067915690866512
55 0.4864921875 0.9049414519906323 0.125109375 0.1614519906323185
55 0.550953125 0.824519906323185 0.10628125 0.11152224824355972
55 0.637234375 0.8237939110070257 0.10184375000000001 0.11531615925058548
55 0.7649843749999999 0.925807962529274 0.1451875 0.1229976580796253
55 0.8210546875 0.9210304449648711 0.10689062499999999 0.1579391100702576
55 0.7135703125 0.5680913348946136 0.083140625 0.09932084309133489
55 0.554 0.5988524590163934 0.11215625 0.125807962529274