54 0.47424218749999997 0.6868735362997659 0.035390624999999995 0.026018735362997657
54 0.51765625 0.6866042154566745 0.019125 0.017423887587822016
54 0.5419375000000001 0.6867096018735362 0.0245625 0.01847775175644028
54 0.5206796875 0.7743091334894614 0.022609375 0.03423887587822014
54 0.56971875 0.6851170960187354 0.01928125 0.021662763466042154
54 0.6258515625000001 0.7692388758782203 0.018734375 0.02189695550351288
54 0.54565625 0.7787002341920375 0.023875 0.035807962529274005
54 0.4910546875 0.7833372365339579 0.022359375 0.01693208430913349
54 0.46760156249999996 0.7770843091334895 0.025234374999999996 0.03192037470725995
54 0.5086796875 0.6546604215456675 0.018765625 0.017236533957845433
54 0.623375 0.7645316159250585 0.021249999999999998 0.026580796252927398
54 0.5165703125000001 0.6799063231850117 0.022015625 0.0239344262295082
54 0.590296875 0.6790515222482435 0.02434375 0.02189695550351288
54 0.71796875 0.7459016393442623 0.5609375 0.2786885245901639