55 0.40260937500000005 0.7970872641509433 0.18528125 0.15007075471698114
55 0.5620234375 0.8876415094339623 0.188328125 0.10669811320754717
55 0.7308828125000001 0.750247641509434 0.043078125 0.05516509433962264
55 0.594921875 0.6837146226415094 0.023375 0.022429245283018866
55 0.547140625 0.7199292452830188 0.03825 0.0494811320754717
55 0.790328125 0.832936320754717 0.053531249999999996 0.0857311320754717
55 0.6955 0.8151533018867925 0.0626875 0.0457311320754717
55 0.7822109374999999 0.7677594339622642 0.046578125 0.06273584905660377
55 0.6970624999999999 0.766308962264151 0.03603125 0.04412735849056604
55 0.6346953125000001 0.7702830188679245 0.044671875 0.08259433962264151
55 0.5865625000000001 0.7316509433962265 0.04409375 0.05297169811320755