54 0.6705 0.7156093749999999 0.09408333333333332 0.0479375
54 0.46590624999999997 0.7466953125 0.08139583333333333 0.06073437499999999
54 0.48275 0.6888671875 0.08537499999999999 0.049796875000000004
54 0.5214583333333334 0.6488984375 0.07770833333333332 0.043921875
54 0.5720416666666667 0.5726875 0.0785 0.0361875
54 0.8043854166666667 0.6033046875 0.07052083333333334 0.037609375
54 0.68728125 0.6688125 0.07914583333333333 0.04328125
54 0.6497708333333334 0.7619765625 0.08716666666666667 0.060328124999999996
54 0.6672604166666666 0.7521953124999999 0.31597916666666664 0.234265625
54 0.7920312500000001 0.643515625 0.07752083333333333 0.04353125
54 0.7989479166666666 0.5686640625 0.0676875 0.035921875
54 0.7281979166666667 0.5575859375000001 0.07314583333333333 0.036828125
54 0.7266979166666666 0.5928359375 0.08089583333333333 0.039109375
54 0.615625 0.5828125 0.2520833333333333 0.140625