55 0.7092819843342038 0.516078125 0.21234986945169712 0.1151875
55 0.510691906005222 0.5539296874999999 0.24033942558746735 0.119109375
55 0.5663446475195822 0.7465078125 0.1906527415143603 0.123046875
55 0.7517885117493472 0.71359375 0.19407310704960834 0.1141875
55 0.43274151436031333 0.2668203125 0.2360313315926893 0.112109375
55 0.6817885117493473 0.236421875 0.22885117493472587 0.10634375
55 0.4236945169712793 0.668703125 0.19861618798955613 0.104125
48 0.20840731070496082 0.9209687499999999 0.10887728459530027 0.12584375
48 0.13988250652741516 0.9280781250000001 0.11678851174934725 0.13525
55 0.34327676240208876 0.743765625 0.20483028720626634 0.1184375
55 0.8547780678851175 0.64 0.1797911227154047 0.10075
55 0.6630548302872064 0.44897656250000006 0.17342036553524803 0.102296875
55 0.4312402088772846 0.47957031250000004 0.20900783289817232 0.106265625
55 0.33627937336814623 0.2101953125 0.22723237597911228 0.102734375
48 0.08300261096605745 0.9206953124999998 0.15801566579634466 0.134171875
55 0.6267493472584856 0.1793046875 0.1946475195822454 0.058578125
55 0.47911227154047 0.54140625 0.8276762402088773 0.4234375