48 0.4636484375 0.48267688679245285 0.051796875 0.04469339622641509
48 0.407625 0.5044811320754717 0.053968749999999996 0.05523584905660378
48 0.3877109375 0.5571462264150944 0.074578125 0.07561320754716981
48 0.3426875 0.5209669811320754 0.07209375 0.06268867924528301
48 0.2682109375 0.5627358490566038 0.068296875 0.08481132075471698
48 0.24396093749999997 0.617122641509434 0.094015625 0.08108490566037736
48 0.3194296875 0.5862264150943396 0.079515625 0.08518867924528302
48 0.4563046875 0.5292216981132075 0.069984375 0.08764150943396226
53 0.5806171875 0.701568396226415 0.47639062499999996 0.2898820754716981
53 0.1325 0.5049292452830189 0.22928125000000002 0.13033018867924528
48 0.1898984375 0.5904599056603773 0.073140625 0.09214622641509435
48 0.515296875 0.503691037735849 0.05053125000000001 0.06299528301886792