50 0.6009609375 0.37613583138173307 0.09476562499999999 0.17793911007025762
50 0.3642109375 0.3705854800936768 0.091046875 0.14824355971896955
50 0.527203125 0.7658430913348946 0.10078125 0.09440281030444965
50 0.375984375 0.48941451990632323 0.16796875 0.17882903981264636
50 0.543953125 0.2870608899297424 0.07378124999999999 0.1411943793911007
50 0.42992187499999995 0.8950819672131148 0.13384374999999998 0.17021077283372366
50 0.6252109375000001 0.5966276346604216 0.089953125 0.14159250585480093
50 0.34722656250000006 0.6073887587822014 0.067640625 0.07388758782201406
50 0.7625 0.897400468384075 0.07971875 0.14805620608899298
50 0.7136484375000001 0.33591334894613584 0.077953125 0.1868149882903981
50 0.5473046874999999 0.9401053864168618 0.059078125 0.09637002341920374
50 0.8024843749999999 0.514496487119438 0.090625 0.11718969555035129