46 0.34003003003003 0.7973100000000001 0.2087087087087087 0.17266
46 0.6383033033033032 0.83772 0.15264264264264263 0.23104
46 0.44708708708708705 0.85056 0.32054054054054054 0.2764
46 0.15645645645645645 0.86897 0.3129129129129129 0.25402
46 0.06399399399399398 0.77849 0.12798798798798797 0.14446
46 0.38746246246246246 0.19857999999999998 0.05534534534534535 0.06896
46 0.6027177177177176 0.2169 0.257987987987988 0.17464
46 0.7381231231231231 0.78728 0.13426426426426427 0.16748
46 0.4485735735735736 0.17456 0.08927927927927928 0.13184
46 0.42737237237237236 0.26116 0.08933933933933934 0.0876
47 0.5033783783783784 0.55955 0.9932432432432432 0.36406
49 0.8782132132132132 0.36997 0.11144144144144144 0.05162
49 0.9640540540540541 0.37787 0.0718918918918919 0.046579999999999996
49 0.15966966966966967 0.74013 0.1475075075075075 0.08322
49 0.09785285285285286 0.61051 0.10633633633633632 0.06594
46 0.8685435435435435 0.82987 0.2629129129129129 0.26233999999999996
46 0.3182282282282282 0.17896 0.10864864864864865 0.08056
46 0.3142042042042042 0.24602000000000002 0.20114114114114115 0.08932
49 0.9246096096096096 0.71679 0.13852852852852854 0.0439
49 0.9528528528528529 0.41354 0.06390390390390391 0.05108
49 0.6644594594594595 0.6826099999999999 0.15594594594594594 0.10086