46 0.7111562499999999 0.9269294117647059 0.12021875 0.14614117647058825
46 0.5673593749999999 0.9064588235294118 0.12350000000000001 0.16458823529411765
46 0.4125078125 0.8970470588235294 0.055234375 0.12129411764705882
46 0.336265625 0.8626117647058823 0.1099375 0.1933176470588235
46 0.1539765625 0.8541058823529412 0.113171875 0.1188
46 0.2805078125 0.6291529411764706 0.033484375 0.040705882352941175
46 0.673328125 0.715529411764706 0.07565625000000001 0.09115294117647059
46 0.7075859375 0.7080470588235295 0.039765625 0.09722352941176471
46 0.8319218749999999 0.6229176470588236 0.0788125 0.09402352941176471
46 0.7289218749999999 0.5918470588235294 0.04303125 0.07545882352941176
46 0.4693203125 0.8501882352941176 0.102953125 0.10112941176470587
46 0.19616406249999999 0.917235294117647 0.12898437499999998 0.16421176470588236
46 0.3255 0.6243058823529412 0.0315625 0.051011764705882354
46 0.5 0.6258823529411764 0.996875 0.7435294117647059