54 0.5525156250000001 0.6692291666666665 0.043125000000000004 0.024083333333333335
54 0.5920234375 0.6608125 0.043609375 0.020791666666666667
54 0.522625 0.5982187499999999 0.03565625 0.021145833333333332
54 0.705953125 0.6656145833333333 0.04765625 0.029104166666666667
54 0.5688124999999999 0.6339895833333333 0.041249999999999995 0.025354166666666667
54 0.568046875 0.6943645833333334 0.047531250000000004 0.0316875
54 0.621484375 0.6842395833333333 0.052031249999999994 0.0311875
54 0.6648515625 0.6737395833333334 0.050828125 0.0295625
54 0.5283749999999999 0.6414166666666666 0.04415625 0.026291666666666665
54 0.643234375 0.6223437500000001 0.044125 0.02364583333333333
54 0.506609375 0.5856979166666668 0.03575 0.020979166666666667
54 0.5401015625 0.5778958333333334 0.032671875 0.019666666666666666
54 0.6061640625 0.6291458333333334 0.040859374999999996 0.025541666666666667
54 0.56640625 0.6041666666666666 0.2765625 0.175