53 0.7852092050209205 0.8155546875 0.18418410041841005 0.078828125
53 0.3690585774058578 0.7932109374999999 0.1301673640167364 0.079203125
53 0.6761820083682007 0.44135156249999996 0.08274058577405857 0.036515625
53 0.6441317991631799 0.378578125 0.09583682008368201 0.02021875
53 0.42014644351464436 0.3640078125 0.06652719665271967 0.020015625000000002
53 0.6643933054393305 0.5999375 0.1307112970711297 0.07425000000000001
53 0.33848326359832637 0.62321875 0.15345188284518826 0.06965625
53 0.24220711297071132 0.4339765625 0.10771966527196652 0.06889062500000001
53 0.3541108786610879 0.199796875 0.05110878661087866 0.04921875
49 0.4221338912133891 0.6302265625 0.06589958158995816 0.030328125
49 0.45306485355648535 0.4921796875 0.04215481171548117 0.034734375
49 0.31509414225941423 0.7528046875000001 0.0744142259414226 0.054609375
49 0.637928870292887 0.627234375 0.0699163179916318 0.03
49 0.6014016736401674 0.604390625 0.03912133891213389 0.03203125
49 0.41899581589958157 0.60375 0.048912133891213384 0.026218750000000002
53 0.8091527196652719 0.438 0.07947698744769875 0.06946875
53 0.7736297071129707 0.1918203125 0.03186192468619247 0.027765625