47 0.9096599999999999 0.7025333333333335 0.020079999999999997 0.02853333333333333
47 0.92723 0.7339466666666667 0.020300000000000002 0.02565333333333333
46 0.19731 0.34274666666666664 0.11102 0.17626666666666665
46 0.26767 0.31694666666666665 0.08174 0.22253333333333333
46 0.33264 0.2690133333333333 0.09112 0.23493333333333333
46 0.40620999999999996 0.3397733333333333 0.05465999999999999 0.08696
46 0.45348 0.3079733333333333 0.050320000000000004 0.07786666666666667
46 0.91616 0.45766666666666667 0.02252 0.060719999999999996
46 0.41785 0.40718666666666664 0.060579999999999995 0.05549333333333333
46 0.198 0.5647333333333333 0.08572 0.09538666666666668
46 0.36401999999999995 0.63428 0.07404000000000001 0.07938666666666666
46 0.52682 0.27757333333333334 0.055240000000000004 0.06346666666666667
46 0.96261 0.28006666666666663 0.07174 0.02552
46 0.8396699999999999 0.30402666666666667 0.018539999999999997 0.014293333333333335
47 0.8743000000000001 0.7203066666666667 0.019719999999999998 0.02664
47 0.87448 0.6938133333333334 0.02732 0.029386666666666665
47 0.89337 0.67676 0.01594 0.022586666666666668
47 0.93465 0.6826 0.031100000000000003 0.027866666666666665
47 0.9088099999999999 0.6812 0.0255 0.02448
47 0.8595300000000001 0.7170933333333334 0.02266 0.030186666666666667
47 0.92061 0.6594266666666666 0.02782 0.03005333333333333
49 0.02859 0.73084 0.01394 0.024453333333333334
49 0.11412 0.6340933333333333 0.0314 0.05261333333333333
46 0.88873 0.32069333333333333 0.06406 0.06917333333333334
47 0.8902299999999999 0.7235733333333333 0.02234 0.028
47 0.93135 0.6482266666666667 0.03978 0.05144
47 0.8627400000000001 0.6510933333333334 0.030920000000000003 0.03525333333333334
47 0.9264000000000001 0.7078266666666667 0.02764 0.02776
47 0.857 0.6706666666666666 0.118 0.136
46 0.55 0.43333333333333335 0.856 0.5253333333333333