47 0.6455833333333333 0.8535390625 0.19954166666666667 0.137515625
46 0.77428125 0.6016171874999999 0.14527083333333335 0.21857812499999998
46 0.5258437499999999 0.291578125 0.12285416666666667 0.22696875
46 0.41246875000000005 0.3300703125 0.050895833333333335 0.14754687500000002
46 0.37536458333333333 0.1427265625 0.0993125 0.117984375
46 0.8893854166666667 0.576125 0.14052083333333334 0.23318750000000002
46 0.90240625 0.365984375 0.19518749999999999 0.25225
46 0.489 0.546546875 0.12108333333333333 0.16009374999999998
46 0.6951354166666666 0.3022421875 0.10785416666666667 0.23595312499999999
46 0.7237291666666666 0.641890625 0.384375 0.371625
46 0.6067395833333333 0.32322656250000004 0.11685416666666668 0.265171875
46 0.31240624999999994 0.3627109375 0.06502083333333333 0.099609375
46 0.78078125 0.3243203125 0.12010416666666666 0.290546875
46 0.42781250000000004 0.1469140625 0.08783333333333333 0.070671875
46 0.6125 0.2828125 0.7708333333333334 0.425