55 0.597703125 0.727323943661972 0.0228125 0.02892018779342723
55 0.48644531250000006 0.6951056338028169 0.015734375000000002 0.03546948356807512
55 0.5387500000000001 0.7313028169014084 0.0225625 0.03495305164319249
55 0.6091171875 0.6037793427230046 0.017046875 0.023004694835680753
55 0.11456250000000001 0.5469600938967136 0.012531249999999999 0.013779342723004694
55 0.673625 0.45333333333333337 0.00925 0.012910798122065728
55 0.6367812500000001 0.6926408450704226 0.010374999999999999 0.019178403755868545
55 0.62675 0.6882981220657278 0.01240625 0.02983568075117371
55 0.647078125 0.5933098591549296 0.031906250000000004 0.04103286384976526
55 0.5273984375 0.5909389671361502 0.015421874999999998 0.021502347417840375
55 0.6875390625000001 0.6518779342723006 0.015546874999999998 0.023051643192488265
55 0.47667187499999997 0.65193661971831 0.01753125 0.032558685446009386