46 0.212296875 0.7794583333333333 0.279 0.23595833333333335
49 0.2464765625 0.9143125 0.045765625 0.063375
49 0.2211875 0.8273854166666667 0.02403125 0.02764583333333333
49 0.250953125 0.8104479166666666 0.047843750000000004 0.0471875
49 0.3404453125 0.8518333333333333 0.031359375 0.045083333333333336
49 0.2826640625 0.8992500000000001 0.042453125 0.0525
47 0.28365625 0.76975 0.07196875 0.09841666666666667
49 0.20270312499999998 0.8501562500000001 0.04196875 0.06135416666666667
49 0.2653671875 0.8727291666666666 0.180796875 0.14358333333333334
49 0.16416406249999999 0.8515416666666666 0.037640625 0.055625
49 0.138484375 0.8898750000000001 0.034687499999999996 0.04416666666666667
49 0.1751796875 0.9027812500000001 0.037453125 0.0436875