46 0.6615234375 0.5387470725995316 0.047890625 0.04728337236533958
46 0.17385156249999997 0.6028220140515224 0.066578125 0.0856440281030445
46 0.5928515625 0.5285714285714286 0.054796875 0.07203747072599533
46 0.608796875 0.6524941451990632 0.0144375 0.01252927400468384
46 0.6298984375 0.5199063231850117 0.054671875 0.07957845433255269
46 0.6582656250000001 0.7128454332552693 0.07515625000000001 0.07234192037470726
46 0.62834375 0.6551053864168618 0.033 0.025011709601873537
46 0.6546171875000001 0.6120491803278688 0.047796875 0.078711943793911
46 0.6984609374999999 0.5305152224824355 0.088671875 0.07934426229508197
46 0.1730234375 0.7492505854800937 0.060046875 0.08899297423887588
46 0.59596875 0.6134894613583137 0.07946875 0.09887587822014052
46 0.154015625 0.6653864168618268 0.025312499999999998 0.03793911007025761
46 0.5925390625 0.7027400468384075 0.079203125 0.0834192037470726
46 0.42578125 0.7306791569086651 0.5703125 0.3185011709601874