49 0.7406171875 0.7930237580993521 0.086484375 0.3228941684665227
49 0.565984375 0.7376457883369331 0.11065624999999998 0.27529157667386606
49 0.6510390625 0.7785205183585313 0.11417187499999999 0.35505399568034557
49 0.8145624999999999 0.7942008639308855 0.0829375 0.27997840172786176
50 0.3608671875 0.30706263498920083 0.129359375 0.19058315334773218
50 0.134796875 0.7842008639308855 0.1365 0.16745140388768898
50 0.36428125 0.7877429805615551 0.11090625000000001 0.26179265658747297
51 0.395765625 0.5717602591792658 0.08340625 0.3482289416846652
51 0.14258593749999998 0.5302807775377969 0.067640625 0.31900647948164146
51 0.6493828125000001 0.3219330453563715 0.310140625 0.48965442764578837
50 0.14656249999999998 0.2784233261339093 0.11274999999999999 0.20518358531317496
51 0.1015859375 0.5073542116630669 0.040359374999999996 0.30676025917926564