47 0.521125 0.79365625 0.10915625 0.14085416666666667
47 0.34362499999999996 0.6211041666666667 0.1056875 0.147125
47 0.29930468749999994 0.42682291666666666 0.082453125 0.11547916666666666
49 0.8066015625 0.8537708333333334 0.336078125 0.20991666666666667
47 0.7693125000000001 0.10865625 0.0494375 0.058187499999999996
49 0.48489843750000006 0.5289166666666667 0.092671875 0.12354166666666666
49 0.4580468750000001 0.4499375 0.08646875000000001 0.10820833333333332
49 0.392828125 0.8731666666666666 0.10784374999999999 0.151625
49 0.342890625 0.6183333333333334 0.102375 0.14470833333333333
49 0.4061640625 0.05194791666666667 0.048703125 0.08310416666666667
49 0.568125 0.5961354166666666 0.07715625000000001 0.13077083333333334
49 0.524484375 0.8186666666666668 0.1686875 0.3595833333333333
49 0.2548203125 0.5611458333333333 0.095140625 0.12283333333333334
49 0.22156250000000002 0.46678125000000004 0.08515625 0.11268750000000001
47 0.09974999999999999 0.6124166666666667 0.10628125 0.137375
47 0.1692578125 0.5634270833333334 0.087109375 0.11902083333333334
47 0.38298437500000004 0.19932291666666666 0.05846875 0.08777083333333334
50 0.7199453124999999 0.7329375 0.21351562500000001 0.15295833333333334