50 0.7878984375 0.6662089201877934 0.241796875 0.4626056338028169
50 0.17871874999999998 0.3209741784037559 0.23471875 0.3526056338028169
50 0.5779140625 0.17294600938967136 0.178546875 0.2752816901408451
50 0.5325 0.9317723004694836 0.14721875 0.10823943661971831
50 0.27434375 0.9055281690140845 0.14859375 0.17917840375586855
50 0.423953125 0.2760328638497653 0.0931875 0.22427230046948357
50 0.9706328124999999 0.7905868544600938 0.058734375000000005 0.15530516431924882
50 0.934375 0.697417840375587 0.0375 0.11502347417840375
51 0.399375 0.5458802816901408 0.15975 0.21176056338028168
50 0.6404375 0.3375234741784037 0.124 0.2610093896713615
50 0.9737109375000002 0.3984154929577465 0.052578124999999996 0.2442488262910798
51 0.541203125 0.2820305164319249 0.1535625 0.23237089201877933
50 0.3743125 0.6021713615023474 0.12275 0.17143192488262912
50 0.22014062499999998 0.6731807511737089 0.32240625 0.3307276995305164