46 0.38203125 0.38 0.1109375 0.1623529411764706
46 0.5185390625 0.4040117647058824 0.046859374999999995 0.07056470588235293
46 0.5685078124999999 0.37861176470588237 0.025609375 0.04663529411764706
46 0.4374921875 0.3991176470588235 0.045046875 0.12209411764705883
46 0.55825 0.32943529411764705 0.03903125 0.09458823529411765
46 0.49006249999999996 0.4087529411764706 0.0463125 0.07783529411764706
46 0.5405781249999999 0.39303529411764704 0.035812500000000004 0.06776470588235295
46 0.4813515625 0.3357882352941176 0.046078125 0.06169411764705882
46 0.5340624999999999 0.32634117647058825 0.03934375 0.07348235294117647
46 0.503359375 0.33605882352941174 0.04253125 0.08585882352941177
46 0.45373437499999997 0.32105882352941173 0.031906250000000004 0.045364705882352946
46 0.5767421875000001 0.31899999999999995 0.034546875 0.07461176470588235