50 0.80140625 0.6552927400468385 0.146 0.25175644028103045
50 0.107625 0.6066276346604215 0.1121875 0.2107728337236534
50 0.2297734375 0.8083957845433255 0.079953125 0.08911007025761124
50 0.624015625 0.1894145199063232 0.10518749999999999 0.1764871194379391
53 0.5 0.49887587822014046 1.0 0.9842622950819672
50 0.8392890625000001 0.2454215456674473 0.054921874999999995 0.03505854800936768
50 0.7801171875 0.12368852459016393 0.031203124999999998 0.0807728337236534
50 0.2757421875 0.14302107728337235 0.055609375 0.14866510538641686
50 0.46652343749999997 0.5663934426229508 0.18267187499999998 0.10243559718969555
50 0.7341953125 0.08710772833723654 0.087390625 0.10592505854800936
50 0.18341406249999997 0.5134894613583137 0.053140625 0.11011709601873537
50 0.8910781249999999 0.33873536299765805 0.08746875 0.12379391100702576