54 0.5716484374999999 0.6223591549295775 0.194203125 0.23293427230046948
54 0.7845390625 0.7573004694835681 0.222859375 0.2516901408450704
54 0.4036328125 0.5322769953051644 0.174484375 0.1907511737089202
54 0.19553906250000003 0.36742957746478877 0.139671875 0.13316901408450704
54 0.519828125 0.4102699530516432 0.1521875 0.14598591549295775
54 0.5624921875 0.7360798122065727 0.186015625 0.1428169014084507
54 0.2962109375 0.3132981220657277 0.12367187500000001 0.14687793427230048
54 0.6896718749999999 0.4904107981220658 0.1833125 0.17833333333333334
54 0.282625 0.4555164319248826 0.15790625 0.15863849765258214
54 0.8797499999999999 0.6078521126760563 0.20796874999999998 0.20246478873239437
54 0.7636015625000001 0.8797769953051644 0.237828125 0.21349765258215964
54 0.3963359375 0.6388849765258217 0.155640625 0.11284037558685446
54 0.5367109375 0.5062206572769953 0.101421875 0.09215962441314554
54 0.503125 0.4835680751173709 0.928125 0.6197183098591549