51 0.25621875 0.5835104166666666 0.01690625 0.012229166666666668
51 0.24427343749999997 0.5924374999999998 0.023171875 0.01991666666666667
48 0.5623515625000001 0.6539166666666667 0.120046875 0.11812500000000001
48 0.41653124999999996 0.7116666666666667 0.11615625 0.10104166666666667
51 0.1964375 0.5989479166666667 0.04440625 0.03135416666666667
51 0.1567109375 0.6013541666666666 0.030828125 0.021458333333333336
51 0.4347578125 0.672625 0.046140625000000005 0.034083333333333334
51 0.2415 0.57946875 0.0141875 0.0073124999999999996
51 0.24450781250000003 0.5929166666666666 0.051515624999999995 0.025083333333333332
51 0.38365625 0.6495833333333334 0.011375 0.03204166666666667
51 0.6455078125 0.8355833333333333 0.018046875 0.12033333333333333
48 0.4297109375 0.6533229166666666 0.110359375 0.08102083333333333