47 0.9399531250000001 0.6853867403314917 0.06990625 0.1438121546961326
47 0.887875 0.32749999999999996 0.06465625 0.12803867403314917
47 0.76709375 0.22772099447513813 0.054656249999999997 0.10113259668508287
47 0.436453125 0.3921546961325967 0.06959375 0.1167403314917127
47 0.545890625 0.4283425414364641 0.06325 0.1134806629834254
47 0.5678359375 0.2624585635359116 0.053296875 0.10497237569060773
47 0.6741328125 0.42247237569060775 0.651734375 0.7595303867403315
49 0.9452578125000001 0.3389640883977901 0.053515625 0.09461325966850828
49 0.9196171874999999 0.257292817679558 0.057203125 0.11011049723756906
49 0.9733515624999999 0.11201657458563535 0.041984375000000004 0.08906077348066299
49 0.9628359374999998 0.3337154696132597 0.072453125 0.39776243093922653
49 0.9903906249999999 0.039696132596685085 0.00640625 0.057127071823204416
49 0.2336875 0.4885082872928177 0.04421875 0.08464088397790055