49 0.81692 0.5349159663865546 0.28624 0.3738655462184874
49 0.23105 0.22078431372549018 0.4621 0.43596638655462183
49 0.19816 0.6971988795518207 0.39632 0.5797759103641457
49 0.8608899999999999 0.1999579831932773 0.27822 0.37302521008403355
49 0.93722 0.6359663865546219 0.12556 0.6382072829131653
49 0.48092999999999997 0.59093837535014 0.38845999999999997 0.6217647058823529
49 0.64833 0.8435714285714286 0.64186 0.2927450980392157
49 0.65341 0.269187675070028 0.16038 0.1488515406162465
49 0.47513 0.2742436974789916 0.18606 0.172296918767507
49 0.67505 0.5 0.18546 0.496078431372549
49 0.66475 0.11514005602240897 0.1449 0.1943137254901961
49 0.56525 0.2530952380952381 0.0745 0.15890756302521009