54 0.21742 0.8325866666666667 0.12472 0.07866666666666666
54 0.36469 0.75952 0.10638 0.07728
54 0.32818 0.8162933333333333 0.11916 0.09834666666666668
54 0.20307 0.7366266666666667 0.08534 0.07421333333333333
54 0.1497 0.7945066666666667 0.11131999999999999 0.10069333333333333
54 0.25895999999999997 0.7734533333333333 0.10524 0.07970666666666666
54 0.29395 0.7230933333333334 0.11662 0.05717333333333334
54 0.5304099999999999 0.65916 0.06418 0.038746666666666665
54 0.46643 0.6588933333333333 0.061579999999999996 0.04066666666666666
54 0.42246 0.6222 0.056240000000000005 0.029199999999999997
54 0.5770299999999999 0.6477866666666666 0.04654 0.04672
54 0.55331 0.62788 0.05454 0.0532