47 0.216390625 0.40478125000000004 0.0850625 0.13952083333333334
47 0.039953125 0.5071041666666667 0.07990625 0.12704166666666666
47 0.16216406249999998 0.6103645833333334 0.077703125 0.13739583333333333
47 0.332859375 0.3584270833333333 0.0994375 0.13260416666666666
47 0.1468515625 0.4435729166666667 0.085828125 0.09097916666666667
47 0.0512890625 0.4124375 0.075671875 0.08520833333333333
47 0.2669296875 0.32058333333333333 0.081421875 0.12783333333333333
47 0.3776171875 0.30326041666666664 0.077203125 0.11422916666666666
47 0.1581796875 0.5077395833333332 0.100296875 0.10122916666666668
47 0.0789921875 0.6832499999999999 0.096453125 0.13075
47 0.092265625 0.4943645833333334 0.04328125 0.08314583333333332
49 0.9315312500000001 0.6353854166666666 0.13234375 0.18602083333333336
49 0.46910937500000005 0.18239583333333334 0.06975 0.10270833333333333
49 0.1305234375 0.9103958333333334 0.12857812500000002 0.13766666666666666
49 0.1548671875 0.7506458333333333 0.142203125 0.187
47 0.16475 0.3719166666666667 0.06359375 0.06104166666666667
47 0.073046875 0.5810416666666666 0.0915625 0.10908333333333334
49 0.0590078125 0.23620833333333335 0.058578125 0.07237500000000001
49 0.12161718749999999 0.10134375 0.051140624999999995 0.0638125
49 0.22600000000000003 0.1438333333333333 0.053968749999999996 0.075625
49 0.9 0.41038541666666667 0.14025 0.16622916666666668
49 0.0756484375 0.12992708333333333 0.056546874999999996 0.0616875
49 0.2782734375 0.02822916666666667 0.055953125000000006 0.05645833333333334
49 0.24807031249999997 0.044520833333333336 0.052578124999999996 0.050875000000000004
49 0.1310234375 0.2707916666666667 0.06476562500000001 0.07754166666666666
47 0.240625 0.45 0.478125 0.4791666666666667
49 0.49921875 0.2760416666666667 0.9984375 0.5520833333333334