54 0.919 0.8700699999999999 0.106 0.04586
55 0.6598133333333334 0.80763 0.13946666666666666 0.06626
55 0.4332533333333333 0.7399199999999999 0.07061333333333333 0.027600000000000003
55 0.59564 0.67896 0.022906666666666665 0.019039999999999998
55 0.88664 0.73899 0.15034666666666668 0.052899999999999996
55 0.5618533333333333 0.78647 0.12557333333333334 0.0643
55 0.3102933333333333 0.6442800000000001 0.08010666666666666 0.0414
55 0.4759066666666667 0.58967 0.19581333333333334 0.052700000000000004
55 0.3175866666666667 0.7165 0.07005333333333333 0.03612
55 0.2510533333333333 0.70426 0.07234666666666667 0.04296
55 0.4277066666666666 0.7639600000000001 0.16906666666666667 0.05668
55 0.4486 0.6621 0.05901333333333333 0.05064
55 0.7181333333333334 0.6220399999999999 0.09322666666666667 0.04632
55 0.7517066666666666 0.71654 0.14970666666666665 0.04252
55 0.612 0.736 0.712 0.384