50 0.0527109375 0.10980186480186481 0.090046875 0.14440559440559442
50 0.14534375000000002 0.06959207459207459 0.15921875000000002 0.13368298368298367
50 0.03634375 0.2624825174825175 0.0703125 0.12818181818181817
50 0.1787265625 0.37191142191142185 0.11882812499999999 0.14727272727272728
50 0.36039062499999996 0.203986013986014 0.0678125 0.11296037296037297
50 0.2234375 0.24116550116550114 0.24234375 0.28895104895104895
50 0.5349921875 0.22299533799533802 0.050359375 0.07041958041958042
50 0.5460156250000001 0.17432400932400932 0.1686875 0.12794871794871795
50 0.416015625 0.18254079254079256 0.07334375 0.10648018648018648
51 0.3792109375 0.702109557109557 0.047203125 0.23708624708624707
51 0.4053359375 0.9517599067599067 0.029265625 0.09648018648018648
51 0.5910859375 0.7933100233100233 0.066328125 0.04149184149184149
51 0.59634375 0.44710955710955713 0.10943750000000001 0.09883449883449884
51 0.4536640625 0.3925174825174825 0.079046875 0.04843822843822844
51 0.46145312499999996 0.5057459207459207 0.0830625 0.04459207459207459
51 0.504828125 0.8466666666666667 0.09862499999999999 0.039860139860139865
51 0.07279687500000001 0.9460372960372961 0.0583125 0.05296037296037296
51 0.5027734374999999 0.5161188811188812 0.024203125 0.1079020979020979
51 0.6652968749999999 0.392937062937063 0.12490625 0.04993006993006993
51 0.2083046875 0.7274009324009324 0.22173437499999998 0.38958041958041956
51 0.6696093750000001 0.3362121212121212 0.12071875000000001 0.04226107226107226
51 0.495015625 0.8709673659673659 0.04234375 0.02421911421911422
51 0.42116406250000005 0.5976223776223776 0.060171875 0.14027972027972027
50 0.1072421875 0.49029137529137523 0.128953125 0.20184149184149186
51 0.475 0.5955710955710956 0.840625 0.8041958041958042