50 0.7227466666666666 0.73983 0.14858666666666667 0.0625
50 0.9048533333333333 0.7432799999999999 0.19029333333333334 0.2048
50 0.34196 0.84824 0.39527999999999996 0.13412000000000002
50 0.15130666666666667 0.67303 0.21274666666666667 0.15506
50 0.7503866666666666 0.5599 0.14424 0.08744
50 0.17528000000000002 0.92528 0.23669333333333334 0.12359999999999999
50 0.57828 0.85225 0.18578666666666668 0.13034
50 0.3116133333333333 0.65112 0.23970666666666668 0.191
50 0.029 0.90933 0.052399999999999995 0.05582
50 0.7608266666666667 0.7829400000000001 0.1384 0.06872
50 0.45608 0.9493299999999999 0.30245333333333335 0.10081999999999999
50 0.7479600000000001 0.90657 0.4180533333333334 0.18686000000000003