54 0.26858 0.4805271084337349 0.3432 0.35954819277108435
54 0.08505 0.6254668674698796 0.1701 0.37978915662650603
54 0.06275 0.8557228915662651 0.1255 0.23228915662650604
54 0.24844 0.8153614457831325 0.32380000000000003 0.34156626506024096
54 0.4335 0.6800602409638554 0.21044 0.23987951807228916
54 0.40094 0.538644578313253 0.20188 0.27355421686746983
54 0.51479 0.8865060240963856 0.14026 0.2
54 0.52598 0.7662951807228916 0.19844 0.1753012048192771
54 0.96032 0.631460843373494 0.07936 0.3505722891566265
54 0.49525 0.7518373493975903 0.08174 0.0691566265060241
54 0.04079 0.6081475903614458 0.07958 0.08707831325301205
54 0.42527 0.8968222891566265 0.0573 0.1694277108433735