46 0.4455625 0.33722863741339487 0.245875 0.22452655889145495
46 0.29569531250000003 0.1651847575057737 0.029109375 0.12030023094688222
46 0.183203125 0.31685912240184755 0.2386875 0.1887759815242494
46 0.0865625 0.15092378752886834 0.173125 0.1623094688221709
46 0.76725 0.16408775981524248 0.20215624999999998 0.2026327944572748
46 0.570375 0.17590069284064663 0.07584375 0.10090069284064665
46 0.868078125 0.22816397228637414 0.032718750000000005 0.13886836027713625
46 0.9684843750000001 0.118810623556582 0.06278125 0.16810623556581988
46 0.031234375 0.3489145496535797 0.06225000000000001 0.08397228637413395
46 0.5445234375 0.12778290993071592 0.088609375 0.0763972286374134
46 0.6063828124999999 0.1540646651270208 0.179328125 0.18471131639722865
46 0.255421875 0.08670900692840647 0.08371875 0.05577367205542725
46 0.9083203124999999 0.1922286374133949 0.06301562499999999 0.09577367205542725
46 0.3265625 0.1605080831408776 0.18125 0.17321016166281755