49 0.802171875 0.7393271221532091 0.38328125 0.49438923395445133
49 0.49377343749999997 0.6126086956521739 0.314453125 0.4301863354037267
49 0.7487812500000001 0.27873706004140786 0.379875 0.395983436853002
49 0.3899609375 0.8651035196687371 0.315359375 0.23724637681159422
49 0.57696875 0.9646997929606625 0.14603125 0.04670807453416149
49 0.9279921874999999 0.19919254658385094 0.125953125 0.2327950310559006
49 0.2268515625 0.4632712215320911 0.234015625 0.28372670807453415
49 0.28952343750000004 0.7213457556935818 0.15826562500000002 0.27271221532091094
49 0.34092968749999997 0.4303209109730849 0.125640625 0.24846790890269152
49 0.21823437500000004 0.21700828157349897 0.21331250000000002 0.21554865424430641
49 0.9663046875000001 0.3794513457556936 0.053765625 0.11563146997929608
49 0.10816406249999999 0.7166149068322981 0.21632812499999998 0.31368530020703933
49 0.4053046875 0.17445134575569357 0.127453125 0.15548654244306417
49 0.49921875 0.3136645962732919 0.9984375 0.6273291925465838