49 0.4836875 0.5339553990610328 0.061750000000000006 0.036455399061032866
49 0.773546875 0.5117488262910798 0.019375 0.02791079812206573
49 0.6345234375000001 0.5211384976525821 0.017515625 0.024107981220657278
49 0.5988125 0.5236150234741784 0.017125 0.02291079812206573
49 0.796625 0.49076291079812207 0.01303125 0.024201877934272302
49 0.75209375 0.47268779342723005 0.01940625 0.024154929577464786
49 0.6696328125 0.516349765258216 0.017203125 0.01852112676056338
49 0.541375 0.5080399061032863 0.0435625 0.07561032863849765
49 0.7239375 0.5297769953051643 0.03128125 0.01762910798122066
49 0.8137734375000001 0.49003521126760563 0.018359375 0.028896713615023474
49 0.7119765625000001 0.4958098591549296 0.013296875 0.025187793427230046
49 0.43443750000000003 0.5313145539906103 0.03275 0.04178403755868545
49 0.369421875 0.5146244131455399 0.0081875 0.014272300469483568
49 0.4625 0.4988262910798122 0.765625 0.11502347417840375