54 0.4913213213213213 0.516 0.07027027027027026 0.03996
54 0.711981981981982 0.68905 0.04264264264264264 0.03114
54 0.4360960960960961 0.75762 0.05297297297297297 0.039520000000000007
54 0.42442942942942946 0.52261 0.06411411411411412 0.040740000000000005
54 0.4589039039039039 0.48763 0.05324324324324325 0.018539999999999997
54 0.8529279279279278 0.5824499999999999 0.03192192192192193 0.0181
54 0.8709309309309311 0.59874 0.04264264264264264 0.02904
54 0.4616516516516516 0.5404 0.0454054054054054 0.02596
54 0.4042342342342342 0.50822 0.08282282282282281 0.02308
54 0.6613513513513514 0.6736 0.06978978978978978 0.03872
54 0.5347447447447448 0.703 0.056156156156156156 0.039520000000000007
54 0.46908408408408403 0.50089 0.05768768768768769 0.02262
54 0.482957957957958 0.5508 0.05324324324324325 0.028480000000000002
54 0.6216216216216216 0.64 0.5225225225225225 0.236