55 0.5492105263157895 0.8541953125000001 0.10182186234817814 0.051828125
55 0.41402834008097167 0.7976015624999999 0.09838056680161944 0.051953125
55 0.5816497975708502 0.8007734375 0.12135627530364373 0.040453125
55 0.6710627530364373 0.911140625 0.12406882591093117 0.06393750000000001
55 0.423663967611336 0.8950000000000001 0.10603238866396762 0.05059375000000001
55 0.35892712550607286 0.8472890625 0.09983805668016195 0.034109375
55 0.35103238866396763 0.8749218750000001 0.10550607287449393 0.0400625
55 0.7539068825910932 0.845109375 0.07894736842105263 0.0536875
55 0.11213562753036437 0.8323124999999999 0.16115384615384615 0.0595
55 0.23463562753036438 0.869734375 0.15955465587044532 0.04484375
55 0.7439271255060729 0.03671875 0.2165991902834008 0.0390625