46 0.1551796875 0.2325878220140515 0.220390625 0.31683840749414516
46 0.9145546875000001 0.5820140515222482 0.17089062500000002 0.8044964871194379
46 0.7442265625 0.5533606557377049 0.372484375 0.8932786885245901
46 0.5832265624999999 0.623032786885246 0.38082812499999996 0.7235831381733022
46 0.4048125000000001 0.6865105386416861 0.46178125000000003 0.6044964871194379
46 0.30128125 0.7477400468384076 0.47334375 0.4842388758782202
46 0.07990625 0.7149063231850117 0.1598125 0.4341686182669789
46 0.1491796875 0.469672131147541 0.139421875 0.19775175644028103
46 0.29071875 0.40847775175644024 0.064 0.09779859484777517
46 0.7908671875 0.36834894613583136 0.257453125 0.3943559718969555
46 0.087515625 0.9255620608899299 0.17503125 0.1488758782201405
46 0.3440625 0.37018735362997657 0.12865625 0.31166276346604216
46 0.6187890625000001 0.5621779859484777 0.33532812500000003 0.7305854800936767