50 0.469515625 0.8341569086651054 0.2029375 0.21805620608899298
50 0.31559375 0.5686416861826697 0.137125 0.17522248243559718
50 0.6679765625 0.5471896955503514 0.26154687499999996 0.2582201405152225
50 0.1609765625 0.6719906323185012 0.321953125 0.35067915690866514
50 0.6235859375 0.8381147540983607 0.216984375 0.3237704918032787
50 0.8584921874999999 0.7026932084309134 0.283015625 0.43831381733021074
51 0.1668515625 0.5153278688524591 0.15126562500000001 0.25946135831381734
51 0.8574765624999999 0.3978922716627635 0.236484375 0.27934426229508197
51 0.5737812499999999 0.36470725995316156 0.171125 0.20707259953161594
51 0.22509375 0.8584426229508196 0.4501875 0.2831147540983607
51 0.7885234375 0.6836651053864169 0.28717187499999997 0.2734192037470726
51 0.437984375 0.5035362997658079 0.1726875 0.22117096018735363
51 0.5361015625000001 0.2576463700234192 0.149140625 0.24704918032786885
51 0.184765625 0.36394613583138175 0.17896875 0.15688524590163933
50 0.3148515625 0.25337236533957846 0.275859375 0.16852459016393442
51 0.394390625 0.6902927400468384 0.19953125 0.19529274004683841
51 0.7231796875000001 0.3741334894613583 0.146984375 0.18826697892271663
51 0.66459375 0.23377049180327866 0.17503125 0.17142857142857143
50 0.54821875 0.7121779859484777 0.1130625 0.2527400468384075
50 0.4274453125 0.09950819672131148 0.133078125 0.18800936768149884