46 0.36813281249999996 0.4102278820375336 0.011921875 0.01970509383378016
46 0.37075 0.23898123324396783 0.06375 0.19882037533512065
46 0.334796875 0.34191689008042897 0.0219375 0.04142091152815013
46 0.9689140625 0.8707774798927612 0.062171875 0.24375335120643432
46 0.1171953125 0.3547587131367292 0.152640625 0.21959785522788203
46 0.37940625 0.10592493297587131 0.04209375 0.07136729222520108
46 0.44026562500000005 0.41741286863270777 0.02046875 0.0339142091152815
46 0.32053125 0.2087667560321716 0.04203125 0.31308310991957106
46 0.75171875 0.36012064343163536 0.0715625 0.2434584450402145
46 0.7287578125 0.23443699731903486 0.073953125 0.07010723860589813
46 0.358375 0.3864477211796246 0.006937500000000001 0.01616621983914209
46 0.823625 0.303485254691689 0.12403125 0.36064343163538876
46 0.43610156250000004 0.4473994638069705 0.017578125 0.036193029490616625
46 0.46953125 0.546916890080429 0.9390625 0.900804289544236