46 0.9059375 0.38983333333333337 0.1165 0.30104166666666665
46 0.5556484375 0.4019583333333333 0.095765625 0.1572083333333333
46 0.0572109375 0.44678124999999996 0.084703125 0.1529375
47 0.4330078125 0.7938124999999999 0.027296874999999998 0.037625
47 0.40970312499999995 0.7608645833333334 0.026125 0.03510416666666667
47 0.8898828125000001 0.9555416666666666 0.025234374999999996 0.030041666666666668
47 0.4434609375 0.72553125 0.021109375 0.0331875
47 0.4589765625 0.7310208333333333 0.023640625000000002 0.03179166666666667
47 0.43010937499999996 0.7677916666666668 0.02840625 0.03716666666666667
47 0.45628906250000006 0.7664270833333333 0.026140625 0.034854166666666665
47 0.6336640625000001 0.6709374999999999 0.134546875 0.081375
47 0.4085078125 0.794375 0.022546875 0.03166666666666666
47 0.4350546875 0.746 0.036765625 0.03279166666666667
47 0.932578125 0.9254791666666667 0.032875 0.029208333333333333
49 0.43724999999999997 0.7604270833333333 0.10740625 0.10927083333333334
49 0.9182500000000001 0.8259895833333334 0.02915625 0.03147916666666666
49 0.77084375 0.6916875 0.039375 0.04541666666666667
49 0.8506953124999999 0.8181979166666665 0.027140625 0.035770833333333335
49 0.8779296875 0.8210520833333332 0.027609375000000002 0.03289583333333333
49 0.8833828125000001 0.7713541666666667 0.022859375 0.03045833333333333
49 0.8988125 0.7828125 0.029843750000000002 0.027166666666666665
49 0.8645624999999999 0.7899062499999999 0.025437500000000002 0.030520833333333334
49 0.9373671874999999 0.8101354166666666 0.060578125000000003 0.05347916666666667
49 0.9048125 0.8219791666666667 0.02409375 0.032875
49 0.8669609375 0.7788854166666667 0.028765625 0.0289375
49 0.8928593750000001 0.8036041666666666 0.029562500000000002 0.019125
47 0.884078125 0.93059375 0.14053125 0.07960416666666667
49 0.9229765624999999 0.7849895833333334 0.012171875 0.007020833333333334
46 0.9140625 0.6008125 0.070125 0.039875
47 0.4614375 0.7929375000000001 0.029875000000000002 0.033499999999999995
47 0.73515625 0.43645833333333334 0.4546875 0.3729166666666667