54 0.25139999999999996 0.4450666666666666 0.18328 0.18159999999999998
54 0.41988 0.44602666666666674 0.17452 0.17546666666666666
54 0.58844 0.43751999999999996 0.17148 0.1688
54 0.75126 0.4454 0.15784 0.17479999999999998
54 0.21356 0.6218666666666667 0.19119999999999998 0.20778666666666668
54 0.4034400000000001 0.6225066666666667 0.19668 0.21429333333333334
54 0.5973200000000001 0.6198933333333334 0.18791999999999998 0.21029333333333333
54 0.78389 0.6248266666666666 0.19218000000000002 0.21253333333333335
54 0.18034 0.8224666666666667 0.21236000000000002 0.21122666666666665
54 0.40304999999999996 0.8282933333333332 0.23294 0.20042666666666667
54 0.82752 0.8232266666666668 0.22584 0.19551999999999997
54 0.6177 0.8191066666666668 0.21403999999999998 0.1910133333333333