51 0.39025781249999997 0.6596252927400469 0.038328125000000005 0.0853864168618267
51 0.44039843749999996 0.6664519906323185 0.020390625000000002 0.024660421545667447
51 0.332875 0.6184777517564404 0.03078125 0.11362997658079627
51 0.30901562499999996 0.625608899297424 0.0191875 0.027096018735363
50 0.40809375000000003 0.7950234192037471 0.09896875000000001 0.1442857142857143
50 0.40665625 0.24072599531615924 0.11865624999999999 0.1264168618266979
50 0.2772734375 0.8090866510538642 0.090109375 0.12725995316159253
50 0.4315078124999999 0.3584426229508197 0.12823437499999998 0.14545667447306793
50 0.34039843750000004 0.7949882903981266 0.105453125 0.14866510538641686
50 0.42600781249999997 0.7249531615925059 0.11104687499999999 0.16911007025761124
50 0.4684453125 0.6904683840749414 0.075453125 0.1488056206088993
50 0.281296875 0.47966042154566746 0.06803125 0.11918032786885246
50 0.35524999999999995 0.6363583138173302 0.038125 0.098711943793911
51 0.4684296875 0.27319672131147543 0.010953125 0.030327868852459014
51 0.46167968749999994 0.2298711943793911 0.012171875 0.02573770491803279