49 0.491703125 0.49831764705882353 0.24621875000000001 0.33484705882352944
49 0.51353125 0.6531529411764707 0.906625 0.6683764705882353
49 0.7727265625 0.5329764705882353 0.234578125 0.355835294117647
49 0.7927265625000001 0.17827058823529413 0.203046875 0.2777176470588235
49 0.942421875 0.2818117647058823 0.11515625 0.3039058823529412
49 0.3346171875 0.37272941176470586 0.182828125 0.26235294117647057
49 0.1883828125 0.44330588235294116 0.246015625 0.28496470588235295
49 0.3179609375 0.1384 0.15535937500000002 0.1932705882352941
49 0.10262500000000001 0.2 0.20525000000000002 0.3896
49 0.172015625 0.11183529411764706 0.15915625 0.21129411764705883
49 0.49203125 0.13367058823529412 0.20299999999999999 0.2564705882352941
49 0.3880859375 0.43325882352941175 0.15523437499999998 0.20778823529411766
49 0.0726328125 0.8020823529411765 0.145265625 0.3671764705882353