51 0.8435312500000001 0.34719791666666666 0.0531875 0.07802083333333334
47 0.0990390625 0.4806770833333333 0.046796875 0.06527083333333333
47 0.256359375 0.6670729166666668 0.0468125 0.0826875
47 0.1375859375 0.34840625 0.038359375 0.041854166666666665
47 0.0598515625 0.7328958333333333 0.066078125 0.08316666666666667
47 0.0393671875 0.7614270833333333 0.033578125 0.07235416666666666
47 0.18117968750000002 0.7200104166666665 0.063203125 0.04772916666666667
47 0.14874218749999998 0.6704791666666666 0.060171875 0.05216666666666667
47 0.134046875 0.6362395833333334 0.025468750000000002 0.03247916666666666
51 0.910140625 0.42021875 0.0420625 0.07610416666666667
51 0.882375 0.36847916666666664 0.05184375 0.09679166666666666
51 0.9316718749999999 0.46215624999999994 0.026468750000000003 0.04797916666666667
51 0.8369296875 0.3074583333333333 0.046234375 0.07595833333333334
51 0.849859375 0.3647916666666667 0.043125000000000004 0.06633333333333333
51 0.8935937500000002 0.39423958333333337 0.043625000000000004 0.07831250000000001
51 0.8753828125 0.2936666666666667 0.032421875 0.04529166666666666
51 0.88225 0.32781250000000006 0.0330625 0.06895833333333333
47 0.139984375 0.41435416666666663 0.038906249999999996 0.07037500000000001
47 0.15275 0.37416666666666665 0.03590625 0.07791666666666666
47 0.2456640625 0.5887604166666666 0.06742187499999999 0.09802083333333332
47 0.13985937499999998 0.78334375 0.045875 0.08597916666666668