50 0.17470312500000001 0.6117604166666666 0.19059375 0.35764583333333333
50 0.19789062500000001 0.36675 0.041749999999999995 0.06179166666666667
50 0.2523515625 0.31221875000000004 0.141171875 0.19764583333333335
50 0.1173515625 0.4075208333333334 0.12882812500000002 0.12941666666666665
50 0.3313515625 0.26507291666666666 0.163921875 0.24997916666666667
50 0.29167187499999997 0.43032291666666667 0.10165625 0.09485416666666667
50 0.12135156249999998 0.33220833333333327 0.11460937499999999 0.12583333333333332
50 0.072046875 0.59571875 0.12250000000000001 0.1883125
50 0.28667968750000006 0.5580520833333333 0.08354687499999999 0.19535416666666666
50 0.09131249999999999 0.7324895833333332 0.1045 0.1180625
50 0.364703125 0.7335625 0.15631250000000002 0.23633333333333334