54 0.35050000000000003 0.6221637426900584 0.05084375 0.07072124756335282
54 0.31530468749999996 0.6299805068226121 0.022765625 0.046471734892787525
54 0.297828125 0.6305750487329435 0.029375000000000002 0.04824561403508772
54 0.27375 0.6284015594541911 0.0223125 0.04557504873294347
54 0.2584296875 0.6253996101364522 0.017140625 0.05762183235867446
54 0.4599609375 0.6061500974658869 0.050171875 0.03023391812865497
54 0.21253906250000001 0.624766081871345 0.042328125 0.06001949317738791
54 0.390390625 0.6049610136452241 0.043687500000000004 0.025126705653021445
54 0.4502890625 0.6766959064327486 0.07082812499999999 0.037173489278752435
54 0.4426328125 0.7725243664717348 0.055296875 0.03787524366471735
54 0.3950546875 0.6756627680311891 0.058109375 0.03791423001949318
54 0.659703125 0.6907894736842105 0.0455 0.03152046783625731
54 0.59140625 0.6705653021442495 0.8140625 0.3820662768031189