46 0.315796875 0.11529023746701847 0.03821875 0.05960422163588391
46 0.510046875 0.40737467018469653 0.06925 0.07015831134564644
46 0.57565625 0.4038654353562005 0.070875 0.07786279683377309
46 0.641046875 0.3577440633245383 0.06118749999999999 0.06709762532981531
46 0.5960625 0.420844327176781 0.021625 0.05693931398416886
46 0.6439453125 0.39726912928759894 0.022046875 0.025461741424802113
46 0.6741874999999999 0.426754617414248 0.0563125 0.07403693931398417
46 0.7225078125000001 0.37175461741424803 0.044109375 0.042717678100263855
46 0.8041640624999999 0.7533377308707123 0.069609375 0.07052770448548813
46 0.8106640625000001 0.8232189973614775 0.064953125 0.06934036939313984
46 0.8791718749999999 0.8585356200527704 0.044625 0.08445910290237467
46 0.8887656249999999 0.7391292875989446 0.06534375 0.11229551451187336
46 0.5434609375 0.3762401055408971 0.050640624999999995 0.053852242744063326
46 0.6703125 0.46701846965699206 0.65625 0.8390501319261213