54 0.2355269320843091 0.40519531249999996 0.2919906323185012 0.129859375
54 0.5106206088992974 0.7658046875 0.33782201405152223 0.199484375
54 0.2917564402810304 0.6370703125 0.3397189695550351 0.175921875
54 0.10927400468384074 0.31603125000000004 0.21854800936768148 0.12721875
54 0.06724824355971896 0.49407812500000003 0.13449648711943793 0.157
54 0.07127634660421546 0.8325000000000001 0.14255269320843092 0.17134375
54 0.4210304449648712 0.9464921875 0.28908665105386416 0.10701562499999999
54 0.025433255269320842 0.2395546875 0.050866510538641684 0.08354687499999999
54 0.5352927400468384 0.5350625 0.33091334894613583 0.1714375
54 0.7657142857142857 0.6610546875000001 0.3422950819672131 0.169828125
54 0.06847775175644027 0.63896875 0.13292740046838408 0.09796875000000001
54 0.23192037470725996 0.558734375 0.1845433255269321 0.06003125
54 0.914496487119438 0.7890703125 0.16950819672131145 0.185734375
54 0.5 0.49921875 0.9953161592505855 0.9984375