46 0.0743984375 0.4285833333333333 0.147078125 0.13133333333333333
47 0.686796875 0.37725000000000003 0.0788125 0.07275000000000001
47 0.7986640625000001 0.3700625 0.057359375000000004 0.06370833333333333
47 0.20190625 0.2721875 0.24984375 0.17645833333333333
47 0.38415625 0.17882291666666666 0.19190625 0.12560416666666666
47 0.29285937500000003 0.3365416666666667 0.057406250000000006 0.064
47 0.2513203125 0.32618749999999996 0.050265625 0.07058333333333335
47 0.295890625 0.28370833333333334 0.0546875 0.05679166666666667
47 0.3210703125 0.3074895833333333 0.237640625 0.22922916666666668
49 0.566140625 0.16748958333333336 0.28590625 0.21622916666666667
49 0.44154687499999995 0.50115625 0.11381250000000001 0.07364583333333334
49 0.3716328125 0.60465625 0.105515625 0.08452083333333334
49 0.25417968750000003 0.735125 0.053609375 0.06683333333333333
49 0.29547656250000004 0.6962395833333334 0.054546874999999995 0.0470625
49 0.33217968749999993 0.7151770833333334 0.06079687499999999 0.06972916666666666
54 0.31790624999999995 0.5020416666666666 0.06284375 0.04933333333333333
54 0.25491406250000004 0.5363541666666667 0.059453124999999996 0.06783333333333334
54 0.3005625 0.5537708333333333 0.0703125 0.06620833333333334
54 0.236921875 0.6016770833333333 0.07121875 0.0738125
54 0.179484375 0.648375 0.0609375 0.047875
54 0.3401796875 0.5473020833333333 0.076453125 0.049104166666666664
47 0.668015625 0.38735416666666667 0.26628124999999997 0.22525