46 0.20274999999999999 0.6708811040339703 0.40549999999999997 0.4480891719745223
46 0.31917968750000003 0.6445647558386413 0.403515625 0.36403397027600853
46 0.4611953125 0.6381210191082802 0.387765625 0.4170488322717622
46 0.5250859375 0.47865180467091295 0.449515625 0.37675159235668787
46 0.515984375 0.2704140127388535 0.42337499999999995 0.27191082802547767
46 0.747515625 0.2202229299363057 0.30759375 0.16630573248407643
46 0.7346874999999999 0.368619957537155 0.0645 0.12726114649681528
46 0.8007500000000001 0.3696178343949045 0.12303125 0.16411889596602972
46 0.8599765625 0.3546815286624204 0.11907812499999999 0.15280254777070063
46 0.9580703125 0.3725796178343949 0.069484375 0.1399787685774947
46 0.7817421875 0.4860934182590234 0.096046875 0.13770700636942676
46 0.933984375 0.3310615711252654 0.05190625 0.11753715498938429
46 0.7845078125 0.15615711252653927 0.356015625 0.0881104033970276
46 0.5515625 0.4543524416135881 0.84375 0.6072186836518046