55 0.6546015625000001 0.8724375 0.135265625 0.18383333333333332
55 0.4895078125 0.8402604166666667 0.131265625 0.12852083333333333
55 0.14771874999999998 0.9093645833333334 0.13709375 0.13939583333333333
55 0.176234375 0.5135000000000001 0.09921875 0.06841666666666667
55 0.052273437500000006 0.5150729166666667 0.102359375 0.05460416666666667
55 0.7837578125 0.83840625 0.090515625 0.0784375
55 0.51296875 0.5814791666666667 0.076125 0.06733333333333333
55 0.10462500000000001 0.7737604166666666 0.09909375000000001 0.1226875
55 0.16346875 0.87103125 0.13668750000000002 0.08385416666666666
55 0.8601171875 0.7438854166666666 0.11907812499999999 0.0956875
55 0.6320625 0.494375 0.12071875000000001 0.03529166666666667
55 0.3277265625 0.5954166666666667 0.059421875 0.051625000000000004
55 0.1813046875 0.7858333333333333 0.162453125 0.09645833333333333
55 0.4671875 0.78125 0.31875 0.43333333333333335