46 0.39782999999999996 0.892132132132132 0.033659999999999995 0.0938138138138138
46 0.13204000000000002 0.6494294294294295 0.036 0.04012012012012012
46 0.29149 0.851951951951952 0.09514 0.25453453453453456
46 0.55319 0.7662612612612613 0.04654 0.05972972972972973
46 0.06856 0.6634984984984985 0.13712 0.17402402402402403
46 0.21644999999999998 0.6770720720720721 0.18530000000000002 0.2121021021021021
46 0.37963 0.6732882882882884 0.16282 0.2762462462462462
46 0.57651 0.6268018018018019 0.20074 0.2283183183183183
46 0.7537699999999999 0.7108408408408409 0.17554 0.23255255255255255
46 0.9199100000000001 0.6888738738738738 0.16018000000000002 0.2868168168168168
46 0.57975 0.9032132132132134 0.16358 0.1912912912912913
46 0.09772 0.6656906906906908 0.02056 0.03882882882882883
46 0.30881000000000003 0.7155405405405405 0.01402 0.021591591591591592
46 0.341 0.8123123123123123 0.678 0.36936936936936937