47 0.387734375 0.4456354166666667 0.1076875 0.14581249999999998
47 0.461234375 0.3770104166666667 0.08315625 0.13422916666666668
47 0.32735156249999997 0.2905833333333333 0.082953125 0.105875
47 0.294640625 0.7970729166666666 0.0873125 0.10372916666666666
47 0.5798203125 0.7064479166666667 0.084234375 0.10647916666666667
47 0.137625 0.911125 0.079 0.096625
47 0.6991875 0.5055000000000001 0.10065625 0.12704166666666666
47 0.861578125 0.40745833333333337 0.07925 0.09308333333333334
47 0.8834375 0.33246875000000004 0.07596875 0.10389583333333333
47 0.5290625 0.6972083333333333 0.061312500000000006 0.083375
47 0.7599140625 0.2885729166666666 0.080859375 0.1061875
47 0.204546875 0.9480520833333334 0.08571875 0.07272916666666666