53 0.8793958333333334 0.8943828125 0.23670833333333335 0.062921875
53 0.5630833333333333 0.90196875 0.19175 0.13625
53 0.7315520833333333 0.7494765625 0.17006249999999998 0.086140625
53 0.6839062499999999 0.6376171875 0.1802291666666667 0.049796875000000004
53 0.19451041666666669 0.6199999999999999 0.15685416666666668 0.06825
53 0.14273958333333334 0.7211718749999999 0.22902083333333334 0.0729375
53 0.13646875 0.8764687499999999 0.2729375 0.11059375
53 0.26477083333333334 0.546625 0.1720833333333333 0.03175
53 0.46639583333333334 0.5520234375 0.13879166666666667 0.047609374999999995
53 0.9305 0.6333515625 0.13899999999999998 0.057546875
53 0.40917708333333336 0.6272578125 0.18177083333333333 0.069390625
53 0.45119791666666664 0.740015625 0.22610416666666666 0.06784375000000001
53 0.7069583333333334 0.5604843749999999 0.11033333333333334 0.051625
53 0.5614583333333333 0.3921875 0.71875 0.4125