47 0.774296875 0.81484375 0.06484375 0.09097916666666667
47 0.597390625 0.11853124999999999 0.03846875 0.04627083333333334
47 0.9213984375 0.1436875 0.041140625 0.04516666666666667
47 0.8187265625 0.16038541666666667 0.036578125 0.03152083333333334
47 0.766125 0.7579375 0.0890625 0.08966666666666666
47 0.75628125 0.68634375 0.05559375 0.058020833333333334
47 0.37203906249999996 0.6604687499999999 0.043953124999999996 0.048937499999999995
49 0.1447265625 0.39296875 0.018890625 0.034229166666666665
55 0.9171328124999999 0.7786562499999999 0.165734375 0.34831249999999997
55 0.7534375 0.6211354166666666 0.12584375 0.1296875
47 0.573015625 0.58159375 0.05090625 0.07160416666666666
47 0.9774609375000001 0.6183125 0.044859375 0.055125
47 0.18151562499999999 0.5322395833333333 0.05134375 0.059520833333333335
55 0.395796875 0.7805312499999999 0.409375 0.3266875
55 0.5814921875000001 0.6779270833333333 0.23570312499999999 0.2649375
55 0.596140625 0.31609375 0.180125 0.0860625
55 0.363671875 0.16952083333333334 0.26028125 0.3390416666666667
55 0.812859375 0.22004166666666666 0.10684374999999999 0.14358333333333334
55 0.783203125 0.8541770833333333 0.38671875 0.2682291666666667
55 0.414546875 0.6238958333333334 0.1276875 0.16183333333333336
55 0.19934375 0.6234999999999999 0.2004375 0.23875
47 0.9619296875 0.6535208333333333 0.07614062499999999 0.06504166666666666
47 0.5859375 0.6003124999999999 0.04378125 0.05475
47 0.6213984375000001 0.59265625 0.044828125 0.052270833333333336
55 0.9107109375 0.20821874999999998 0.10760937500000001 0.17264583333333333
55 0.51328125 0.29375 0.9703125 0.4