50 0.40934000000000004 0.7851656626506024 0.19372 0.13177710843373494
50 0.18649000000000002 0.6787650602409638 0.14194 0.2453012048192771
50 0.24295 0.4769277108433735 0.23278000000000001 0.16939759036144578
51 0.61518 0.6872138554216868 0.14008 0.20876506024096386
50 0.8217899999999999 0.6009337349397591 0.04754 0.12475903614457833
51 0.6019 0.12929216867469878 0.04728 0.05810240963855422
50 0.76332 0.7215361445783132 0.07776000000000001 0.15066265060240966
50 0.56124 0.7879518072289158 0.1018 0.12957831325301206
50 0.53784 0.1334789156626506 0.11264 0.06340361445783133
50 0.7499 0.10683734939759036 0.02348 0.05240963855421686
50 0.6241500000000001 0.4146084337349398 0.04542 0.02313253012048193
51 0.32187 0.5931174698795181 0.10226 0.1844879518072289