47 0.4756807511737089 0.49971875 0.20812206572769953 0.12440625000000001
55 0.9743192488262911 0.5085 0.05075117370892019 0.157
55 0.8730516431924882 0.7314609375 0.2538967136150235 0.262921875
55 0.6887089201877934 0.9078671875 0.48615023474178404 0.161796875
55 0.9233098591549297 0.973484375 0.15338028169014084 0.053031249999999995
47 0.22019953051643193 0.15596875 0.1213849765258216 0.05953125
47 0.5984741784037558 0.09900781249999999 0.2072300469483568 0.127296875
49 0.10413145539906103 0.1123515625 0.20826291079812206 0.137859375
47 0.28845070422535213 0.1086875 0.14093896713615023 0.0995625
47 0.5069953051643193 0.3867109375 0.2023943661971831 0.11014062499999999
47 0.6591901408450704 0.3278671875 0.1893192488262911 0.11264062500000001
47 0.42244131455399064 0.1269296875 0.1468075117370892 0.076078125
47 0.2463967136150235 0.49096093749999997 0.16410798122065726 0.109234375
55 0.7335915492957746 0.56365625 0.39718309859154927 0.12284375
55 0.8249882629107981 0.44067187499999994 0.3500234741784038 0.21503125
47 0.3843192488262911 0.3519765625 0.16661971830985917 0.10679687499999999
47 0.5025821596244131 0.3146953125 0.13028169014084506 0.055984374999999996
47 0.20113849765258215 0.063640625 0.16809859154929577 0.08653125