52 0.3628515625 0.7942291666666667 0.048140625 0.06866666666666667
52 0.627640625 0.8293958333333333 0.04328125 0.052333333333333336
52 0.598640625 0.7866874999999999 0.06815625 0.044125
52 0.5648671875000001 0.8052083333333333 0.049140625 0.06954166666666667
52 0.529953125 0.8328125 0.02403125 0.040875
52 0.5480859375 0.83790625 0.024015625 0.03239583333333333
52 0.602875 0.8129062499999999 0.02553125 0.06147916666666667
52 0.539328125 0.7981874999999999 0.0319375 0.047125
52 0.5684375 0.8394270833333334 0.013843749999999998 0.027479166666666666
52 0.497359375 0.8438958333333333 0.02215625 0.02825
52 0.6000390624999999 0.85165625 0.019171874999999998 0.014854166666666667
52 0.5843671875 0.7854270833333333 0.040578125 0.0330625
52 0.638515625 0.8369166666666668 0.02240625 0.046