47 0.45267968750000004 0.5502705882352942 0.039953125 0.05743529411764706
47 0.0442734375 0.2305529411764706 0.051859375 0.1011529411764706
47 0.3065234375 0.33108235294117644 0.037390625 0.05712941176470589
47 0.3397890625 0.3243058823529412 0.031796875 0.05162352941176471
47 0.5909296875000001 0.7564588235294117 0.048546875 0.07310588235294117
47 0.1520390625 0.4397764705882353 0.069046875 0.12129411764705882
47 0.9171250000000001 0.3589529411764706 0.033187499999999995 0.049058823529411766
47 0.20140625 0.5792941176470588 0.03378125 0.04988235294117647
47 0.73615625 0.10001176470588236 0.047531250000000004 0.06392941176470589
47 0.38478124999999996 0.1831529411764706 0.0294375 0.04945882352941176
47 0.643625 0.7494352941176472 0.042499999999999996 0.07077647058823529
47 0.7745078125 0.25934117647058824 0.034484375 0.04927058823529412
47 0.8695703125000002 0.2799764705882353 0.029140624999999996 0.04790588235294117
47 0.56640625 0.5458823529411765 0.8203125 0.9035294117647059