48 0.532484375 0.8533854166666667 0.19037500000000002 0.19889583333333333
48 0.515234375 0.9567916666666666 0.15718749999999998 0.08641666666666666
48 0.82565625 0.5642395833333332 0.12003124999999999 0.20135416666666667
48 0.844953125 0.43384375000000003 0.08584375 0.15552083333333336
48 0.057374999999999995 0.36273958333333334 0.1130625 0.1184375
48 0.5477265625000001 0.12782291666666667 0.114296875 0.1128125
48 0.09946875000000001 0.38940625000000006 0.09675 0.17322916666666668
50 0.902515625 0.5759583333333332 0.06553125 0.12025
50 0.9469921875 0.48696875 0.076953125 0.06527083333333333
50 0.43049218750000007 0.18639583333333334 0.025109375 0.044041666666666666
50 0.40714843749999996 0.17922916666666666 0.034703125 0.053125