47 0.9070625000000001 0.6814895833333333 0.021718750000000002 0.0193125
47 0.9411640625000001 0.6854270833333335 0.06023437499999999 0.0545625
47 0.9502812500000001 0.6710416666666666 0.0994375 0.07245833333333333
47 0.9152265625 0.7984270833333333 0.021765625 0.022312500000000002
47 0.892203125 0.7831979166666667 0.01146875 0.0233125
47 0.9118359374999999 0.8108333333333334 0.022796875 0.010333333333333333
49 0.8909687500000001 0.7313125 0.02096875 0.029333333333333333
51 0.7225859375000001 0.7405624999999999 0.083140625 0.06366666666666666
46 0.0827265625 0.44517708333333333 0.044890625 0.13556249999999997
46 0.160328125 0.4639375 0.0749375 0.149875
46 0.32482812499999997 0.45457291666666666 0.042812499999999996 0.09485416666666667
46 0.5296796875 0.4822916666666667 0.054890625000000005 0.08379166666666667
46 0.6035078125 0.4964375 0.078078125 0.119375
46 0.64540625 0.50396875 0.11821875 0.12385416666666667
46 0.46076562499999996 0.4729791666666667 0.04371875 0.09416666666666668
46 0.7823749999999999 0.47261458333333334 0.043375000000000004 0.03802083333333333
46 0.8687890625 0.48510416666666667 0.036046875 0.04945833333333333
46 0.030328125 0.43779166666666663 0.06065625 0.14129166666666665
46 0.30371875 0.4536145833333333 0.050687499999999996 0.10560416666666667
46 0.38865625000000004 0.4549479166666667 0.0394375 0.0990625
47 0.8919609375 0.6640416666666666 0.030140624999999997 0.042666666666666665
49 0.883390625 0.7341874999999999 0.010906250000000001 0.019125
51 0.7114999999999999 0.7044374999999999 0.04165625 0.016208333333333335
49 0.9763124999999999 0.761875 0.047375 0.07625
49 0.9557421875 0.7956041666666667 0.018515625 0.027875
49 0.060226562500000004 0.9513854166666668 0.12045312500000001 0.09547916666666666
49 0.8240078125 0.6630729166666666 0.019734375000000002 0.011229166666666667
49 0.8053984374999998 0.6554166666666668 0.016984375 0.014041666666666668
51 0.653125 0.7054791666666667 0.0325 0.010708333333333332
51 0.703640625 0.7658854166666667 0.017374999999999998 0.0166875
51 0.6872265625 0.7638645833333333 0.016390625 0.0149375
46 0.025320312499999997 0.6213333333333334 0.050640624999999995 0.11479166666666667
46 0.49921875 0.503125 0.9984375 0.45208333333333334