48 0.53475 0.5372133333333333 0.47086 0.48429333333333335
48 0.41215999999999997 0.25225333333333333 0.36824 0.49773333333333336
51 0.55119 0.62536 0.09534000000000001 0.06581333333333333
51 0.53339 0.6683333333333333 0.023940000000000003 0.039599999999999996
51 0.5756100000000001 0.6726133333333334 0.06866 0.08608
51 0.6645399999999999 0.5757866666666667 0.04856 0.033973333333333335
51 0.63139 0.4854 0.032100000000000004 0.10135999999999999
51 0.65538 0.43132000000000004 0.03552 0.06632
51 0.41699 0.18142666666666665 0.0915 0.12370666666666667
51 0.6137699999999999 0.5837733333333334 0.02918 0.07538666666666667
51 0.53821 0.09728 0.03082 0.04698666666666667