49 0.6872812500000001 0.47710588235294116 0.16446875 0.24978823529411764
49 0.35596875 0.317835294117647 0.0671875 0.10338823529411764
49 0.2619609375 0.48998823529411767 0.041140625 0.061952941176470586
49 0.140875 0.4867882352941177 0.03771875 0.04774117647058823
49 0.39073437499999997 0.565564705882353 0.04953125 0.05992941176470588
49 0.1445078125 0.3308470588235294 0.028140625000000002 0.03797647058823529
49 0.040078125 0.4857294117647059 0.0370625 0.05112941176470588
49 0.10598437499999999 0.7651176470588235 0.02834375 0.03216470588235294
49 0.96628125 0.11242352941176469 0.019125 0.020564705882352943
49 0.0250859375 0.3308705882352941 0.031640625 0.05609411764705882
49 0.009187500000000001 0.7340470588235294 0.01753125 0.03915294117647059
49 0.9282890625 0.08841176470588236 0.018078125 0.01969411764705882