46 0.082921875 0.4112148337595908 0.15584375 0.4266240409207161
46 0.150796875 0.42281329923273653 0.08546875000000001 0.4140664961636829
47 0.059515625 0.6690153452685421 0.11903125 0.23475703324808186
47 0.04815625 0.43882352941176467 0.09343749999999999 0.24705882352941175
49 0.24596093750000003 0.17556265984654731 0.085203125 0.11557544757033247
49 0.1484375 0.06221227621483376 0.09321874999999999 0.12442455242966752
49 0.1584921875 0.17335038363171357 0.08645312499999999 0.13207161125319694
49 0.024546875 0.3237084398976982 0.048562499999999995 0.06158567774936061
55 0.5416015625 0.6213554987212276 0.577984375 0.6359590792838875
49 0.246578125 0.07902813299232736 0.083375 0.10547314578005115
49 0.20720312500000002 0.0179923273657289 0.05778124999999999 0.03531969309462916
49 0.31574218750000005 0.10606138107416879 0.071359375 0.12838874680306905
49 0.2814453125 0.029219948849104862 0.06589062500000001 0.053938618925831204
49 0.11453125 0.11015345268542198 0.03903125 0.08946291560102301
49 0.09153125 0.0329923273657289 0.0361875 0.0659846547314578
49 0.34304687500000003 0.032058823529411765 0.067625 0.06324808184143223