49 0.5364765625 0.5179764705882353 0.305921875 0.4606588235294118
49 0.52528125 0.1789294117647059 0.3044375 0.3578588235294118
49 0.84653125 0.21781176470588237 0.2999375 0.35505882352941176
49 0.8499375 0.5855411764705882 0.30012500000000003 0.3887764705882353
49 0.8611484375 0.8738117647058824 0.277703125 0.2523764705882353
49 0.53565625 0.8459529411764706 0.31778125 0.3076705882352941
49 0.17021875 0.8076235294117647 0.3404375 0.38475294117647063
49 0.1533046875 0.5412941176470588 0.30257812500000003 0.3997176470588235
49 0.1469921875 0.19325882352941173 0.288015625 0.355035294117647
49 0.17683593749999998 0.05169411764705883 0.276078125 0.09887058823529413
49 0.830453125 0.05336470588235294 0.26115625 0.10112941176470587