46 0.5073046875 0.6808958333333334 0.269671875 0.25616666666666665
46 0.6398515625 0.5335208333333334 0.21692187500000001 0.19283333333333333
46 0.550734375 0.30145833333333333 0.15975 0.14575
46 0.9262734375000001 0.20390625 0.114453125 0.08802083333333334
46 0.8149921875 0.3056979166666666 0.163015625 0.12056249999999999
46 0.7238749999999999 0.40111458333333333 0.16684375 0.18202083333333335
46 0.35140625 0.43370833333333336 0.20393750000000002 0.17529166666666668
46 0.474765625 0.3581770833333333 0.1698125 0.15614583333333334
46 0.7733515625 0.16977083333333332 0.117140625 0.096625
46 0.8028671875000001 0.13851041666666666 0.12045312500000001 0.10089583333333334
46 0.0966796875 0.5898541666666667 0.193359375 0.2552083333333333
46 0.8258671875000001 0.11334375000000001 0.106671875 0.08414583333333334
46 0.705578125 0.18519791666666668 0.13571875 0.09572916666666667
46 0.55859375 0.39479166666666665 0.8390625 0.4979166666666667