50 0.8446328125000001 0.2734270833333333 0.127796875 0.2429375
50 0.2805859375 0.6352916666666667 0.162359375 0.2588333333333333
50 0.21353125 0.31764583333333335 0.194125 0.16
50 0.5605 0.49471875 0.20509375 0.21610416666666668
50 0.46235156250000004 0.29221874999999997 0.09176562499999999 0.1529375
50 0.7336015625 0.11083333333333334 0.155515625 0.22166666666666668
50 0.558796875 0.12482291666666666 0.175 0.2414375
50 0.287359375 0.1050625 0.32528125 0.2045
50 0.2736875 0.21002083333333335 0.0809375 0.08633333333333333
50 0.40617187499999996 0.6935104166666667 0.12271875000000002 0.21297916666666666
50 0.7733749999999999 0.7013020833333333 0.136375 0.16622916666666668
50 0.7781171875 0.510375 0.093078125 0.12041666666666666
50 0.5152187500000001 0.9596250000000001 0.19437500000000002 0.08070833333333334