46 0.18628124999999998 0.48694531249999995 0.09872916666666667 0.034859375
53 0.2589166666666667 0.8842968750000001 0.28674999999999995 0.1736875
49 0.16748958333333333 0.5114062500000001 0.03989583333333333 0.027468749999999997
49 0.19696875 0.5118750000000001 0.035520833333333335 0.01909375
53 0.3016041666666667 0.602375 0.17541666666666667 0.055374999999999994
53 0.28167708333333336 0.5536015625 0.19214583333333335 0.032203125
53 0.36704166666666665 0.6528046875 0.23670833333333335 0.083140625
53 0.5017708333333333 0.7070703125 0.2794166666666667 0.08792187500000001
49 0.144875 0.5143671875 0.023375 0.020078125
53 0.6133229166666666 0.8105078125 0.3063541666666667 0.131140625
53 0.42006250000000006 0.586515625 0.12508333333333332 0.04309375