51 0.82390625 0.4135495283018868 0.1025 0.05639150943396226
51 0.7600625 0.3615330188679245 0.13090625 0.05867924528301886
51 0.7685078125 0.44344339622641504 0.090046875 0.12240566037735849
51 0.845203125 0.5550235849056604 0.051000000000000004 0.07849056603773585
51 0.8543828124999999 0.5130660377358491 0.039546874999999995 0.03839622641509434
51 0.8269765625 0.4575235849056603 0.083484375 0.0485377358490566
51 0.6795390625 0.4483608490566037 0.05645312500000001 0.1531367924528302
51 0.7936640625 0.42674528301886794 0.080421875 0.07754716981132076
51 0.7014453125 0.48076650943396226 0.034078125 0.19992924528301886
51 0.7445859375 0.473372641509434 0.064640625 0.10995283018867924
51 0.73271875 0.5100117924528302 0.03625 0.0815801886792453
51 0.8595234375 0.4447169811320755 0.063203125 0.05216981132075472
51 0.723078125 0.41969339622641505 0.052531249999999995 0.06254716981132076