46 0.715957095709571 0.5664374999999999 0.12844884488448846 0.1801875
46 0.8223349834983499 0.4966328125 0.11628712871287128 0.18426562500000002
46 0.6124917491749176 0.5270312500000001 0.08801980198019803 0.15765625
46 0.3393729372937294 0.266296875 0.12815181518151814 0.22246875
46 0.18103135313531352 0.260921875 0.13975247524752474 0.17871874999999998
46 0.22400990099009901 0.553828125 0.110990099009901 0.17309375
46 0.3700412541254125 0.5641718750000001 0.10503300330033002 0.162
46 0.8348927392739275 0.20495312499999999 0.11892739273927391 0.15540625
46 0.6592244224422442 0.2257890625 0.1561056105610561 0.252515625
54 0.6182013201320132 0.6775156250000001 0.1365016501650165 0.15890625
54 0.37254950495049505 0.7126484375 0.15701320132013202 0.153578125
54 0.7286303630363036 0.7250546874999999 0.14735973597359736 0.147296875
55 0.15676567656765678 0.8932265625 0.297029702970297 0.184890625