55 0.1917578125 0.6961783439490447 0.092953125 0.17904458598726114
55 0.3423359375 0.7134713375796179 0.10032812499999999 0.20898089171974524
55 0.39196093750000005 0.5361464968152866 0.05639062500000001 0.10248407643312102
55 0.4528359375 0.3197929936305733 0.24707812499999998 0.31621019108280257
55 0.252265625 0.10840764331210191 0.05546875 0.07114649681528662
55 0.33497656249999996 0.11893312101910827 0.061953125 0.12315286624203822
55 0.5688828125 0.7153980891719744 0.097859375 0.1790127388535032
55 0.6938828125 0.7064968152866241 0.08792187500000001 0.18700636942675158
55 0.6769921875 0.19906050955414015 0.232734375 0.3290127388535032
55 0.19625 0.5051910828025478 0.2778125 0.39222929936305734
55 0.3035234375 0.5989012738853503 0.053609375 0.13124203821656052
55 0.6496328124999999 0.5890605095541401 0.057328124999999994 0.124171974522293
55 0.49296875 0.4124203821656051 0.9359375 0.8057324840764332