50 0.558796875 0.3439895833333333 0.14590625 0.14327083333333332
50 0.8563671874999998 0.5118125 0.084546875 0.11966666666666666
51 0.8954375000000001 0.7750416666666666 0.11353125 0.10908333333333334
51 0.7623984375 0.40334375 0.050890625 0.056562499999999995
51 0.40279687499999994 0.41495833333333326 0.12821875 0.10708333333333334
51 0.1898359375 0.5139479166666666 0.14195312499999999 0.09364583333333334
50 0.084125 0.64271875 0.091 0.12131249999999999
51 0.4794921875 0.7171770833333333 0.075671875 0.0745625
51 0.6665703125 0.7887604166666667 0.082578125 0.08089583333333333
51 0.20023437500000002 0.7881875 0.08415625 0.11920833333333333
50 0.529 0.5656770833333333 0.22131249999999997 0.2148125
50 0.28853125 0.36294791666666665 0.068 0.08289583333333334
50 0.2098515625 0.5779479166666666 0.107984375 0.14164583333333333
50 0.0526953125 0.8580312499999999 0.089390625 0.11547916666666666
50 0.33669531249999995 0.8405833333333333 0.035671875 0.06974999999999999
50 0.9668203125 0.7741145833333333 0.066359375 0.10993750000000001
50 0.712375 0.6811041666666667 0.1554375 0.11916666666666667
50 0.7758046875 0.73071875 0.102734375 0.11835416666666668
51 0.2332109375 0.4475729166666667 0.049796875000000004 0.025979166666666668