46 0.38810937500000003 0.2737353629976581 0.07731249999999999 0.1211943793911007
46 0.6779296875 0.7557142857142857 0.104546875 0.14824355971896955
46 0.6141171875 0.7386065573770492 0.057109375 0.11566744730679157
46 0.257578125 0.28953161592505855 0.0663125 0.10519906323185012
46 0.20886718750000002 0.28740046838407496 0.06298437500000001 0.11676814988290397
46 0.3899140625 0.7604918032786886 0.009765625 0.0117096018735363
46 0.4235390625 0.7759367681498829 0.058984375 0.05421545667447306
46 0.4566484375 0.26988290398126463 0.064515625 0.06135831381733021
46 0.4893828125 0.49818501170960183 0.049640625 0.05782201405152225
46 0.7521953125 0.8397306791569087 0.090765625 0.09257611241217799
46 0.4722421875 0.7955620608899299 0.040953125 0.10231850117096018
46 0.18946093749999998 0.48885245901639346 0.051609375 0.08833723653395785
49 0.3671484375 0.49721311475409835 0.037046875 0.05690866510538642
49 0.40207812499999995 0.48152224824355977 0.01884375 0.019250585480093677
49 0.3295859375 0.5047775175644028 0.0062656249999999995 0.014145199063231851
46 0.4083046875 0.8658899297423888 0.048640625 0.06250585480093677
46 0.40703125 0.5901639344262295 0.1671875 0.585480093676815