53 0.5005624999999999 0.503375 0.9977499999999999 0.99325
50 0.41257031250000004 0.6815520833333333 0.283546875 0.27872916666666664
50 0.4346328125 0.36002083333333335 0.042921875 0.074125
50 0.18522656249999997 0.35654166666666665 0.069703125 0.059125
50 0.263765625 0.46797916666666667 0.20056250000000003 0.19775
50 0.9107109375 0.4428541666666667 0.134421875 0.16362500000000002
50 0.6308906249999999 0.2830729166666667 0.13778125000000002 0.1145625
50 0.7480546875 0.3090833333333334 0.101296875 0.12987500000000002
50 0.5756953125 0.48128125 0.164421875 0.0823125
50 0.735203125 0.55634375 0.0448125 0.08052083333333333
50 0.5966875 0.5481041666666667 0.1806875 0.07608333333333334
50 0.31500000000000006 0.21103125 0.12125 0.1453125
50 0.8427734375 0.5520937499999999 0.123046875 0.1328125
50 0.856265625 0.6873541666666667 0.10859375 0.10520833333333333