46 0.18535 0.2922289156626506 0.22182 0.5844578313253012
46 0.05147 0.09775602409638554 0.09101999999999999 0.19099397590361444
47 0.6851 0.2694126506024096 0.16091999999999998 0.2094277108433735
47 0.43199 0.38469879518072286 0.15153999999999998 0.23295180722891567
47 0.71942 0.38984939759036147 0.16224 0.15210843373493976
47 0.85493 0.6040210843373494 0.1333 0.17713855421686747
49 0.5496800000000001 0.4917469879518072 0.24115999999999999 0.34433734939759036
47 0.8961399999999999 0.4123644578313253 0.15316 0.1902710843373494
47 0.97453 0.5051204819277109 0.05094 0.24650602409638556
47 0.8394400000000001 0.4747740963855422 0.1184 0.1497289156626506
47 0.8606099999999999 0.296460843373494 0.17438 0.226355421686747
47 0.7286999999999999 0.44718373493975905 0.11336 0.1435843373493976
47 0.72325 0.6016716867469879 0.15206 0.17490963855421687