52 0.70172 0.588 0.55168 0.20248
52 0.65991 0.49036 0.47758 0.1666
52 0.41363 0.49715 0.12622 0.18014
52 0.45659999999999995 0.38661999999999996 0.19752 0.02568
52 0.18937 0.47208 0.20618 0.07352
52 0.1448 0.43586 0.27324 0.06388
52 0.08203 0.36219999999999997 0.16226 0.023039999999999998
52 0.39753000000000005 0.38650999999999996 0.24634 0.05842
52 0.30041 0.36179999999999995 0.20946 0.05756
52 0.25392000000000003 0.34491000000000005 0.23628 0.053340000000000005
52 0.47995000000000004 0.48682000000000003 0.39194 0.13268000000000002
52 0.48175999999999997 0.40529 0.39796 0.13566
52 0.11056 0.38616 0.22008000000000003 0.03984
52 0.499 0.358 0.998 0.712