46 0.3320390625 0.6290281030444965 0.158890625 0.17159250585480093
46 0.4248671875 0.4800351288056206 0.126703125 0.17276346604215456
46 0.5094140625000001 0.3698711943793911 0.11773437499999999 0.14822014051522248
46 0.5258984375000001 0.672224824355972 0.14129687500000002 0.2964871194379391
47 0.5125624999999999 0.4494028103044496 0.9748749999999999 0.8141217798594848
47 0.7411484375 0.3030679156908665 0.154203125 0.2358313817330211
47 0.1849765625 0.6672014051522248 0.176828125 0.20793911007025762
47 0.1798125 0.4874824355971897 0.2086875 0.11374707259953162
47 0.13186718749999998 0.45058548009367677 0.207234375 0.14351288056206088
47 0.24675000000000002 0.7891803278688525 0.11881250000000002 0.21091334894613584
47 0.465375 0.8258430913348946 0.20299999999999999 0.21285714285714286
47 0.615375 0.8152927400468384 0.16012500000000002 0.21882903981264637
47 0.523734375 0.4224590163934426 0.84771875 0.6696487119437939
46 0.6385625 0.47462529274004683 0.0909375 0.15065573770491802