53 0.8303046875 0.9227803738317758 0.338390625 0.15406542056074765
53 0.11196093749999998 0.3314602803738318 0.220921875 0.22245327102803736
52 0.65234375 0.0868107476635514 0.0625 0.13535046728971964
52 0.6876953125 0.09226635514018693 0.055859375 0.1377570093457944
52 0.721203125 0.08950934579439251 0.04428125 0.15677570093457943
52 0.88575 0.09301401869158879 0.04196875 0.11060747663551403
52 0.7950234375 0.06776869158878504 0.055453125000000006 0.13553738317757008
52 0.763125 0.13070093457943924 0.03278125 0.0894859813084112
52 0.8073359375000001 0.1297429906542056 0.035765625 0.1033177570093458
52 0.83384375 0.06257009345794393 0.04528125 0.12514018691588785
52 0.7501484375 0.06857476635514019 0.05639062500000001 0.13714953271028038
52 0.8509453125 0.10719626168224299 0.042390625 0.15962616822429904