54 0.6716599999999999 0.7342341356673961 0.12472 0.08448577680525164
54 0.77987 0.6888949671772429 0.11581999999999999 0.10969365426695843
54 0.71474 0.5893763676148795 0.11148000000000001 0.10584245076586432
54 0.60338 0.6063238512035011 0.11444 0.112472647702407
54 0.68417 0.6657658643326039 0.12481999999999999 0.09161925601750547
54 0.5601900000000001 0.6984573304157549 0.11494 0.11231947483588621
54 0.53363 0.6025164113785558 0.0581 0.09194748358862145
54 0.77674 0.5993544857768053 0.06968 0.09140043763676149
54 0.58415 0.29451859956236326 0.23246 0.2015098468271335
54 0.30833999999999995 0.590437636761488 0.053 0.04818380743982494
54 0.31923 0.6397702407002188 0.053380000000000004 0.049824945295404814
55 0.5829500000000001 0.2920021881838074 0.2359 0.20435448577680526
54 0.64924 0.5747592997811817 0.08796 0.10028446389496717