53 0.40270312500000005 0.5616471962616822 0.038593749999999996 0.037172897196261684
53 0.438171875 0.5398481308411215 0.04496875 0.05044392523364486
53 0.43429687499999997 0.6439135514018692 0.037125000000000005 0.03936915887850467
53 0.5539453125 0.8119742990654206 0.033578125 0.06908878504672897
53 0.8403124999999999 0.6780257009345795 0.04896875 0.057640186915887855
53 0.8169765625000001 0.5594742990654206 0.045828125 0.04647196261682243
53 0.45578906249999995 0.6701401869158878 0.039703125 0.05742990654205607
53 0.6144609375 0.47735981308411213 0.036296875 0.03878504672897196
53 0.39939843750000004 0.529427570093458 0.035328125 0.041285046728971965
53 0.42339062499999996 0.68678738317757 0.03209375 0.05310747663551402
53 0.6087734375 0.5091004672897197 0.037046875 0.03385514018691589
53 0.8111875 0.5129789719626169 0.02084375 0.03376168224299065
53 0.649375 0.5061682242990655 0.0411875 0.04392523364485981
48 0.6468984375 0.5040420560747664 0.046671875 0.046074766355140184