54 0.31554245283018867 0.6607578125000001 0.14316037735849058 0.069453125
54 0.4453301886792453 0.663890625 0.1249056603773585 0.07153125
54 0.4820518867924528 0.8150078125 0.1412735849056604 0.099390625
54 0.6107075471698113 0.7693125000000001 0.16556603773584908 0.0848125
54 0.6278419811320755 0.8398984374999999 0.15327830188679245 0.091515625
54 0.4834551886792453 0.7323203125 0.14941037735849058 0.078546875
54 0.3265683962264151 0.7254765625 0.1628066037735849 0.07810937500000001
54 0.32490566037735846 0.8055546875000001 0.15358490566037736 0.09376562499999999
54 0.1725825471698113 0.78946875 0.15511792452830186 0.09075
54 0.16827830188679244 0.7193906250000001 0.1471698113207547 0.06875
54 0.5714622641509435 0.6787343750000001 0.15028301886792453 0.08040625