49 0.395515625 0.12510416666666666 0.1124375 0.14079166666666668
49 0.5077421875000001 0.12590625 0.070421875 0.12714583333333335
49 0.5967187500000001 0.15735416666666666 0.09390625 0.13204166666666667
49 0.7091484374999999 0.19756250000000003 0.057703125 0.09541666666666666
49 0.7719375 0.27678125 0.069125 0.07189583333333333
49 0.8219218749999999 0.25984375000000004 0.025062499999999998 0.03897916666666667
49 0.5469531249999999 0.07797916666666667 0.09131249999999999 0.14508333333333334
49 0.8480078125 0.14484375 0.034984375 0.05302083333333333
49 0.7876640625 0.12888541666666667 0.043078125 0.07389583333333333
49 0.35306249999999995 0.06648958333333334 0.13696875 0.12589583333333335
49 0.6594140625 0.20389583333333333 0.052609375 0.1065
49 0.29888281250000004 0.9132708333333334 0.07095312499999999 0.09304166666666666
49 0.2075625 0.05157291666666666 0.14634375 0.10314583333333333
49 0.453125 0.49895833333333334 0.890625 0.9979166666666667