49 0.4220546875 0.47078454332552694 0.181421875 0.24044496487119438
49 0.31859375 0.661791569086651 0.19940625 0.22695550351288055
49 0.2235546875 0.8563466042154567 0.166359375 0.22857142857142856
49 0.068453125 0.8649414519906323 0.13343750000000001 0.22857142857142856
49 0.13571093750000002 0.6735948477751756 0.181390625 0.20868852459016393
49 0.23459375 0.4780679156908665 0.18378125 0.21473067915690866
49 0.3239296875 0.30154566744730676 0.178015625 0.2234192037470726
49 0.4215546875 0.12326697892271662 0.19007812500000001 0.22498829039812646
49 0.2411171875 0.1155503512880562 0.184953125 0.2253864168618267
49 0.1498984375 0.29610070257611243 0.178484375 0.2077985948477752
49 0.0760546875 0.381135831381733 0.152109375 0.7564637002341921
49 0.41606249999999995 0.851592505854801 0.20165625 0.2334426229508197