51 0.5408984374999999 0.24991247264770242 0.099515625 0.22533916849015317
51 0.7766484375 0.1595514223194748 0.08985937499999999 0.17078774617067832
51 0.9120546875000001 0.23312910284463892 0.17485937499999998 0.10459518599562363
51 0.6442578125 0.2595514223194748 0.094671875 0.14155361050328227
51 0.877734375 0.15281181619256018 0.13478125000000002 0.1438293216630197
51 0.5704765625 0.11680525164113785 0.162671875 0.10389496717724288
51 0.5940000000000001 0.26508752735229757 0.15209375 0.18045951859956236
51 0.47175781250000004 0.16517505470459518 0.131578125 0.132582056892779
51 0.9091796875 0.32472647702407004 0.181640625 0.2
51 0.598890625 0.05165207877461707 0.083125 0.10159737417943107
51 0.767015625 0.053927789934354486 0.13478125000000002 0.10785557986870897
51 0.9463671875000002 0.11204595185995624 0.107265625 0.15074398249452955
51 0.72425 0.09927789934354486 0.061 0.0825382932166302
51 0.70234375 0.21553610503282275 0.5921875 0.4310722100656455