50 0.6769700000000001 0.6649866666666667 0.07698 0.09818666666666667
53 0.52767 0.5917866666666667 0.64478 0.61632
50 0.58189 0.628 0.08978 0.11072000000000001
50 0.4618 0.7220933333333333 0.091 0.07415999999999999
50 0.35549000000000003 0.5297999999999999 0.045899999999999996 0.07757333333333333
50 0.55449 0.3704 0.06742000000000001 0.04944
50 0.408 0.4418 0.02252 0.03448
50 0.50649 0.6207733333333333 0.05454 0.08832
50 0.38777999999999996 0.4504 0.045880000000000004 0.05221333333333333
50 0.58836 0.4530799999999999 0.05196 0.07608000000000001
50 0.7035800000000001 0.49417333333333335 0.07944 0.09026666666666668
50 0.51073 0.47261333333333333 0.06098 0.06789333333333333