50 0.7971953125 0.5648229166666667 0.159984375 0.22772916666666668
50 0.48322656249999996 0.39888541666666666 0.045734375 0.04877083333333333
50 0.7082421875 0.40942708333333333 0.136328125 0.11585416666666666
50 0.69840625 0.5243333333333333 0.065375 0.111625
50 0.5705312499999999 0.42116666666666674 0.21328125 0.2658333333333333
50 0.3834140625 0.3676875 0.095046875 0.14725000000000002
50 0.15833593750000002 0.44228124999999996 0.134453125 0.1545625
50 0.391890625 0.9031979166666667 0.10900000000000001 0.1208125
50 0.593640625 0.7333125 0.45887500000000003 0.44625
50 0.44116406250000006 0.35409375 0.072046875 0.07785416666666665
50 0.5088359375 0.11166666666666665 0.108265625 0.17770833333333333
50 0.6853125 0.27728125 0.15040625000000002 0.21827083333333333
50 0.42003124999999997 0.566125 0.07346875 0.07554166666666666
50 0.4546875 0.54375 0.903125 0.9083333333333333