49 0.3304921875 0.20381733021077283 0.042296875 0.07072599531615925
49 0.29159375 0.1846487119437939 0.04065625 0.06756440281030446
49 0.30592968750000005 0.2714519906323185 0.045078125000000004 0.07433255269320843
49 0.202828125 0.21714285714285714 0.04578125 0.07784543325526933
49 0.1965390625 0.2909484777517564 0.046015625 0.0675175644028103
49 0.12510156249999999 0.29834894613583135 0.127453125 0.1580093676814988
49 0.082703125 0.21824355971896958 0.017656250000000002 0.02594847775175644
49 0.171109375 0.38823185011709604 0.0408125 0.06587822014051523
49 0.5690156249999999 0.7838524590163934 0.0260625 0.02864168618266979
49 0.6708671875000001 0.18846604215456672 0.012671874999999999 0.010702576112412179
49 0.09911718750000001 0.07071428571428572 0.027234374999999998 0.04081967213114754