47 0.36150781249999997 0.7995729166666667 0.068484375 0.0853125
47 0.32107031249999995 0.7067395833333333 0.635390625 0.42472916666666666
47 0.5882031249999999 0.5112395833333333 0.38090625 0.2494375
47 0.727375 0.4483229166666666 0.26603125 0.16097916666666665
47 0.8619375 0.3534479166666667 0.15371875 0.12872916666666667
49 0.4602734375 0.39575 0.020796875 0.029041666666666667
49 0.5473203125 0.35801041666666666 0.017921875 0.014270833333333333
49 0.5555625 0.372125 0.025374999999999998 0.022541666666666668
49 0.5841640625 0.38214583333333335 0.018546874999999997 0.027375
49 0.6195468749999999 0.3790729166666667 0.01603125 0.0204375
49 0.57471875 0.38769791666666664 0.01821875 0.019395833333333334
49 0.6079296875 0.3292291666666667 0.015859375000000002 0.016874999999999998
49 0.6309140624999999 0.3223333333333333 0.014703125000000001 0.021625000000000002
49 0.23075 0.4098854166666666 0.0393125 0.04614583333333333
46 0.9920078125 0.26015625 0.012515624999999999 0.0190625
46 0.8923359375000001 0.26734375 0.021859375 0.016770833333333336
46 0.9038906250000001 0.273625 0.0234375 0.017083333333333332
46 0.9309062500000002 0.2567291666666667 0.013500000000000002 0.021416666666666664
46 0.927609375 0.274875 0.029375000000000002 0.0125
46 0.9149765625 0.26104166666666667 0.008453125 0.01375
46 0.9030156250000001 0.24195833333333333 0.01390625 0.028583333333333336
46 0.9235859375000001 0.23896875 0.010515625 0.014187499999999999
49 0.6076953125 0.3916354166666666 0.016921875 0.0225625
49 0.5196406250000001 0.3544375 0.014374999999999999 0.010916666666666667
49 0.6544921875 0.3461458333333333 0.012859375000000001 0.015333333333333334
46 0.9916718750000001 0.2889791666666667 0.01665625 0.025333333333333333
46 0.9104453125 0.24868749999999998 0.013953125 0.014875
46 0.9359921875000001 0.23854166666666668 0.014296875 0.019083333333333334
49 0.323234375 0.47775 0.04921875 0.0525
49 0.39609375 0.42291666666666666 0.7890625 0.6958333333333333