46 0.2018470588235294 0.2458046875 0.4036941176470588 0.491609375
46 0.5592941176470588 0.29783593750000004 0.108 0.050359375
46 0.2514588235294118 0.933171875 0.24037647058823527 0.13365625
46 0.8444941176470587 0.5454765625 0.2747294117647059 0.138234375
46 0.694529411764706 0.9004218749999999 0.336164705882353 0.19771875
46 0.6975411764705882 0.45771875 0.21451764705882354 0.16234375
46 0.8339294117647059 0.38971093749999997 0.22094117647058825 0.135953125
46 0.9392470588235294 0.407125 0.12150588235294117 0.050687499999999996
46 0.5780235294117647 0.1906015625 0.11581176470588235 0.036453124999999996
46 0.4962117647058824 0.9073125 0.25628235294117646 0.13396875
46 0.9534 0.171234375 0.09169411764705881 0.056625
46 0.407764705882353 0.9546796875 0.2605647058823529 0.062921875
46 0.5587529411764706 0.142890625 0.3519058823529412 0.23890625000000001
46 0.6823529411764706 0.278125 0.6305882352941177 0.55