54 0.3497109375 0.5244375 0.10067187500000001 0.20029166666666667
54 0.8850625000000001 0.3688854166666667 0.1234375 0.1396875
54 0.852203125 0.46063541666666663 0.12096875 0.16514583333333333
54 0.942734375 0.4936666666666667 0.10225 0.17354166666666665
54 0.2151875 0.698375 0.16184375 0.22429166666666667
54 0.8465078125 0.6091874999999999 0.099046875 0.21129166666666668
54 0.6983359375 0.48761458333333335 0.092546875 0.1846875
54 0.43773437499999995 0.6143958333333334 0.14221875 0.129625
54 0.44621093749999996 0.7186979166666666 0.136515625 0.15139583333333334
54 0.1427734375 0.47851041666666666 0.122890625 0.14272916666666668
54 0.2774375 0.5323958333333333 0.10093749999999999 0.16291666666666668
54 0.1974609375 0.38486458333333334 0.084703125 0.1690625
54 0.9273203124999998 0.6597604166666666 0.12245312500000001 0.22327083333333334