46 0.8129062499999999 0.503231850117096 0.10134375 0.17039812646370026
46 0.7595468750000001 0.4326932084309133 0.0900625 0.11639344262295083
46 0.6930937500000001 0.5035245901639344 0.10518749999999999 0.11763466042154566
46 0.685609375 0.3706088992974239 0.10609375000000001 0.16004683840749415
46 0.6891640625 0.3023536299765808 0.150703125 0.1906088992974239
46 0.7272734375 0.2510187353629976 0.032390625 0.06311475409836065
46 0.7576562499999999 0.5168384074941452 0.04240625 0.071288056206089
46 0.8670312499999999 0.16717798594847777 0.0453125 0.059039812646370024
46 0.7936953124999999 0.3911826697892272 0.082703125 0.06199063231850117
46 0.6416015625 0.2047189695550351 0.060171875 0.05814988290398126
46 0.7980859375 0.34518735362997655 0.08010937500000001 0.08437939110070258
46 0.7262656249999999 0.23306791569086655 0.10771875 0.07292740046838407