46 0.40588281249999997 0.5658854166666667 0.130578125 0.5717708333333333
46 0.6547031249999999 0.5070625 0.1270625 0.5105833333333334
46 0.5905 0.35634374999999996 0.09084375 0.5605625
46 0.77659375 0.5856979166666666 0.19503125 0.5579375
46 0.5195000000000001 0.54078125 0.11346875000000001 0.5295625
46 0.7411796875000001 0.39293750000000005 0.081171875 0.48470833333333335
46 0.5708828125000001 0.83646875 0.132359375 0.30352083333333335
46 0.9544140624999999 0.7941145833333333 0.091171875 0.3741041666666666
46 0.4649609375 0.31715625000000003 0.129484375 0.4955208333333333
46 0.6893046875 0.8615833333333333 0.116234375 0.2764583333333333
46 0.36807812500000003 0.30904166666666666 0.07184375 0.312375
46 0.833 0.8208125000000001 0.15375 0.3579583333333333
46 0.93203125 0.6270833333333333 0.0828125 0.26666666666666666