47 0.1523671875 0.5342688679245282 0.179640625 0.16179245283018867
47 0.311375 0.5740566037735849 0.0309375 0.04226415094339623
47 0.463265625 0.4945165094339623 0.03625 0.06450471698113208
47 0.5585234375 0.5142688679245283 0.029515625 0.032877358490566035
47 0.5833203125 0.48931603773584903 0.027859375 0.04268867924528302
47 0.63378125 0.5212146226415094 0.1525625 0.13672169811320756
47 0.05977343749999999 0.5436202830188679 0.059265625 0.13417452830188678
47 0.3432265625 0.5843514150943396 0.031828125 0.03733490566037736
47 0.39446875000000003 0.5872877358490566 0.02853125 0.040566037735849055
47 0.4365625000000001 0.3332193396226415 0.0343125 0.0452122641509434
47 0.4295859375 0.5071698113207547 0.022984375 0.029622641509433962
49 0.7883671875 0.6425117924528302 0.047390625 0.061014150943396225
49 0.502765625 0.7754245283018867 0.26396875 0.26099056603773585
49 0.341359375 0.7452948113207547 0.13809375 0.10455188679245282
49 0.7055390625 0.637688679245283 0.06414062499999999 0.07033018867924529
49 0.7667109375 0.6067452830188679 0.059546875 0.08089622641509434
49 0.9038828125 0.5835141509433962 0.044890625 0.05872641509433962
49 0.7186875 0.5257429245283018 0.03371875 0.0661556603773585
49 0.777 0.5634316037735848 0.05775 0.0752122641509434
47 0.30793750000000003 0.5470990566037736 0.0296875 0.027594339622641507
49 0.716375 0.5862853773584905 0.05175 0.06992924528301886
49 0.9473046875 0.6370754716981132 0.036796875 0.08179245283018868
47 0.4291875 0.574941037735849 0.05703125 0.056674528301886795