50 0.70259375 0.7924590163934426 0.051937500000000004 0.0872599531615925
51 0.3122890625 0.4644145199063232 0.11560937499999999 0.11927400468384075
50 0.23539062500000002 0.42303278688524587 0.1499375 0.14381733021077284
50 0.08932031250000001 0.5637002341920375 0.078359375 0.10065573770491802
50 0.3535625 0.924976580796253 0.16871875 0.14690866510538642
51 0.6304531250000001 0.2831381733021077 0.07946875 0.09887587822014052
51 0.759125 0.7409953161592506 0.04253125 0.04002341920374707
51 0.74790625 0.36978922716627627 0.0325 0.08117096018735362
51 0.6991328125 0.942423887587822 0.075390625 0.055807962529274
51 0.7693125000000001 0.759367681498829 0.06987499999999999 0.08899297423887588
50 0.7330390625 0.8883138173302108 0.08317187499999999 0.07793911007025761
50 0.612 0.41655737704918033 0.07046875 0.050679156908665104