54 0.7330679156908665 0.4189062499999999 0.3244028103044497 0.114625
54 0.5725644028103044 0.689828125 0.3457377049180328 0.137125
54 0.42269320843091335 0.5337109375 0.2997658079625293 0.137078125
54 0.20423887587822015 0.44292968750000006 0.2935831381733021 0.12042187499999998
54 0.10441451990632318 0.3584296875 0.19533957845433256 0.11460937499999999
54 0.17699063231850118 0.6272890625 0.3314519906323185 0.054671875
54 0.268864168618267 0.8612109374999999 0.31496487119437944 0.152140625
54 0.5727634660421547 0.8510859375 0.2948946135831382 0.140171875
54 0.8028922716627634 0.6643125 0.2804918032786885 0.13053125000000002
54 0.7856674473067915 0.8248906249999999 0.2992505854800937 0.1419375
54 0.6652224824355972 0.514171875 0.2718032786885246 0.1129375
54 0.8452576112412177 0.5004375000000001 0.1257377049180328 0.0955
54 0.7112529274004683 0.32829687500000004 0.2567915690866511 0.09684374999999999