46 0.1918671875 0.300152 0.218296875 0.22824
46 0.38803124999999994 0.334256 0.10365625 0.13168
46 0.3981328125 0.289448 0.133453125 0.145136
46 0.4809375 0.30904 0.025437500000000002 0.06416000000000001
46 0.56703125 0.33064799999999994 0.1644375 0.221552
46 0.8910859375000001 0.23296800000000004 0.11392187499999999 0.2268
46 0.33500781249999995 0.290168 0.088921875 0.14308800000000002
46 0.725140625 0.2738 0.17481249999999998 0.261264
47 0.7249531250000001 0.715296 0.44346874999999997 0.41881599999999997
46 0.44439062500000004 0.302688 0.09875 0.16179200000000002
46 0.08959375 0.27521599999999996 0.056625 0.19216
49 0.298109375 0.707568 0.484875 0.45596800000000004