51 0.274328125 0.7168854166666667 0.0121875 0.08227083333333333
51 0.26077343750000004 0.43496875 0.068921875 0.04102083333333333
51 0.12855468750000001 0.5860312499999999 0.049890625 0.0826875
51 0.209046875 0.464625 0.053500000000000006 0.04591666666666667
53 0.49871875 0.10589583333333333 0.25871875 0.17929166666666668
51 0.217921875 0.60184375 0.0701875 0.10260416666666666
51 0.1336640625 0.6265833333333333 0.025109375 0.01883333333333333
51 0.2220390625 0.36171875 0.041515625 0.05535416666666667
51 0.24603906249999996 0.46853124999999995 0.05795312500000001 0.050979166666666666
51 0.25477343750000003 0.403375 0.031140624999999998 0.051416666666666666
51 0.26415625 0.6664270833333333 0.0385 0.028354166666666666
51 0.6182968750000001 0.3827291666666667 0.01846875 0.043250000000000004
51 0.6796875 0.4973958333333333 0.05384375 0.05458333333333333
51 0.4515625 0.5229166666666667 0.49375 0.3458333333333333