50 0.652703125 0.37446875 0.296125 0.40727083333333336
50 0.30457812500000003 0.5964791666666667 0.25703125 0.23004166666666667
50 0.47642968750000003 0.83675 0.230609375 0.2565
50 0.6246484375 0.22989583333333333 0.097859375 0.10658333333333332
50 0.490109375 0.16535416666666666 0.23678125 0.24691666666666665
51 0.545015625 0.704625 0.06753125 0.09933333333333333
51 0.7561015624999999 0.8659375 0.062203125000000005 0.06974999999999999
51 0.1804609375 0.57303125 0.05923437499999999 0.06789583333333334
51 0.7767734375 0.41702083333333334 0.048171874999999996 0.04475
51 0.7616328125 0.9244895833333333 0.080359375 0.07856250000000001
51 0.1824609375 0.658125 0.069515625 0.18595833333333334
51 0.684640625 0.42484375 0.03496875 0.0615625
50 0.34297656249999997 0.38259374999999995 0.106171875 0.11685416666666668
51 0.8518281249999999 0.4701354166666667 0.04503125 0.056854166666666664
51 0.5221015625000001 0.4635520833333333 0.049953125 0.07222916666666666
51 0.14453125 0.6235729166666667 0.04059375 0.07577083333333333
51 0.6698046875 0.9733020833333333 0.094171875 0.05339583333333333
50 0.10616406249999999 0.5116875 0.083765625 0.15066666666666664
50 0.667390625 0.3839583333333333 0.02071875 0.033499999999999995
51 0.35354687500000004 0.7643541666666667 0.027250000000000003 0.051541666666666666
51 0.58984375 0.2791666666666667 0.6203125 0.42083333333333334