51 0.201171875 0.51646875 0.28940625 0.2611875
51 0.2427734375 0.6386041666666666 0.15145312500000002 0.27145833333333336
51 0.3188671875 0.6263333333333333 0.072953125 0.26329166666666665
51 0.5368046875 0.5363020833333334 0.063203125 0.08931249999999999
51 0.5114921874999999 0.6839270833333333 0.039328125000000005 0.18631250000000002
51 0.5777578125 0.6373750000000001 0.090703125 0.144125
51 0.4738124999999999 0.6039375 0.068625 0.20504166666666668
51 0.5064375 0.6144791666666667 0.0389375 0.15254166666666666
51 0.3650703125 0.5545000000000001 0.043203124999999995 0.15695833333333334
51 0.1896171875 0.6623020833333333 0.051359375 0.12510416666666666
51 0.34571874999999996 0.6838541666666667 0.13178125000000002 0.180625