51 0.8756979166666667 0.7273671875 0.20072916666666665 0.35745312500000004
51 0.12095833333333333 0.3290703125 0.24191666666666667 0.12701562500000002
51 0.8360833333333333 0.7976484375 0.05333333333333334 0.047046875
50 0.3645729166666667 0.4156640625 0.2411875 0.17976562499999998
50 0.29140625 0.845890625 0.23527083333333335 0.24509375000000003
50 0.6996458333333333 0.6328125 0.23958333333333334 0.29428125
50 0.3723020833333333 0.5909140625 0.3705625 0.189609375
50 0.16166666666666668 0.43899999999999995 0.3090833333333334 0.14821875
50 0.21629166666666666 0.8830234375 0.31466666666666665 0.23395312499999998
50 0.10909375 0.7389609374999999 0.2181875 0.490921875
50 0.6228229166666667 0.9022578124999999 0.39597916666666666 0.195484375
50 0.42951041666666673 0.9231328125000001 0.1626875 0.153734375
50 0.5780729166666667 0.4444687500000001 0.2036875 0.14990625
50 0.32146875 0.5451328125 0.25327083333333333 0.14460937499999998
51 0.8288437500000001 0.615546875 0.1030625 0.10693749999999999
51 0.9461875000000001 0.8742578125 0.06020833333333333 0.027515625