51 0.47650781250000007 0.5196666666666666 0.075109375 0.09445833333333334
51 0.5390390625 0.5101979166666666 0.060984375 0.09472916666666667
51 0.5489531249999999 0.3852604166666666 0.05728124999999999 0.07439583333333334
51 0.6439765625 0.4906979166666667 0.07182812499999999 0.08852083333333334
51 0.3919609375 0.7879270833333333 0.081671875 0.11039583333333333
51 0.4753359375 0.38196875 0.034921875000000005 0.0800625
51 0.5697812499999999 0.4079791666666666 0.05375 0.07112500000000001
51 0.591984375 0.3131979166666667 0.081 0.1191875
51 0.733125 0.5835416666666666 0.057125 0.094625
51 0.627546875 0.7818125000000001 0.060406249999999995 0.04625
51 0.370046875 0.29532291666666666 0.042812499999999996 0.024604166666666667