54 0.171171875 0.5611770833333334 0.1870625 0.20939583333333334
54 0.8631718750000001 0.6328854166666668 0.1824375 0.26127083333333334
54 0.20082031250000001 0.4131145833333333 0.177421875 0.1568125
54 0.3921796875 0.37030208333333337 0.19207812500000002 0.1865625
54 0.5354687499999999 0.6278020833333334 0.178125 0.18872916666666667
54 0.706109375 0.6782812500000001 0.12709375 0.25327083333333333
54 0.3880859375 0.5275000000000001 0.24326562499999999 0.19904166666666667
54 0.78596875 0.4896145833333333 0.16703125000000002 0.16647916666666665
54 0.7390234375 0.3622916666666666 0.167265625 0.12233333333333334
54 0.6575234375 0.46286458333333336 0.08429687500000001 0.13339583333333332
54 0.5695078125 0.34710416666666666 0.182859375 0.11045833333333334