54 0.7243619246861924 0.8811249999999999 0.22395397489539748 0.14965625
54 0.4297175732217573 0.9189140625000001 0.2442468619246862 0.13964062500000002
54 0.2978870292887029 0.3200859375 0.2828870292887029 0.183890625
54 0.8665271966527196 0.7685390624999999 0.19857740585774059 0.121359375
54 0.5029916317991632 0.778703125 0.19669456066945606 0.1300625
54 0.6952615062761507 0.319921875 0.2855020920502092 0.1335625
54 0.5785983263598327 0.258546875 0.21271966527196653 0.11487499999999999
54 0.46817991631799166 0.2971953125 0.15539748953974897 0.11382812499999999
54 0.6204184100418411 0.42456250000000006 0.4418828451882845 0.15278125
54 0.6515899581589959 0.706359375 0.15527196652719666 0.118
54 0.7826464435146444 0.528484375 0.09169456066945607 0.0381875
54 0.5 0.55 0.99581589958159 0.896875