50 0.69 0.6129333333333333 0.15884 0.21882666666666667
50 0.58538 0.3362266666666667 0.10931999999999999 0.13965333333333332
50 0.21528999999999998 0.16705333333333333 0.0953 0.15058666666666667
51 0.42474 0.39281333333333335 0.07076 0.09677333333333334
51 0.5030899999999999 0.5699066666666667 0.034140000000000004 0.07704
51 0.31717 0.2601866666666666 0.02034 0.06250666666666667
50 0.22053 0.7720799999999999 0.09386 0.17151999999999998
51 0.46923000000000004 0.4261466666666666 0.02826 0.02072
51 0.29613 0.26288 0.03086 0.07397333333333334
50 0.45022 0.5593333333333333 0.08771999999999999 0.13850666666666667
51 0.45109 0.3887866666666667 0.032380000000000006 0.06525333333333333
51 0.42442 0.23797333333333331 0.0504 0.05168
51 0.5297799999999999 0.8200533333333333 0.061520000000000005 0.10144