46 0.7182578124999999 0.5730980392156863 0.17510937499999998 0.14125490196078433
46 0.778859375 0.4183039215686274 0.12928125 0.156921568627451
46 0.5175 0.4447058823529411 0.13125 0.2023529411764706
46 0.510359375 0.28590196078431374 0.12534375 0.15168627450980393
46 0.5653125 0.14823529411764705 0.118125 0.15999999999999998
46 0.69025 0.16760784313725488 0.1324375 0.14929411764705883
46 0.6164453125 0.6462254901960784 0.23304687500000001 0.2900980392156863
46 0.6488046875 0.4335588235294118 0.138203125 0.15766666666666665
46 0.8526796875 0.5605 0.11204687499999999 0.14060784313725488
46 0.6366015625 0.28651960784313724 0.134296875 0.14605882352941174
46 0.766859375 0.2675392156862745 0.13040625 0.1506470588235294