50 0.4456328125 0.6075878220140515 0.137453125 0.2502576112412178
50 0.7084374999999999 0.7400117096018736 0.1004375 0.17412177985948477
50 0.594015625 0.6131967213114755 0.10228124999999999 0.25
50 0.44740624999999995 0.3131030444964871 0.08790624999999999 0.1458782201405152
50 0.631640625 0.4021077283372365 0.10093749999999999 0.08056206088992975
50 0.7190000000000001 0.24118266978922717 0.16012500000000002 0.18587822014051522
50 0.7264375 0.5568618266978922 0.16453125 0.33058548009367683
50 0.5792265624999999 0.3271311475409836 0.087390625 0.10259953161592507
50 0.7863671875 0.41905152224824355 0.058546875 0.11163934426229509
50 0.7764453125 0.4979742388758782 0.049515625 0.10583138173302108
50 0.8635703124999999 0.48471896955503513 0.035578125 0.14288056206088992
50 0.6521328125 0.7473887587822016 0.08745312499999999 0.26217798594847774
50 0.43959374999999995 0.47812646370023426 0.07284375 0.06505854800936768