50 0.32078124999999996 0.7293437500000001 0.12772916666666667 0.08940624999999999
50 0.9442916666666666 0.558 0.11141666666666666 0.18590625
50 0.8123125000000001 0.23874218750000004 0.135125 0.105859375
50 0.8682708333333334 0.38724218749999995 0.2634583333333333 0.169265625
50 0.36540625 0.3550546875 0.1438125 0.07323437499999999
50 0.326125 0.23824218749999998 0.16520833333333332 0.101953125
50 0.5003749999999999 0.10525 0.11983333333333333 0.098875
50 0.15367708333333333 0.273296875 0.18114583333333334 0.1688125
50 0.7484791666666666 0.182609375 0.132 0.10440624999999999
50 0.48945833333333333 0.1801328125 0.41212499999999996 0.135953125
50 0.045083333333333336 0.46794531250000004 0.08420833333333334 0.073265625
50 0.57946875 0.41332812499999994 0.05577083333333333 0.03690625
50 0.24730208333333337 0.63825 0.0944375 0.11578124999999999