48 0.39312500000000006 0.6739479166666666 0.40865625000000005 0.24489583333333334
48 0.2932578125 0.4898854166666667 0.32360937500000003 0.20672916666666669
48 0.66703125 0.5273229166666666 0.30453125000000003 0.2126458333333333
48 0.710578125 0.6783958333333333 0.29281250000000003 0.24983333333333332
48 0.8967031249999999 0.35921875000000003 0.20659375 0.15364583333333334
48 0.5641796875 0.3978645833333333 0.257296875 0.18610416666666665
48 0.1188203125 0.7269583333333334 0.23089062500000002 0.39775
48 0.455171875 0.20285416666666667 0.24878125 0.1585
48 0.72884375 0.18357291666666667 0.24846875000000002 0.09772916666666666
52 0.5715937500000001 0.3997083333333334 0.26296875000000003 0.18970833333333334
48 0.4119140625 0.8324374999999999 0.360734375 0.29083333333333333
48 0.8883125 0.46965625 0.21871875 0.17822916666666666
52 0.7071171875 0.6911458333333333 0.027546875 0.036125
48 0.6590625 0.11176041666666665 0.20659375 0.11614583333333334
48 0.8201328125 0.25713541666666667 0.27273437500000003 0.16622916666666668
52 0.8242890625000001 0.26146875 0.261953125 0.16339583333333335
52 0.7480390625 0.18714583333333332 0.22173437499999998 0.09383333333333334
52 0.8893203125 0.35319791666666667 0.22135937499999997 0.13897916666666665
48 0.49921875 0.5 0.9984375 0.9958333333333333