49 0.28846476510067115 0.4234296875 0.051694630872483216 0.051265625
49 0.6192785234899328 0.25533593750000005 0.06798657718120805 0.062859375
49 0.5846224832214765 0.09459375 0.0763255033557047 0.0781875
49 0.7317197986577182 0.0361640625 0.06840604026845638 0.068453125
49 0.7024077181208054 0.256625 0.06065436241610738 0.06587499999999999
49 0.8307298657718121 0.2097109375 0.06367449664429531 0.043484375
49 0.07019295302013422 0.5102734375 0.05370805369127517 0.043171875
49 0.41925335570469796 0.451578125 0.05548657718120805 0.048093750000000005
49 0.795998322147651 0.0165 0.06401006711409396 0.03278125
49 0.26046979865771813 0.0859296875 0.031979865771812076 0.034859375
49 0.09177852348993289 0.38471875 0.07446308724832215 0.0450625
49 0.2372231543624161 0.39308593750000004 0.034647651006711404 0.030328125
49 0.37560402684563754 0.4297578125 0.057583892617449665 0.047984375
49 0.4446308724832215 0.4578125 0.889261744966443 0.625