47 0.41010156249999996 0.2811016949152542 0.089234375 0.14631961259079904
47 0.59278125 0.2734503631961259 0.09640625 0.1364406779661017
47 0.59890625 0.5505569007263923 0.08121874999999999 0.12135593220338982
47 0.5179453125 0.3636077481840194 0.070515625 0.0910411622276029
47 0.5217734375 0.5345399515738498 0.075921875 0.11372881355932203
47 0.5958984375 0.45721549636803877 0.075578125 0.10135593220338983
47 0.44781249999999995 0.35078692493946734 0.068 0.10539951573849879
47 0.6839140625 0.437179176755448 0.090390625 0.12849878934624698
47 0.45934375000000005 0.5080629539951573 0.0578125 0.09932203389830509
47 0.523109375 0.4385593220338983 0.07178124999999999 0.09498789346246973
47 0.45168749999999996 0.4325665859564165 0.07346875 0.10121065375302662
47 0.5017421875 0.27527845036319615 0.084109375 0.13709443099273608
47 0.5909687499999999 0.36952784503631964 0.08303125 0.11029055690072638