46 0.089046875 0.8933842794759825 0.03690625 0.10537117903930131
46 0.23646875 0.9356659388646288 0.09128125000000001 0.12866812227074237
46 0.27667968750000005 0.895796943231441 0.063265625 0.12805676855895196
46 0.513 0.9198471615720524 0.17690625 0.13707423580786027
46 0.6597812500000001 0.928504366812227 0.13468750000000002 0.14299126637554585
46 0.7377499999999999 0.9023144104803493 0.15128124999999998 0.1524890829694323
46 0.3675390625 0.9373253275109169 0.13173437500000001 0.12534934497816594
46 0.41415625 0.8905676855895196 0.09021875 0.12781659388646288
46 0.5808671875 0.892467248908297 0.059578125 0.1721397379912664
46 0.222015625 0.8588537117903929 0.0988125 0.15945414847161574
46 0.7476640625 0.8548471615720523 0.130984375 0.18353711790393012
46 0.680171875 0.8462336244541484 0.08059374999999999 0.1166593886462882
47 0.44525 0.516353711790393 0.058374999999999996 0.029737991266375545
47 0.4902421875000001 0.5209825327510917 0.010453125 0.013100436681222707
49 0.23797656250000002 0.6881004366812228 0.054109375 0.08973799126637555
49 0.3478515625 0.6928165938864629 0.072890625 0.09275109170305676
49 0.27811718750000003 0.6583187772925764 0.186796875 0.1746288209606987
49 0.49060156250000003 0.6599890829694324 0.080015625 0.11181222707423581
49 0.0350546875 0.5627510917030568 0.024484375 0.025327510917030567
49 0.06878124999999999 0.5429585152838428 0.0535625 0.04290393013100437
46 0.625515625 0.834934497816594 0.07715625000000001 0.0883406113537118
47 0.50265625 0.5161899563318778 0.0084375 0.00962882096069869
47 0.71190625 0.4780021834061135 0.08425 0.02626637554585153
47 0.40416406250000003 0.47900655021834065 0.060015624999999996 0.027096069868995633
46 0.36484375 0.8635371179039302 0.7265625 0.2685589519650655