46 0.5276875 0.04675294117647058 0.01528125 0.04795294117647059
46 0.30307812500000003 0.0646235294117647 0.10365625 0.1252
46 0.36971875 0.045305882352941175 0.06803125 0.08943529411764706
46 0.756046875 0.02544705882352941 0.063875 0.050470588235294114
46 0.6460390625 0.04081176470588235 0.047296875 0.0816235294117647
46 0.5469296875 0.061658823529411766 0.056609374999999997 0.10435294117647059
46 0.23440625 0.07224705882352941 0.0625625 0.14327058823529412
46 0.7297187500000001 0.031000000000000003 0.039781250000000004 0.05414117647058824
46 0.8355234375 0.03330588235294118 0.040140625 0.06661176470588236
46 0.8370390624999999 0.05136470588235294 0.067328125 0.10254117647058823
49 0.544203125 0.6059529411764705 0.04571875 0.05661176470588235
49 0.522640625 0.6625882352941177 0.14453125 0.25534117647058824
46 0.5009765625 0.038776470588235294 0.047703125 0.07755294117647059
46 0.9538281249999999 0.03624705882352941 0.09234375 0.07249411764705882
46 0.40874999999999995 0.027423529411764704 0.0831875 0.05329411764705882
46 0.496875 0.13647058823529412 0.99375 0.27294117647058824