50 0.680453125 0.5683020833333333 0.6144375 0.5727708333333333
51 0.6293203125 0.5928125000000001 0.10310937499999999 0.12129166666666666
51 0.9391875000000001 0.6452708333333333 0.0675625 0.112625
51 0.5282578124999999 0.1920833333333333 0.100453125 0.10204166666666666
51 0.39108593750000004 0.7734583333333334 0.079453125 0.1005
51 0.34514062500000003 0.357875 0.0863125 0.06783333333333334
51 0.7957109375 0.4860833333333333 0.072640625 0.09141666666666667
51 0.917375 0.5660833333333333 0.03496875 0.052458333333333336
51 0.279125 0.17295833333333333 0.081125 0.08679166666666666
51 0.4085234375 0.1600416666666667 0.069640625 0.08041666666666666
51 0.9571718749999999 0.3233229166666666 0.08565625 0.14339583333333333
51 0.37067187500000004 0.7028541666666667 0.67859375 0.5535
51 0.29553125 0.272 0.11415625 0.12416666666666668
51 0.8189375 0.140375 0.0818125 0.08695833333333333
51 0.5796875 0.49895833333333334 0.828125 0.9979166666666667