46 0.49538 0.2752852852852853 0.26639999999999997 0.5505705705705706
46 0.70897 0.1936636636636637 0.05146 0.1956156156156156
46 0.49684999999999996 0.8297597597597598 0.17642 0.21069069069069069
46 0.8020499999999999 0.376006006006006 0.03362 0.11459459459459459
46 0.74233 0.24045045045045044 0.26342000000000004 0.47639639639639636
46 0.18517 0.2230930930930931 0.25982 0.4461861861861862
46 0.924 0.23536036036036037 0.033 0.10585585585585586
46 0.88101 0.29036036036036034 0.052340000000000005 0.17495495495495494
49 0.13185000000000002 0.7725675675675675 0.26266 0.4548648648648649
49 0.19707999999999998 0.7745045045045046 0.0594 0.08564564564564564
49 0.22344999999999998 0.8290840840840841 0.05734 0.0815915915915916
49 0.36211 0.8479579579579579 0.2759 0.3040840840840841
46 0.032869999999999996 0.14025525525525526 0.06573999999999999 0.2753453453453453
46 0.92789 0.1197897897897898 0.13874 0.2395795795795796
47 0.97035 0.5607507507507508 0.0593 0.09615615615615616
47 0.85203 0.7064864864864865 0.29594 0.5558558558558558
47 0.90547 0.8746396396396396 0.08314 0.11234234234234233
47 0.33744 0.7314864864864865 0.05804 0.08615615615615616