46 0.3678671875 0.5250449101796407 0.088609375 0.13847305389221556
46 0.5101015624999999 0.6997904191616767 0.042234375000000005 0.023892215568862278
46 0.447953125 0.6758832335329341 0.02784375 0.07116766467065869
46 0.5606093750000001 0.5736976047904191 0.07571875 0.12074850299401198
46 0.5864296875 0.4952395209580838 0.064109375 0.0807185628742515
46 0.517546875 0.43230538922155687 0.0285625 0.053952095808383234
46 0.5468828125 0.4339820359281438 0.011890625 0.02898203592814371
46 0.5844453125 0.43784431137724555 0.013140625 0.035508982035928144
46 0.4338515625 0.47755988023952095 0.077671875 0.09565868263473054
46 0.29817968749999996 0.514311377245509 0.060203125 0.13862275449101796
46 0.48440625000000004 0.7137275449101796 0.043687500000000004 0.02434131736526946
46 0.49424999999999997 0.501946107784431 0.007000000000000001 0.02065868263473054
46 0.3486328125 0.4134431137724551 0.08820312500000001 0.10562874251497006
46 0.503125 0.7065868263473054 0.190625 0.19161676646706588