55 0.1810234375 0.6762916666666666 0.203359375 0.27019444444444446
55 0.816578125 0.4730277777777778 0.146625 0.24044444444444446
55 0.6377109375 0.8033750000000001 0.24142187499999998 0.22697222222222221
48 0.43379687499999997 0.7189861111111111 0.26053125 0.22175
55 0.658015625 0.4181944444444445 0.1896875 0.19455555555555556
55 0.6800312500000001 0.3560416666666667 0.16575 0.12830555555555556
55 0.5209140624999999 0.5243472222222222 0.194890625 0.16830555555555557
55 0.3739765625 0.613875 0.171109375 0.20475
48 0.3204453125 0.7298611111111111 0.115140625 0.11316666666666667
48 0.6825390625000001 0.36786111111111114 0.167484375 0.1463888888888889
48 0.615078125 0.6651944444444445 0.041749999999999995 0.09383333333333334
48 0.49381250000000004 0.2932777777777778 0.18546875000000002 0.1233888888888889
48 0.283328125 0.38148611111111114 0.17778125 0.1703611111111111
55 0.12840625 0.5145694444444444 0.16375 0.18230555555555555
55 0.44397656249999995 0.5745 0.180296875 0.19794444444444445
55 0.6815156250000001 0.6716527777777779 0.2465 0.15963888888888889