46 0.4712890625 0.46396875000000004 0.44932812499999997 0.3085625
46 0.75675 0.49323958333333334 0.1858125 0.14189583333333333
46 0.684390625 0.738125 0.18928125 0.34137500000000004
46 0.56309375 0.8237083333333334 0.16359375 0.30225
46 0.737328125 0.65090625 0.15709375 0.1959375
46 0.2786171875 0.74509375 0.177328125 0.2214375
46 0.22286718749999998 0.662 0.177015625 0.19508333333333333
46 0.0955 0.312 0.18784375 0.15791666666666665
46 0.471375 0.81325 0.07409375 0.18141666666666667
46 0.38084375000000004 0.8013020833333333 0.12662500000000002 0.23635416666666667
46 0.14220312499999999 0.4129895833333333 0.24156249999999999 0.1818125
46 0.1723984375 0.5405520833333333 0.19429687499999998 0.19643750000000001
46 0.5003984375 0.813625 0.14520312500000002 0.260875