46 0.5264958448753463 0.360421875 0.444404432132964 0.2945625
46 0.5935457063711912 0.6868046875 0.4087534626038781 0.244203125
46 0.4322576177285319 0.586515625 0.8406371191135735 0.305625
47 0.8918975069252076 0.6995703125 0.21620498614958447 0.129296875
47 0.883573407202216 0.6157656250000001 0.12121883656509695 0.04978125
47 0.9061634349030471 0.5616328125 0.1380332409972299 0.082828125
47 0.9707063711911358 0.620609375 0.058587257617728525 0.10024999999999999
47 0.9546398891966759 0.3638046875 0.0907202216066482 0.099609375
47 0.9556509695290858 0.44078125 0.08465373961218836 0.0851875
47 0.9531717451523547 0.28254687500000003 0.09365650969529087 0.09140625
47 0.9810941828254848 0.1746875 0.037811634349030475 0.04253125
47 0.9845152354570637 0.20998437499999997 0.030969529085872576 0.054031249999999996
46 0.8155678670360111 0.423265625 0.11451523545706373 0.152875
46 0.8195290858725762 0.4184375 0.22249307479224376 0.2231875
47 0.9589750692520775 0.5189609374999999 0.08204986149584488 0.106671875
47 0.9335595567867035 0.8166874999999999 0.1287257617728532 0.07128124999999999
47 0.9904293628808865 0.8189375 0.018033240997229916 0.06103125
47 0.93803324099723 0.7657890625 0.1233240997229917 0.063234375