46 0.3005 0.2182083333333333 0.04471875 0.04870833333333333
47 0.253140625 0.23845833333333333 0.056937499999999995 0.02795833333333333
47 0.252765625 0.2048125 0.03875 0.027208333333333334
47 0.26809375 0.25004166666666666 0.028687499999999998 0.017208333333333332
49 0.2963046875 0.19170833333333334 0.019453124999999998 0.018083333333333333
49 0.26121875 0.26367708333333334 0.0565625 0.050479166666666665
49 0.23748437499999997 0.183625 0.03078125 0.025916666666666664
49 0.2654765625 0.23330208333333333 0.008171875 0.0114375
49 0.21305468749999998 0.19305208333333332 0.029078125 0.0135625
47 0.22165625000000003 0.18066666666666667 0.065625 0.03775
47 0.2213828125 0.20480208333333336 0.024609375 0.013979166666666666
49 0.250734375 0.23623958333333334 0.0085 0.010812500000000001