53 0.5933359375 0.8444730679156908 0.169453125 0.09283372365339579
53 0.6798359374999999 0.7951288056206088 0.08267187499999999 0.050960187353629983
53 0.6867109375 0.8606440281030445 0.164203125 0.12601873536299765
53 0.47886718749999996 0.7834309133489461 0.126609375 0.06943793911007025
53 0.9413046875 0.9270140515222484 0.117390625 0.1143559718969555
53 0.726609375 0.9275995316159251 0.16212500000000002 0.14480093676814987
53 0.5371640624999999 0.8065573770491803 0.160265625 0.07976580796252927
53 0.5973984375 0.7558079625292741 0.139234375 0.07311475409836066
53 0.45059375 0.7471077283372365 0.144375 0.07697892271662762
53 0.412109375 0.7282084309133491 0.050249999999999996 0.025644028103044496
53 0.4358046875 0.7136299765807963 0.058796875000000005 0.041217798594847775