46 0.6963984375 0.3091770833333333 0.044953125 0.03760416666666667
46 0.6933046875000001 0.24706250000000002 0.038984375 0.03233333333333333
46 0.72425 0.4378958333333333 0.0115 0.021625000000000002
46 0.65490625 0.24622916666666667 0.03828125 0.034625
46 0.688515625 0.28683333333333333 0.038875 0.02354166666666667
46 0.4397109375 0.30424999999999996 0.035546875 0.03958333333333333
46 0.1238203125 0.20548958333333334 0.036078125 0.036187500000000004
46 0.0862109375 0.2113125 0.031109375 0.033666666666666664
46 0.05034375 0.20971874999999998 0.03496875 0.033937499999999995
46 0.8178984375 0.37653125000000004 0.053140625 0.05364583333333333
46 0.2522734375 0.3140833333333334 0.040265625 0.048
46 0.8212734375 0.44215625 0.032453125 0.0566875
46 0.69828125 0.3738229166666666 0.0414375 0.030270833333333334
46 0.43671875 0.5333333333333333 0.8515625 0.6333333333333333