49 0.451453634085213 0.8358828125000001 0.09834586466165414 0.065171875
49 0.6304511278195489 0.880546875 0.0837593984962406 0.061750000000000006
49 0.6703007518796992 0.8273203125 0.1257142857142857 0.060671875
49 0.8774310776942356 0.9385156250000002 0.1075438596491228 0.06703125
49 0.868032581453634 0.8928984374999999 0.1012280701754386 0.049734375
49 0.8910526315789473 0.8465703124999999 0.09999999999999999 0.06073437499999999
49 0.2981453634085213 0.9094609375000001 0.09263157894736843 0.063890625
49 0.7436842105263157 0.769734375 0.09443609022556392 0.059781249999999994
49 0.6275187969924811 0.7833281249999999 0.13834586466165413 0.06584375
49 0.7142355889724311 0.8123984375 0.08180451127819549 0.055953125000000006
49 0.7757393483709273 0.8463671875000001 0.08065162907268171 0.058890624999999995
49 0.46869674185463667 0.89709375 0.12025062656641604 0.05275
49 0.7161027568922305 0.8791484374999999 0.08493734335839599 0.06789062500000001
49 0.49874686716791977 0.8546875 0.9974937343358395 0.2875