47 0.501125 0.33058333333333334 0.01225 0.015375
47 0.486765625 0.33240625 0.045187500000000005 0.02722916666666667
47 0.52684375 0.33904166666666663 0.01484375 0.012416666666666666
47 0.4116640625 0.35461458333333334 0.008078125 0.0085625
47 0.42700781250000003 0.35613541666666665 0.058421875 0.03372916666666667
47 0.5635625 0.34021875 0.06315625 0.0308125
47 0.43518749999999995 0.38009375 0.0296875 0.0260625
47 0.43759375 0.3338541666666667 0.035625000000000004 0.01941666666666667
49 0.544328125 0.3320416666666667 0.007875 0.009166666666666667
49 0.5589296875 0.3321145833333333 0.006984374999999999 0.0105625
49 0.578078125 0.33886458333333336 0.00971875 0.012687499999999999
49 0.42896875 0.3643854166666667 0.00721875 0.010729166666666668
49 0.4341796875 0.36672916666666666 0.007421875 0.007541666666666667
47 0.42725 0.35693749999999996 0.058562499999999997 0.03245833333333333