54 0.07590999999999999 0.72228 0.09806000000000001 0.11933333333333333
54 0.128 0.6670666666666667 0.06968 0.06277333333333333
54 0.24035 0.78916 0.09462000000000001 0.12424
54 0.3446 0.7398666666666667 0.10136 0.11936
54 0.25492000000000004 0.6888533333333333 0.09068000000000001 0.08618666666666666
54 0.43814 0.6244533333333333 0.08732 0.0744
54 0.5130800000000001 0.5760666666666667 0.046439999999999995 0.10178666666666668
54 0.57866 0.5751733333333333 0.03932 0.12245333333333334
54 0.54301 0.5700133333333334 0.04298 0.10765333333333332
54 0.25 0.7355066666666666 0.09756000000000001 0.09
54 0.33979 0.6369466666666667 0.08502 0.11138666666666668
54 0.41169 0.44133333333333336 0.0847 0.05936
54 0.41065999999999997 0.5002133333333333 0.07944 0.053706666666666666
54 0.513 0.656 0.838 0.6826666666666666