46 0.52216 0.15575999999999998 0.11264 0.14208
46 0.1323 0.6337066666666666 0.26124 0.21573333333333336
46 0.32275 0.27584 0.28146 0.3797866666666666
46 0.4248 0.6144133333333334 0.03536 0.12994666666666665
46 0.56439 0.4229333333333334 0.17038 0.15360000000000001
46 0.44718 0.5817866666666667 0.14084 0.19232000000000002
46 0.06795 0.14228000000000002 0.10906 0.19016
46 0.17949 0.5674133333333333 0.35898 0.5730133333333334
46 0.67503 0.47672000000000003 0.10278 0.1568
46 0.39349 0.2121066666666667 0.14798 0.14352
46 0.3211 0.49428 0.13124 0.10605333333333335
49 0.74603 0.4820133333333333 0.0611 0.06525333333333333
49 0.48529 0.5190133333333334 0.02022 0.021439999999999997
49 0.47102999999999995 0.48889333333333335 0.02214 0.018693333333333333
49 0.47015999999999997 0.50684 0.01828 0.0276
49 0.48658999999999997 0.50144 0.01862 0.018506666666666668
49 0.49601999999999996 0.5203466666666666 0.00828 0.019306666666666666
46 0.5703400000000001 0.30806666666666666 0.16728 0.11202666666666666
46 0.08067 0.19302666666666668 0.16134 0.37432
46 0.387 0.568 0.774 0.8373333333333334