46 0.6646484375 0.30473958333333334 0.12342187499999999 0.18585416666666665
46 0.691546875 0.50578125 0.10784374999999999 0.16822916666666668
46 0.6366875000000001 0.5423645833333334 0.035562500000000004 0.049479166666666664
46 0.5613515625 0.54528125 0.11957812500000001 0.1211875
46 0.513234375 0.49398958333333337 0.0445 0.0523125
46 0.527859375 0.35179166666666667 0.0605 0.13366666666666666
46 0.611328125 0.2997708333333333 0.07809374999999999 0.050458333333333334
46 0.744390625 0.3240416666666667 0.12584375 0.20295833333333332
46 0.8418593750000001 0.3535625 0.0994375 0.07416666666666667
46 0.6346953125 0.6431562500000001 0.042671875 0.058770833333333335
46 0.45471874999999995 0.5034166666666666 0.053125 0.07533333333333332
46 0.44635937499999995 0.12763541666666667 0.05615625 0.05477083333333333
46 0.44746874999999997 0.722125 0.07584375 0.06566666666666666
46 0.64609375 0.55 0.7046875 0.8958333333333334