46 0.9430390625000001 0.17528103044496487 0.11392187499999999 0.34606557377049185
46 0.563203125 0.08585480093676814 0.073625 0.08903981264637004
46 0.5464765625 0.20124121779859483 0.017890625 0.02468384074941452
46 0.3986796875 0.10347775175644026 0.020109375 0.044613583138173304
46 0.39425 0.17959016393442623 0.07678125 0.16995316159250584
46 0.3186015625 0.15168618266978923 0.088453125 0.28088992974238874
46 0.5861015625 0.12565573770491803 0.037484375 0.0592271662763466
46 0.0804609375 0.2939461358313817 0.06023437499999999 0.2625526932084309
46 0.6348359375 0.08284543325526932 0.08304687499999999 0.07276346604215457
46 0.61615625 0.12721311475409836 0.026000000000000002 0.038969555035128806
46 0.558171875 0.18531615925058548 0.07365625 0.14074941451990633
46 0.6567578125 0.1471311475409836 0.045171875 0.06770491803278689