50 0.5186328124999999 0.5485 0.12273437499999999 0.13275
50 0.666390625 0.6254375 0.09696875 0.14800000000000002
50 0.7694140624999999 0.6305833333333333 0.07764062499999999 0.094125
50 0.7810703125 0.41748958333333336 0.070359375 0.07235416666666666
50 0.38575 0.5312916666666667 0.07768749999999999 0.17145833333333332
50 0.4955 0.3370729166666667 0.07753125 0.11235416666666667
50 0.7329531250000001 0.5204166666666666 0.04409375 0.0415
50 0.25632031250000004 0.615375 0.12251562499999999 0.13791666666666666
51 0.4366171875 0.4496354166666667 0.100453125 0.1020625
51 0.5573125 0.4090208333333333 0.10253125 0.10016666666666667
51 0.6423828125 0.5309583333333333 0.162859375 0.11933333333333333
51 0.6536640625000001 0.7100520833333334 0.189734375 0.09472916666666667
51 0.6969296875 0.38101041666666663 0.092203125 0.07452083333333334
51 0.21169531249999998 0.5426249999999999 0.182453125 0.169625
51 0.629015625 0.40453125 0.07368749999999999 0.11185416666666666
51 0.5257578125 0.7721354166666666 0.086734375 0.049562499999999995
51 0.546515625 0.3061458333333333 0.03053125 0.02375
51 0.6084296874999999 0.6230104166666667 0.039671875 0.06402083333333333