46 0.914828125 0.24873958333333335 0.08399999999999999 0.09152083333333333
46 0.2818515625 0.13289583333333332 0.037390625 0.13083333333333333
46 0.7255234374999999 0.09721874999999999 0.052953125000000004 0.07685416666666667
46 0.71034375 0.15240625 0.100625 0.12085416666666667
46 0.624296875 0.0816875 0.13309375 0.15212499999999998
46 0.5640390624999999 0.09393750000000001 0.129171875 0.187
46 0.3096640625 0.10535416666666667 0.044640625 0.108125
46 0.1373125 0.1820520833333333 0.04265625 0.10422916666666666
46 0.0553359375 0.19618750000000001 0.035171875000000005 0.08058333333333333
46 0.23996875 0.13083333333333333 0.0438125 0.121125
46 0.624578125 0.17383333333333334 0.03415625 0.04554166666666667
49 0.8868125000000001 0.5133645833333333 0.017781250000000002 0.021729166666666667
49 0.9010625000000001 0.48782291666666666 0.017125 0.016645833333333335
49 0.9117890625000001 0.5027916666666666 0.013953125 0.017208333333333332
49 0.9461953125000001 0.53896875 0.010484375 0.016729166666666666
49 0.9333281250000001 0.51053125 0.0128125 0.016854166666666667
49 0.936109375 0.5646666666666668 0.01940625 0.017583333333333333
49 0.90425 0.5365104166666667 0.11703125 0.13481249999999997
46 0.884140625 0.22346875 0.057374999999999995 0.07652083333333333
47 0.141015625 0.5768229166666666 0.124875 0.12772916666666667
47 0.035921875 0.7113125 0.03396875 0.040875
47 0.01665625 0.7084895833333333 0.02315625 0.041604166666666664
46 0.7965078125 0.1739375 0.06526562500000001 0.11641666666666667
46 0.40546875 0.171875 0.8078125 0.26458333333333334