50 0.26215999999999995 0.37710666666666665 0.10031999999999999 0.15197333333333335
50 0.35103999999999996 0.20869333333333331 0.13352 0.15162666666666666
50 0.36107 0.36970666666666663 0.10386 0.11679999999999999
50 0.63852 0.4784533333333334 0.08259999999999999 0.11845333333333334
51 0.15805000000000002 0.46986666666666665 0.13134 0.12752
51 0.6044200000000001 0.29153333333333337 0.08492 0.16509333333333331
51 0.78276 0.30384 0.048 0.11888
51 0.83205 0.46719999999999995 0.08562 0.12752
50 0.38271000000000005 0.70128 0.13706000000000002 0.152
50 0.78215 0.55064 0.1461 0.16624
50 0.55411 0.40780000000000005 0.05942 0.039599999999999996
51 0.48836 0.3546266666666667 0.06008 0.056080000000000005
51 0.25289 0.245 0.07558 0.14397333333333334