51 0.6790938166311301 0.8258828125000001 0.5490618336886993 0.216484375
51 0.13966950959488272 0.79059375 0.27933901918976545 0.21646875
51 0.19959488272921108 0.5702812500000001 0.3921961620469083 0.23515625
51 0.9547334754797442 0.4545078125 0.09053304904051172 0.161640625
51 0.2607462686567164 0.8871015625 0.13313432835820896 0.07926562499999999
51 0.974776119402985 0.8708203125 0.05044776119402985 0.182234375
51 0.27855010660980806 0.6721015625 0.24217484008528783 0.054203125
51 0.9000852878464819 0.5361953125000001 0.15066098081023455 0.060953125
51 0.905362473347548 0.9524765625 0.1337100213219616 0.063234375
51 0.5304584221748401 0.6557890625 0.2562686567164179 0.091546875
51 0.8433475479744137 0.7490546874999999 0.1379957356076759 0.062765625
51 0.1212046908315565 0.927421875 0.242409381663113 0.09618750000000001
51 0.02115138592750533 0.4278984375 0.04230277185501066 0.152453125
51 0.579957356076759 0.7234375 0.835820895522388 0.546875