52 0.15536000000000003 0.400434131736527 0.24468 0.1820059880239521
52 0.14632 0.3734730538922156 0.29264 0.2004191616766467
52 0.0885 0.1423203592814371 0.177 0.06374251497005988
52 0.30623 0.17414670658682638 0.18014 0.1505688622754491
52 0.288 0.12088323353293413 0.21231999999999998 0.0871556886227545
52 0.20837999999999998 0.5507035928143713 0.10507999999999999 0.09212574850299401
52 0.18275 0.5287874251497006 0.1615 0.13308383233532936
52 0.11183 0.21167664670658684 0.21466 0.12359281437125749
52 0.16848000000000002 0.4862724550898204 0.19 0.1260179640718563
52 0.4059 0.20711077844311376 0.17304 0.1625449101796407
52 0.13309 0.285434131736527 0.26618 0.1057185628742515
52 0.06218 0.3624251497005988 0.12436 0.14832335329341317