51 0.44946093749999994 0.6399531615925058 0.029765625 0.0594847775175644
51 0.44391406250000004 0.550175644028103 0.033203125 0.044379391100702575
51 0.44107031249999995 0.5787939110070257 0.029546875 0.03299765807962529
51 0.35252343750000004 0.5001288056206089 0.039046874999999995 0.010562060889929743
51 0.46208593750000004 0.524695550351288 0.012328124999999999 0.015105386416861826
51 0.47155468749999996 0.6471545667447308 0.023296875 0.015433255269320843
51 0.40588281249999997 0.7233372365339579 0.046140625000000005 0.07163934426229508
51 0.4556796875 0.5910070257611242 0.038421875 0.032177985948477754
51 0.39114843749999995 0.5288524590163934 0.052578124999999996 0.026276346604215458
51 0.33959375 0.6100819672131147 0.039218750000000004 0.05426229508196722
51 0.44315625000000003 0.6088407494145198 0.0405 0.027939110070257612
51 0.3285 0.6657377049180327 0.01890625 0.08557377049180327
51 0.48628906250000004 0.541744730679157 0.044078125 0.009765807962529275
51 0.43125 0.594847775175644 0.45 0.34192037470725994