54 0.5643400000000001 0.6329866666666667 0.07792 0.08970666666666667
54 0.58376 0.7715733333333334 0.0702 0.09194666666666666
54 0.52864 0.79736 0.069 0.10304
54 0.49939999999999996 0.82216 0.06544 0.07744
54 0.41114999999999996 0.8306266666666667 0.07837999999999999 0.06173333333333333
54 0.66847 0.7385466666666666 0.06954 0.09176
54 0.32788 0.7157866666666667 0.07088 0.05152
54 0.32224 0.6530133333333333 0.07615999999999999 0.08149333333333333
54 0.27893 0.5896399999999999 0.08122 0.0612
54 0.23610000000000003 0.6920933333333332 0.07628 0.06663999999999999
54 0.25764 0.7255066666666666 0.0616 0.07245333333333334
54 0.18264 0.56808 0.06528 0.05632
54 0.19520999999999997 0.6249866666666666 0.07565999999999999 0.08922666666666666
54 0.465 0.5493333333333333 0.526 0.6293333333333333