46 0.7962421875 0.7871599045346062 0.21823437499999998 0.4009069212410501
46 0.9270156250000001 0.3967899761336515 0.14596875 0.25066825775656326
46 0.5147421875 0.6142124105011934 0.181109375 0.19434367541766112
46 0.783859375 0.6482100238663485 0.17615625 0.3161336515513127
46 0.6491953125000001 0.5557756563245824 0.142484375 0.18443914081145585
46 0.4396328125 0.7420405727923628 0.133578125 0.13004773269689737
46 0.6155468749999999 0.37437947494033413 0.033625 0.055727923627684965
46 0.49506250000000007 0.4089856801909308 0.18390625 0.21572792362768498
46 0.636921875 0.684546539379475 0.141125 0.24966587112171837
46 0.40525 0.6223150357995226 0.11065624999999998 0.14348448687350834
46 0.299984375 0.7375775656324582 0.13153125000000002 0.06164677804295942
46 0.7475859375 0.4025775656324582 0.097703125 0.15713603818615754
46 0.8632031249999998 0.3892720763723151 0.0958125 0.169236276849642
46 0.5 0.6455847255369929 0.996875 0.7040572792362768