54 0.18641406249999998 0.19947916666666668 0.058015625 0.04720833333333333
54 0.134921875 0.20855208333333333 0.06153125 0.04697916666666667
54 0.23664843749999998 0.19782291666666665 0.048390625 0.03847916666666666
54 0.490703125 0.5238020833333333 0.07190625 0.0866875
54 0.49710937499999996 0.4651875 0.064125 0.07095833333333333
54 0.5570468749999999 0.44195833333333334 0.06815625 0.08762500000000001
54 0.6236640625 0.45766666666666667 0.073828125 0.08725000000000001
54 0.8047656249999999 0.30778125 0.05846875 0.07602083333333334
54 0.748578125 0.30975 0.05803125 0.064
54 0.8307421875 0.3757395833333333 0.066484375 0.049895833333333334
54 0.17440624999999998 0.2576354166666667 0.06334375 0.03839583333333333
54 0.132359375 0.2576041666666667 0.047093750000000004 0.04425
54 0.23181249999999998 0.24026041666666667 0.058437499999999996 0.0545625
54 0.65546875 0.4427083333333333 0.2859375 0.29791666666666666