54 0.7641700000000001 0.7067479674796748 0.07714 0.07008130081300812
54 0.93586 0.6535975609756097 0.08224 0.07678861788617887
54 0.88205 0.6047357723577237 0.07534 0.05630081300813008
54 0.40847 0.685 0.0735 0.05276422764227642
54 0.74585 0.6730894308943088 0.06998 0.05219512195121951
54 0.20112 0.7318292682926829 0.08064 0.06390243902439025
54 0.25386000000000003 0.6671138211382114 0.07184 0.055528455284552844
54 0.37974 0.7823780487804878 0.08924 0.1074390243902439
54 0.43085 0.6653658536585366 0.0701 0.05634146341463414
54 0.55141 0.6761382113821137 0.02698 0.06032520325203252
54 0.8280400000000001 0.4761585365853659 0.01392 0.012560975609756097
54 0.82249 0.30601626016260164 0.0165 0.012276422764227642
54 0.785 0.3780487804878049 0.118 0.2845528455284553