46 0.34159375000000003 0.4259479166666667 0.017343749999999998 0.05985416666666667
46 0.36983593750000004 0.5023124999999999 0.06832812499999999 0.08283333333333333
46 0.33639843750000004 0.5455729166666666 0.068703125 0.0791875
46 0.348734375 0.6147083333333333 0.06534375 0.020666666666666667
46 0.1474375 0.4594375 0.08056250000000001 0.06966666666666667
46 0.299546875 0.47462499999999996 0.031468750000000004 0.05679166666666667
46 0.3893515625 0.43984375 0.07535937499999999 0.0719375
46 0.286125 0.5452916666666667 0.04384375 0.09141666666666667
46 0.24186718749999997 0.5493854166666666 0.055296875 0.06597916666666667
46 0.44214843749999994 0.4389791666666667 0.028609375 0.047
46 0.12245312500000001 0.5553229166666667 0.029562500000000002 0.027687499999999997
46 0.23796874999999998 0.49384375 0.05315625 0.06414583333333333
46 0.4583125 0.46275 0.0296875 0.048666666666666664
46 0.33046875 0.515625 0.6578125 0.28958333333333336