55 0.5955078125 0.44158018867924526 0.166734375 0.24943396226415096
55 0.43917968749999997 0.4584316037735849 0.163765625 0.20224056603773585
55 0.2806328125 0.4404481132075472 0.159296875 0.25169811320754715
55 0.41880468749999994 0.3175825471698113 0.166203125 0.14879716981132077
55 0.27765625000000005 0.27527122641509433 0.15631250000000002 0.12808962264150944
55 0.4060625 0.18576650943396228 0.14871875 0.13761792452830188
55 0.5781953125 0.30405660377358495 0.144734375 0.11712264150943395
55 0.7057734375 0.2432429245283019 0.146234375 0.12610849056603773
55 0.7548046875 0.3977476415094339 0.181640625 0.22922169811320753
55 0.46971093750000004 0.7707900943396226 0.859015625 0.43596698113207544
55 0.7146015625000001 0.13483490566037737 0.131015625 0.11235849056603774
55 0.829125 0.20110849056603777 0.16415625 0.17867924528301887
55 0.5526484375 0.19603773584905662 0.151578125 0.12853773584905662
55 0.4828125 0.27240566037735847 0.9375 0.45990566037735847