49 0.43028125 0.34978125000000004 0.12493749999999999 0.13789583333333333
46 0.280046875 0.49204166666666665 0.037593749999999995 0.05354166666666667
46 0.2076953125 0.3363125 0.080484375 0.048374999999999994
46 0.394 0.4551979166666667 0.0483125 0.042312499999999996
46 0.172140625 0.4358229166666667 0.024906249999999998 0.026520833333333334
46 0.18646875000000002 0.5040104166666667 0.04915625 0.05435416666666667
46 0.0792734375 0.5875625 0.053984374999999994 0.09254166666666667
46 0.080234375 0.5191770833333333 0.023125 0.0399375
46 0.3470078125 0.43670833333333337 0.020859375 0.026208333333333333
46 0.3075 0.43873958333333335 0.01565625 0.04539583333333333
46 0.2924140625 0.43475 0.014609374999999999 0.042208333333333334
46 0.3226640625 0.4328333333333333 0.020515625000000003 0.03325
46 0.300515625 0.5198958333333333 0.016875 0.043125
46 0.1960234375 0.4384270833333333 0.034828125 0.041895833333333334
46 0.26015625 0.48020833333333335 0.4421875 0.35208333333333336