49 0.18828125 0.17863849765258213 0.3109375 0.3215962441314554
46 0.4928671875 0.5123591549295774 0.216890625 0.3280985915492958
46 0.3290625 0.3243192488262911 0.205375 0.33107981220657273
46 0.48354687500000004 0.21995305164319248 0.1683125 0.21253521126760566
46 0.56734375 0.08064553990610328 0.18165625000000002 0.16129107981220656
46 0.6641328125 0.10224178403755868 0.161546875 0.20448356807511736
46 0.7935156250000001 0.21010563380281688 0.19296875 0.22246478873239436
46 0.9257500000000001 0.36083333333333334 0.13946875 0.2577230046948357
46 0.95471875 0.35618544600938973 0.0905625 0.24495305164319248
46 0.8196875 0.07415492957746479 0.2004375 0.14380281690140845
46 0.9375390625 0.17375586854460093 0.124921875 0.16300469483568075
46 0.8687265625 0.4005868544600939 0.161921875 0.20953051643192488
49 0.126109375 0.07130281690140845 0.17759375 0.1426056338028169
49 0.29799218749999995 0.04826291079812206 0.20060937499999998 0.09652582159624412
49 0.42444531249999995 0.10064553990610328 0.181546875 0.18960093896713615