46 0.6311796875000001 0.7198541666666666 0.19720312499999998 0.4427083333333333
46 0.8176015624999999 0.7004583333333334 0.269296875 0.4287916666666666
46 0.90340625 0.5762083333333333 0.1860625 0.22758333333333333
46 0.9205078125 0.5958749999999999 0.158984375 0.3640416666666667
46 0.937921875 0.37864583333333335 0.12303125 0.13708333333333333
46 0.9582499999999999 0.28244791666666663 0.08349999999999999 0.07239583333333334
46 0.927171875 0.10102083333333334 0.14565625 0.14329166666666668
46 0.6539375 0.31347916666666664 0.17190624999999998 0.307875
46 0.1710078125 0.5001770833333333 0.185390625 0.19693750000000002
46 0.2158203125 0.6345208333333333 0.308984375 0.5107083333333333
46 0.41071093750000004 0.6940416666666667 0.253109375 0.36875
46 0.9349609375 0.22914583333333333 0.129546875 0.18241666666666667
46 0.490140625 0.30700000000000005 0.1525625 0.294875
46 0.25 0.490625 0.496875 0.98125