46 0.737605633802817 0.6056015625 0.07300469483568076 0.014890625
46 0.7371009389671361 0.622921875 0.07307511737089202 0.01665625
46 0.7908920187793428 0.636609375 0.06507042253521127 0.028875
46 0.8178169014084506 0.6454375000000001 0.07173708920187793 0.028437499999999998
46 0.7502347417840376 0.636703125 0.10737089201877935 0.0520625
46 0.8812323943661972 0.6285546875000001 0.10626760563380283 0.044296875
47 0.49353286384976525 0.5874921875 0.1038262910798122 0.036765625
46 0.7390845070422535 0.6151171875 0.07309859154929578 0.019078125
46 0.7095539906103286 0.639828125 0.040563380281690146 0.02215625
47 0.4312323943661972 0.5732578125 0.028145539906103287 0.026828125
49 0.9469014084507043 0.6514921874999999 0.10619718309859155 0.035765625
46 0.8446361502347418 0.6503828125 0.03936619718309859 0.027578125
49 0.7651525821596246 0.7335703125 0.036877934272300475 0.024921875
49 0.6544718309859155 0.5877109375 0.09171361502347418 0.029546875
49 0.7018896713615024 0.7071015625 0.1493661971830986 0.045421875
49 0.8926760563380282 0.7223203125000001 0.036995305164319245 0.017140625
49 0.6696830985915494 0.6691171875 0.03453051643192488 0.016421875
49 0.8158802816901408 0.7185078125000001 0.045000000000000005 0.025546875000000004
49 0.9331103286384976 0.7473750000000001 0.0578169014084507 0.0239375
49 0.8168896713615024 0.7463593749999999 0.033544600938967134 0.01903125
49 0.8354342723004694 0.730234375 0.03208920187793427 0.0243125
49 0.9001173708920189 0.7630625 0.1811737089201878 0.0555625
49 0.7880046948356807 0.729296875 0.15751173708920185 0.0474375
49 0.5494366197183098 0.6873671875 0.102018779342723 0.071859375
49 0.7183098591549296 0.70078125 0.5586854460093896 0.2484375