55 0.16442622950819671 0.6883437499999999 0.32885245901639343 0.3063125
55 0.2997658079625293 0.940453125 0.22903981264637002 0.096625
55 0.12498829039812646 0.9321093750000001 0.22903981264637002 0.103375
55 0.5703395784543326 0.9072421875 0.10704918032786885 0.061765625000000005
55 0.6989578454332553 0.8702265625000001 0.06578454332552693 0.032265625
55 0.6635245901639344 0.910859375 0.12124121779859486 0.07415625
55 0.6389461358313817 0.84196875 0.07297423887587821 0.02578125
55 0.014601873536299766 0.920234375 0.029203747072599533 0.0685625
55 0.7598477751756442 0.9182343749999999 0.11814988290398128 0.06684375000000001
55 0.7204683840749414 0.84859375 0.06796252927400469 0.0343125
55 0.48233021077283367 0.9001640625 0.10208430913348947 0.060078125
55 0.7870140515222482 0.8882578125 0.08255269320843091 0.041515625
55 0.6 0.874109375 0.08885245901639344 0.0290625
55 0.5562060889929742 0.78046875 0.5831381733021077 0.3328125