46 0.64779 0.3537237237237237 0.23074 0.2742342342342342
48 0.34894 0.32732732732732733 0.41692 0.5993993993993993
51 0.4994 0.6956606606606606 0.11871999999999999 0.23114114114114115
51 0.61062 0.6954654654654655 0.08764 0.14402402402402403
51 0.65012 0.6088588588588588 0.2008 0.11459459459459459
51 0.5669 0.5204354354354355 0.07859999999999999 0.12885885885885884
51 0.6312 0.49614114114114116 0.0616 0.13714714714714715
51 0.5645800000000001 0.7126276276276277 0.10851999999999999 0.2804504504504505
51 0.51245 0.8246546546546547 0.15022 0.16594594594594594
49 0.29908999999999997 0.7332582582582583 0.23034000000000002 0.23552552552552555
49 0.37241 0.7533333333333334 0.18797999999999998 0.28936936936936936
51 0.52851 0.5243243243243243 0.04942 0.16576576576576577