53 0.5292109375 0.5237395833333334 0.461796875 0.5528125
50 0.4555703125 0.53078125 0.045546875 0.0540625
50 0.492484375 0.42159375000000004 0.0405 0.050395833333333334
50 0.5995625 0.46179166666666666 0.04384375 0.03225
50 0.546828125 0.37319791666666663 0.08175 0.06697916666666666
50 0.6467109375000001 0.6201458333333334 0.034109375 0.09033333333333333
50 0.4223906250000001 0.6488333333333334 0.0370625 0.06383333333333334
50 0.6687265625 0.5021770833333333 0.047328125 0.0759375
50 0.5960703125 0.36586458333333327 0.046640625000000005 0.06552083333333333
50 0.6034921874999999 0.6531562500000001 0.055359375 0.06889583333333334
50 0.3911484375 0.5377604166666666 0.080640625 0.06160416666666667
50 0.659671875 0.7159791666666667 0.02715625 0.049374999999999995
50 0.42631250000000004 0.43376041666666665 0.06584375 0.058770833333333335
50 0.49985156250000007 0.3948854166666667 0.023171875 0.0370625
50 0.5546875 0.5302083333333333 0.125 0.13958333333333334