52 0.8003515625000001 0.7053655660377358 0.399296875 0.09412735849056603
52 0.8514140625 0.7504716981132076 0.295453125 0.06580188679245283
52 0.9408984374999999 0.5948231132075471 0.116109375 0.058419811320754716
52 0.782359375 0.5630306603773585 0.22737500000000002 0.04662735849056604
52 0.8513515625 0.8325943396226415 0.297296875 0.1370754716981132
52 0.48385156249999994 0.6674174528301887 0.238203125 0.0943632075471698
52 0.7216640625 0.49604952830188676 0.342515625 0.05983490566037736
52 0.5098984375000001 0.6303419811320754 0.370703125 0.11459905660377359
52 0.19703906249999997 0.43645047169811324 0.202640625 0.038702830188679246
52 0.21155468749999998 0.45128537735849056 0.24507812499999998 0.05846698113207547
52 0.2546015625 0.46988207547169814 0.295453125 0.0775
52 0.6431015625000001 0.7860377358490566 0.134296875 0.09683962264150944
52 0.36861718750000005 0.5561320754716982 0.37117187500000004 0.10811320754716983
52 0.5546875 0.4410377358490566 0.8875 0.8679245283018868