47 0.44799 0.4940690690690691 0.027620000000000002 0.033003003003003004
47 0.47576 0.5334234234234234 0.03468 0.03717717717717718
47 0.44652 0.5217717717717718 0.18231999999999998 0.1778978978978979
47 0.73975 0.5318168168168168 0.09026 0.12069069069069069
49 0.58418 0.6621771771771772 0.1354 0.09474474474474474
49 0.67579 0.3458408408408409 0.16106 0.1233933933933934
49 0.45497000000000004 0.3546546546546547 0.0215 0.027387387387387385
49 0.41441999999999996 0.3201501501501502 0.10704000000000001 0.09819819819819821
49 0.38563 0.3453003003003003 0.1381 0.12033033033033033
47 0.29802 0.5160360360360361 0.14984 0.14810810810810812
49 0.75813 0.33546546546546546 0.0207 0.035555555555555556