54 0.7894296875 0.70534375 0.032859375 0.03797916666666667
54 0.773109375 0.5274166666666668 0.04215625 0.050583333333333334
54 0.6017812499999999 0.4438229166666667 0.03603125 0.04039583333333333
54 0.613234375 0.4256041666666667 0.025937500000000002 0.025625000000000002
54 0.5785234375 0.4360208333333333 0.023953125 0.03266666666666666
54 0.5874140625 0.6366354166666667 0.020828125 0.021062499999999998
54 0.8172578125000001 0.5423541666666666 0.047890625 0.04625
54 0.6351953125 0.44353125000000004 0.030984374999999998 0.036145833333333335
54 0.71884375 0.5066041666666666 0.03703125 0.028958333333333332
54 0.6994843749999999 0.5345104166666667 0.04653125 0.029854166666666668
54 0.6351484375 0.6453020833333334 0.032421875 0.04064583333333334
54 0.72915625 0.5302083333333333 0.0395 0.034958333333333334
54 0.8149687499999999 0.7001875 0.030843749999999996 0.03854166666666667
54 0.52265625 0.5833333333333334 0.7328125 0.37083333333333335