49 0.44798958333333333 0.21676562500000002 0.15002083333333335 0.09975
49 0.586375 0.19790625 0.13720833333333332 0.12315625
49 0.3574791666666667 0.1885546875 0.13804166666666667 0.11529687500000001
49 0.6219791666666666 0.17054687500000001 0.09133333333333334 0.08271875
49 0.5267604166666666 0.139359375 0.10627083333333333 0.06065625
49 0.49190624999999993 0.185 0.058770833333333335 0.0528125
49 0.43464583333333334 0.126109375 0.10416666666666667 0.083875
55 0.7775312499999999 0.5730390625 0.32060416666666663 0.23370312499999998
55 0.34831249999999997 0.5941562499999999 0.24241666666666667 0.1368125
55 0.5719375 0.7800859375 0.22341666666666665 0.159515625
55 0.31011458333333336 0.7853984375 0.2546875 0.18651562500000002
55 0.15305208333333334 0.6279453125 0.16152083333333334 0.101546875
55 0.07490625 0.7898828124999999 0.1438125 0.213484375
55 0.3408333333333333 0.43189062500000003 0.17116666666666666 0.08696875
55 0.48846875 0.3449609375 0.1588125 0.052453125
55 0.5076145833333333 0.5033671875000001 0.1309375 0.090015625
55 0.68796875 0.43717187500000004 0.19752083333333334 0.0735625
49 0.3768333333333333 0.1306640625 0.03895833333333333 0.019484375