47 0.48293749999999996 0.8303747072599531 0.10584374999999999 0.14079625292740047
47 0.5168984375 0.7411007025761124 0.094359375 0.14140515222482436
47 0.4171171875 0.7703981264637003 0.108421875 0.17030444964871194
49 0.8779999999999999 0.6584660421545666 0.11181250000000001 0.16597189695550352
50 0.34771875 0.2917564402810304 0.35321875 0.2588290398126464
51 0.28100781250000006 0.45529274004683845 0.20407812500000003 0.054098360655737705
51 0.30533593750000004 0.4811826697892272 0.174265625 0.05412177985948478
51 0.24480468749999998 0.521288056206089 0.15032812499999998 0.042997658079625294
51 0.2941640625 0.42596018735363 0.21754687499999997 0.044613583138173304
49 0.7690859375 0.49471896955503514 0.10879687499999999 0.1650351288056206
49 0.6534609375 0.6524355971896956 0.105453125 0.15077283372365338
49 0.7679453125 0.5804918032786885 0.332296875 0.3310070257611241
50 0.579609375 0.1801990632318501 0.40459375 0.16681498829039815
50 0.682828125 0.28115925058548014 0.23925000000000002 0.18672131147540985