46 0.45500781250000005 0.6434426229508197 0.014796875000000001 0.03601873536299766
46 0.43500000000000005 0.6491217798594848 0.007593750000000001 0.0422248243559719
46 0.441 0.6121311475409836 0.008 0.022669789227166275
46 0.522546875 0.6288758782201406 0.016625 0.04266978922716627
46 0.5325703125 0.6786065573770491 0.008484374999999999 0.036276346604215456
49 0.3226640625 0.5694613583138173 0.010390625 0.014332552693208432
49 0.3578359375 0.5538173302107728 0.062796875 0.041405152224824354
49 0.3535078125 0.5778922716627635 0.013359375000000001 0.014754098360655738
46 0.48710156250000003 0.6614285714285715 0.051390625 0.04473067915690867
46 0.5433046875 0.6712060889929743 0.049734375 0.057962529274004686
46 0.512015625 0.627423887587822 0.0209375 0.05836065573770492
46 0.5293515624999999 0.62615925058548 0.020359375 0.04192037470725995
47 0.559890625 0.5646604215456675 0.03453125 0.06468384074941452
47 0.52796875 0.5447892271662763 0.03396875 0.05327868852459016
47 0.4936484375 0.5576463700234192 0.014515624999999999 0.01955503512880562
47 0.5131875 0.5325878220140515 0.010781250000000001 0.0148711943793911
47 0.5047265625 0.540784543325527 0.009703125 0.01791569086651054
47 0.49882031250000003 0.5480093676814989 0.008859375 0.012318501170960186
46 0.5444140625 0.6022716627634661 0.033359375000000004 0.049133489461358315
46 0.4341875 0.6430210772833723 0.04309375 0.05381733021077283
46 0.5586249999999999 0.6023067915690866 0.021875 0.04718969555035128