47 0.35562 0.7033733333333333 0.21236000000000002 0.24717333333333333
47 0.34315999999999997 0.1920666666666667 0.16116 0.22871999999999998
47 0.13062 0.72584 0.25448 0.48090666666666665
47 0.5359499999999999 0.10112 0.2191 0.20224
47 0.44578 0.11460000000000001 0.06236 0.11234666666666668
47 0.27874 0.07824 0.13132 0.15648
47 0.20163 0.2486133333333333 0.16382 0.2216
47 0.18666000000000002 0.52264 0.17152 0.22197333333333333
47 0.34070000000000006 0.5814266666666666 0.15408000000000002 0.11896
47 0.44915999999999995 0.3 0.19044 0.28986666666666666
47 0.61211 0.23676 0.15469999999999998 0.25112
47 0.39443 0.06081333333333333 0.07601999999999999 0.11037333333333334
47 0.47508000000000006 0.5059733333333334 0.13644 0.15765333333333334
47 0.341 0.4746666666666667 0.494 0.37866666666666665