50 0.4891013071895425 0.4370179738562091 0.3971895424836602 0.2988398692810457
50 0.4176470588235294 0.1776470588235294 0.25176470588235295 0.30823529411764705
50 0.23058823529411765 0.6341176470588235 0.3764705882352941 0.49647058823529405
50 0.7843872549019607 0.34551470588235295 0.27194444444444443 0.16223856209150328
50 0.7129411764705883 0.13764705882352943 0.2964705882352941 0.2564705882352941
50 0.12370098039215686 0.7918954248366012 0.07808823529411764 0.115359477124183
50 0.2620343137254902 0.270874183006536 0.1071078431372549 0.16200980392156863
47 0.8343218954248366 0.7663071895424837 0.178218954248366 0.40271241830065363
50 0.036266339869281045 0.2551797385620915 0.07253267973856209 0.13212418300653594
47 0.952295751633987 0.8101143790849673 0.08687908496732026 0.1018954248366013
47 0.7076225490196079 0.8811764705882352 0.19233660130718952 0.20581699346405227