48 0.25382812499999996 0.668916155419223 0.36309375 0.3941513292433538
47 0.6845859375 0.37464212678936604 0.081265625 0.1132515337423313
47 0.8672734375 0.3936298568507158 0.086390625 0.12995910020449897
51 0.47731250000000003 0.7176482617586912 0.13125 0.34822085889570553
47 0.5046015625 0.21194274028629853 0.105265625 0.15206543967280164
47 0.39928906249999996 0.22042944785276072 0.106640625 0.13529652351738242
47 0.4918125 0.09851738241308793 0.09440625 0.1074642126789366
47 0.7811328125 0.34501022494887523 0.097046875 0.11787321063394683
47 0.8126093750000001 0.4515337423312883 0.10124999999999999 0.09705521472392638
47 0.6258359375 0.6436196319018406 0.178984375 0.08916155419222904
47 0.6123671875000001 0.724355828220859 0.171703125 0.11668711656441719
47 0.4725625 0.3033844580777096 0.11340625 0.09895705521472392
47 0.65128125 0.16522494887525563 0.12025 0.06787321063394683
47 0.6064765625 0.8185685071574643 0.173171875 0.09243353783231084