49 0.22819531249999997 0.6887916666666667 0.010765625 0.014333333333333333
49 0.2140078125 0.7083437499999999 0.007703125 0.009979166666666667
49 0.24133593750000001 0.7051250000000001 0.006609375000000001 0.010291666666666668
49 0.2086953125 0.7147604166666667 0.010921875000000001 0.013520833333333334
49 0.20592968749999999 0.67828125 0.008109375 0.008520833333333333
49 0.2021953125 0.7087708333333332 0.012453124999999999 0.010791666666666666
49 0.2654140625 0.5436041666666667 0.013921875 0.030916666666666665
49 0.21571093749999998 0.6850937500000001 0.007265625 0.0095625
49 0.2642109375 0.6008854166666667 0.028390625000000003 0.024479166666666666
49 0.216875 0.7001562500000001 0.054656249999999997 0.05302083333333333
49 0.9071953125000001 0.6671041666666666 0.030046875 0.032625