47 0.85035 0.7042266666666667 0.1655 0.23474666666666666
47 0.15212 0.90684 0.20872 0.16509333333333331
47 0.68662 0.6183466666666667 0.16548 0.12677333333333332
51 0.5414200000000001 0.48865333333333333 0.33776 0.32477333333333336
49 0.17992000000000002 0.66352 0.172 0.2690133333333333
49 0.32191 0.8224799999999999 0.1753 0.2651733333333333
49 0.69299 0.73384 0.19169999999999998 0.25381333333333334
49 0.57017 0.8700933333333333 0.14622 0.21810666666666667
49 0.26544999999999996 0.5179733333333334 0.17698 0.23146666666666665
49 0.74633 0.37708 0.1589 0.21490666666666666
49 0.06573000000000001 0.7685333333333333 0.13146000000000002 0.26965333333333336
51 0.63738 0.5756533333333334 0.06592 0.052853333333333335
49 0.23992000000000002 0.8780400000000002 0.12612 0.24024
49 0.38503 0.9497466666666666 0.20578 0.10050666666666666
49 0.6668099999999999 0.9475600000000001 0.21730000000000002 0.10488
49 0.36533 0.50052 0.08754 0.15970666666666666