54 0.47368749999999993 0.6501046025104602 0.11862500000000001 0.14539748953974896
54 0.6350156250000001 0.47408995815899585 0.1968125 0.22972803347280335
54 0.4959765625 0.8068096234309623 0.153828125 0.18989539748953974
54 0.348890625 0.7872803347280335 0.13246875 0.1869037656903766
54 0.1804296875 0.699623430962343 0.152734375 0.16405857740585775
54 0.3289609375 0.6640481171548117 0.161109375 0.13257322175732217
54 0.79453125 0.8778661087866109 0.20009375000000001 0.24426778242677824
54 0.8931250000000001 0.7581066945606695 0.17721875 0.24479079497907952
54 0.8735859375 0.5078661087866109 0.186296875 0.26966527196652723
54 0.7009218749999999 0.6814225941422594 0.17209375 0.23489539748953975
54 0.35917187500000003 0.9314644351464435 0.16446875 0.11012552301255231
54 0.2340859375 0.8775000000000001 0.16504687499999998 0.22006276150627616