54 0.4407109375 0.6747892271662763 0.240765625 0.4091569086651054
54 0.1698046875 0.5968384074941452 0.252453125 0.371615925058548
54 0.2794921875 0.3353629976580796 0.22195312500000003 0.30309133489461354
54 0.29162499999999997 0.1361592505854801 0.14456249999999998 0.134519906323185
54 0.1439375 0.3142271662763466 0.18890625 0.3235831381733021
54 0.084046875 0.19569086651053866 0.16809375 0.20374707259953162
54 0.274578125 0.8927517564402812 0.30215625 0.21449648711943795
54 0.3852109375 0.5484426229508197 0.223234375 0.22152224824355973
54 0.281875 0.7388173302107728 0.10293749999999999 0.13885245901639345
54 0.073609375 0.9315222482435597 0.14721875 0.13695550351288055
54 0.39809375 0.11647540983606557 0.13165625 0.18367681498829042
54 0.53 0.15843091334894616 0.20540625 0.20899297423887586
54 0.8322499999999999 0.25289227166276346 0.22296875 0.15285714285714286
54 0.5 0.49882903981264637 0.996875 0.9976580796252927