49 0.4706171875 0.6105721830985915 0.081609375 0.04811619718309859
49 0.5983359375 0.4425968309859155 0.026078125 0.03772887323943662
49 0.6495546875 0.4437764084507042 0.027296874999999998 0.019454225352112678
49 0.6537578125 0.6068749999999999 0.086546875 0.09579225352112676
49 0.6020937500000001 0.642068661971831 0.0335625 0.024735915492957748
49 0.569875 0.6433538732394365 0.0301875 0.03044014084507042
49 0.7297968750000001 0.6260387323943661 0.03428125 0.03612676056338028
49 0.580296875 0.45426936619718317 0.039 0.03325704225352113
49 0.46134375 0.6476584507042253 0.032875 0.03193661971830986
49 0.9217578124999999 0.506769366197183 0.022359375 0.022975352112676057
49 0.9041406250000001 0.5059330985915493 0.019 0.022429577464788734
49 0.9249218750000001 0.555237676056338 0.01990625 0.026919014084507042
49 0.490828125 0.6959683098591549 0.029218749999999998 0.03549295774647887
49 0.66875 0.5607394366197183 0.546875 0.3221830985915493