50 0.3367265625 0.5460446009389671 0.125296875 0.15528169014084509
50 0.7001875 0.42545774647887324 0.08640624999999999 0.0958450704225352
50 0.481453125 0.2715845070422535 0.12628124999999998 0.12326291079812206
50 0.18153125 0.4688262910798122 0.0968125 0.13765258215962442
51 0.28246093749999995 0.322593896713615 0.032859375 0.036877934272300475
51 0.44066406249999995 0.42373239436619714 0.149546875 0.2595774647887324
51 0.6645156249999999 0.34257042253521125 0.1983125 0.16838028169014085
51 0.6690703124999999 0.7813849765258216 0.079328125 0.07511737089201878
51 0.5044453124999999 0.723931924882629 0.048890625 0.08946009389671361
51 0.6337890625 0.5624413145539906 0.047671875 0.0836150234741784
51 0.3827265625 0.2671478873239437 0.076546875 0.08293427230046949