54 0.5971562499999999 0.6060694444444444 0.10747916666666667 0.14741666666666667
54 0.7450416666666667 0.7481805555555555 0.10533333333333333 0.14441666666666667
54 0.8578541666666666 0.8633055555555557 0.08070833333333334 0.03822222222222222
54 0.21004166666666665 0.5077638888888889 0.08516666666666667 0.07163888888888889
54 0.1876666666666667 0.6053472222222223 0.08975 0.09508333333333333
54 0.1250625 0.5719305555555556 0.08075 0.07041666666666667
54 0.12419791666666667 0.48208333333333336 0.044520833333333336 0.07161111111111111
54 0.2826875 0.5373055555555556 0.08179166666666667 0.08194444444444444
54 0.34634375 0.49543055555555554 0.07972916666666667 0.05952777777777778
54 0.26025 0.6467499999999999 0.08616666666666667 0.12016666666666666
54 0.13076041666666666 0.6472638888888889 0.11077083333333333 0.09291666666666668
54 0.3256354166666666 0.5535694444444444 0.0313125 0.05369444444444444