48 0.156390625 0.6774789029535865 0.19115625 0.14681434599156118
53 0.264078125 0.7987130801687763 0.2406875 0.3027848101265823
53 0.10113281249999999 0.8076476793248945 0.20226562499999998 0.20985232067510548
53 0.1526171875 0.6754113924050632 0.182421875 0.12744725738396623
53 0.23732812499999997 0.6029535864978903 0.15137499999999998 0.1030801687763713
53 0.272828125 0.5492932489451477 0.15384375 0.09765822784810127
53 0.3376015625 0.5998945147679325 0.134390625 0.09776371308016879
53 0.372453125 0.5173523206751055 0.17953125 0.09883966244725739
48 0.2256484375 0.613006329113924 0.110328125 0.06740506329113924
48 0.40857031250000003 0.5314135021097047 0.122359375 0.0750210970464135
48 0.2922734375 0.5028902953586498 0.146140625 0.07860759493670885
48 0.0942265625 0.8312974683544303 0.188265625 0.15964135021097048
48 0.2577421875 0.5741983122362869 0.14029687500000002 0.10240506329113924
48 0.2563671875 0.8604219409282701 0.22604687499999998 0.16873417721518988
48 0.10817968750000002 0.7449894514767933 0.20364062500000002 0.11883966244725738
48 0.3133359375 0.7377742616033756 0.147265625 0.16550632911392404
48 0.3363671875 0.5975421940928269 0.13673437500000002 0.09478902953586497