47 0.33340625 0.5321874999999999 0.2529791666666667 0.06453125
47 0.4215520833333333 0.49289843750000006 0.08260416666666666 0.035484375
47 0.5136145833333333 0.5700937500000001 0.10864583333333333 0.11715625
49 0.26135416666666667 0.8110078125000001 0.45837500000000003 0.352578125
49 0.7532083333333334 0.8383671875 0.11037499999999999 0.069078125
49 0.7881458333333333 0.8092812500000001 0.404625 0.33478125
47 0.35321875 0.6135390625 0.03914583333333333 0.031546875
47 0.42941666666666667 0.5914140625 0.041124999999999995 0.037671875
47 0.5937916666666666 0.5236640625 0.04666666666666666 0.015671875
47 0.6825208333333334 0.5556875000000001 0.04583333333333333 0.03078125
47 0.65909375 0.56796875 0.0424375 0.026625
47 0.7128020833333334 0.5893203125 0.042354166666666665 0.032390625
47 0.28939583333333335 0.6049140625 0.3184166666666667 0.09373437500000001
47 0.5258333333333334 0.49595312500000005 0.036083333333333335 0.034937499999999996
47 0.6476875 0.5253046875 0.0385 0.020390625000000002
47 0.6282604166666667 0.6233359375 0.0539375 0.025609375
49 0.5897291666666666 0.35662499999999997 0.04691666666666667 0.04446875
49 0.6154375 0.49232812499999995 0.06125 0.034999999999999996