46 0.23878906249999998 0.3051562500000001 0.215234375 0.27577083333333335
46 0.8845234375000001 0.43284374999999997 0.230953125 0.4156875
46 0.699515625 0.25833333333333336 0.170875 0.261125
46 0.5634765625 0.24784375 0.326421875 0.3212291666666667
46 0.770734375 0.4767604166666667 0.1271875 0.2700208333333334
46 0.137953125 0.25647916666666665 0.27590625 0.22279166666666667
46 0.23224999999999998 0.18890625 0.37090625 0.17764583333333334
46 0.11980468749999999 0.5077916666666666 0.23570312499999999 0.17920833333333333
46 0.059765625 0.4788020833333333 0.11568750000000001 0.14910416666666665
46 0.7051718749999999 0.14871874999999998 0.15478125 0.18014583333333334
46 0.28428906249999997 0.4638854166666667 0.105078125 0.1998125
46 0.79528125 0.14483333333333334 0.33646875 0.22733333333333333