47 0.21640625 0.4387089201877934 0.06790625 0.08544600938967135
47 0.47789843749999994 0.6438262910798122 0.073296875 0.09661971830985915
47 0.4971015625 0.5278286384976526 0.077828125 0.14561032863849765
47 0.36129687499999996 0.6587793427230046 0.06896875 0.09910798122065727
47 0.2789609375 0.48613849765258216 0.058328124999999995 0.08762910798122066
47 0.350765625 0.46741784037558687 0.05834375000000001 0.0943661971830986
47 0.1765078125 0.6617957746478873 0.062828125 0.11011737089201877
47 0.2879375 0.535962441314554 0.5639062499999999 0.39774647887323944
49 0.9358125000000002 0.6438732394366198 0.04290625 0.06446009389671362
49 0.7836015625 0.5516666666666666 0.041265625 0.06741784037558685
49 0.8164609374999999 0.5626643192488263 0.034109375 0.06166666666666667
49 0.7544921875 0.5340023474178404 0.029796875 0.05115023474178403
49 0.7814375 0.5073474178403756 0.025124999999999998 0.025774647887323945
49 0.7626328124999999 0.5123826291079813 0.022546875 0.02504694835680751
49 0.8315390625000001 0.5247887323943662 0.040140625 0.0584037558685446
49 0.8953749999999999 0.6437793427230047 0.04390625 0.06624413145539906
49 0.9700234375000001 0.7005046948356808 0.043984375 0.0286150234741784
49 0.9616640625 0.6821009389671361 0.045359375 0.04284037558685446
49 0.77215625 0.7020774647887323 0.026968750000000003 0.034624413145539906
49 0.8936249999999999 0.558274647887324 0.042625 0.060774647887323945
49 0.7414765625 0.6679225352112677 0.032015625 0.05565727699530516
49 0.77109375 0.6056338028169014 0.4546875 0.2300469483568075