46 0.31412500000000004 0.23221176470588234 0.22534375 0.2179764705882353
46 0.19921875 0.3421411764705882 0.2044375 0.5438117647058823
46 0.1066953125 0.32374117647058825 0.17667187499999998 0.5555764705882353
46 0.3139296875 0.7930470588235294 0.095546875 0.1140470588235294
46 0.4730546875 0.6438117647058824 0.196984375 0.2179764705882353
46 0.19609375 0.7731764705882354 0.21725 0.17807058823529415
46 0.33346875000000004 0.5857411764705882 0.0876875 0.08607058823529411
46 0.5624453125000001 0.5593411764705882 0.104203125 0.16192941176470588
46 0.6640625 0.5061764705882353 0.0955 0.15282352941176472
46 0.5957578124999999 0.2790117647058824 0.181328125 0.3571764705882353
46 0.49171875 0.2770941176470588 0.11915625 0.17221176470588234
46 0.52528125 0.37752941176470584 0.214875 0.1303529411764706
46 0.6073593749999999 0.6113647058823529 0.1905 0.3296470588235294
46 0.496875 0.56 0.99375 0.8752941176470588