46 0.19836 0.5065 0.03005333333333333 0.03384
46 0.14046666666666668 0.58212 0.03645333333333333 0.04324
46 0.22754666666666667 0.69414 0.03333333333333333 0.04596
46 0.28208 0.57267 0.06208 0.02274
46 0.24546666666666667 0.60727 0.042506666666666665 0.02442
46 0.2540266666666667 0.58825 0.07973333333333332 0.03058
46 0.20241333333333333 0.5962 0.0636 0.0526
46 0.15946666666666665 0.5814300000000001 0.03333333333333333 0.047939999999999997
47 0.19382666666666667 0.69445 0.033093333333333336 0.03714
47 0.24977333333333335 0.69608 0.029413333333333333 0.03272
49 0.23293333333333333 0.79414 0.11525333333333333 0.05036
49 0.12788 0.68732 0.033786666666666666 0.02472
49 0.15172 0.77949 0.02376 0.0173
46 0.21866666666666668 0.4998 0.0424 0.040159999999999994
46 0.29314666666666667 0.58953 0.03861333333333333 0.01778
47 0.40165333333333336 0.5604600000000001 0.01104 0.00728
47 0.15856 0.67912 0.029066666666666668 0.02212
47 0.15456 0.69798 0.030719999999999997 0.017920000000000002
47 0.363 0.55957 0.0276 0.01074
47 0.10924 0.67208 0.02024 0.02364
49 0.2532666666666667 0.70028 0.035386666666666663 0.039799999999999995
47 0.13316 0.66923 0.027493333333333335 0.01794