51 0.5370234375 0.7606694560669457 0.042421875 0.047740585774058576
50 0.326453125 0.8364016736401673 0.05065625 0.07753138075313808
50 0.41067187499999996 0.6069246861924686 0.02784375 0.0494560669456067
50 0.632140625 0.616223849372385 0.0316875 0.03893305439330544
51 0.45109374999999996 0.6580648535564854 0.0228125 0.02776150627615063
51 0.39591406250000005 0.9238075313807531 0.033953125 0.03476987447698745
51 0.6186093749999999 0.8904602510460252 0.031125000000000003 0.02083682008368201
51 0.578296875 0.7836506276150628 0.015437500000000002 0.05855648535564853
51 0.455296875 0.8058577405857741 0.058062499999999996 0.022845188284518828
51 0.28278125000000004 0.7554393305439331 0.0174375 0.01832635983263598
51 0.6157734375 0.8504393305439331 0.023203124999999998 0.013807531380753137
51 0.5723046875 0.8346443514644353 0.029109375 0.08259414225941422
51 0.4292890625 0.803378661087866 0.016046875 0.019309623430962344
50 0.42264843750000003 0.7286297071129706 0.025703125 0.04713389121338912