50 0.5359999999999999 0.4275292740046839 0.27137500000000003 0.34606557377049185
50 0.369625 0.34509367681498826 0.11071875 0.17721311475409837
50 0.5397421875 0.1651639344262295 0.164921875 0.17304449648711945
50 0.268375 0.368536299765808 0.1229375 0.2741686182669789
50 0.8733437500000001 0.5670374707259953 0.1514375 0.16405152224824354
50 0.7733203125 0.3043325526932084 0.11089062499999999 0.10997658079625293
50 0.7458984375 0.5951288056206089 0.118453125 0.2876346604215457
50 0.8666796875000001 0.44874707259953156 0.209015625 0.16484777517564403
50 0.6269609375 0.23126463700234193 0.013953125 0.03882903981264636
50 0.6632890625 0.5700117096018735 0.07095312499999999 0.13571428571428573
50 0.41903125 0.2250702576112412 0.079125 0.08653395784543326