46 0.4347578125 0.8200585480093676 0.016796875 0.03613583138173302
46 0.4120859375 0.7752927400468385 0.13970312499999998 0.3929274004683841
46 0.3125 0.8348829039812646 0.09425 0.2887353629976581
46 0.1541875 0.8177166276346604 0.12303125 0.3645667447306791
46 0.27953124999999995 0.47139344262295085 0.08821875 0.2502341920374707
46 0.86825 0.7604918032786886 0.028218749999999997 0.017798594847775174
46 0.8287890625000001 0.7504683840749414 0.019015625 0.049133489461358315
46 0.6120390625 0.48099531615925056 0.052359375 0.13978922716627634
46 0.6855859375 0.4072014051522248 0.104203125 0.3001170960187354
46 0.7268125 0.5308899297423888 0.0136875 0.017517564402810305
46 0.72734375 0.7216861826697891 0.16265625 0.37236533957845436
46 0.08596875 0.5167447306791569 0.036625000000000005 0.02257611241217799
46 0.38253906249999997 0.38697892271662765 0.014296875 0.025573770491803278
46 0.9140625 0.8106557377049182 0.012750000000000001 0.02744730679156909
46 0.2390390625 0.8447423887587823 0.070265625 0.22967213114754098
46 0.5 0.6276346604215457 0.996875 0.7400468384074942