51 0.5913066666666666 0.79349 0.15802666666666665 0.13113999999999998
51 0.48633333333333334 0.78873 0.13512000000000002 0.13854
51 0.3982133333333333 0.51105 0.057866666666666663 0.11266
51 0.25116 0.62151 0.12194666666666666 0.16462000000000002
51 0.7702533333333332 0.63262 0.08413333333333334 0.0428
51 0.5980666666666666 0.2228 0.21832000000000001 0.10944
51 0.5760933333333333 0.75125 0.038106666666666664 0.05082
51 0.87916 0.45027 0.09709333333333332 0.07490000000000001
51 0.07354666666666666 0.31883999999999996 0.06992 0.0814
51 0.6239866666666667 0.56465 0.07421333333333333 0.03246
51 0.5659466666666666 0.30833 0.08282666666666666 0.05674
51 0.62492 0.03131 0.046906666666666666 0.06262