46 0.65875 0.466109375 0.06075 0.07578125
46 0.5318541666666666 0.8012734375000001 0.23645833333333333 0.231921875
46 0.7495208333333334 0.5137968749999999 0.10645833333333334 0.12171875000000001
46 0.7922291666666668 0.8597578125 0.32883333333333337 0.217484375
46 0.2712395833333333 0.505546875 0.17764583333333334 0.15106250000000002
46 0.16745833333333332 0.51128125 0.073875 0.11712499999999999
46 0.08815624999999999 0.5085312500000001 0.16785416666666667 0.12340625000000001
46 0.24201041666666664 0.8735390625000001 0.3028125 0.20789062500000002
46 0.17526041666666667 0.791390625 0.1751458333333333 0.18371875
46 0.5171875 0.5066171875000001 0.20329166666666668 0.165921875
46 0.8661145833333332 0.50275 0.17064583333333333 0.14959375
46 0.7917500000000001 0.4680703125 0.09033333333333333 0.095859375
46 0.9211041666666666 0.765234375 0.15779166666666666 0.12159374999999999
46 0.49895833333333334 0.5421875 0.9979166666666667 0.865625