47 0.34500000000000003 0.4294405594405595 0.07890625 0.10745920745920746
47 0.2998359375 0.4129370629370629 0.057046875 0.09780885780885781
47 0.4100234374999999 0.4514219114219114 0.06414062499999999 0.05160839160839161
47 0.34571874999999996 0.5071212121212121 0.06121875 0.0562004662004662
47 0.2685546875 0.34058275058275056 0.069640625 0.10312354312354313
47 0.1604140625 0.40808857808857807 0.074890625 0.07533799533799534
47 0.46580468750000004 0.4464219114219114 0.05795312500000001 0.08426573426573426
47 0.32097656249999995 0.3467132867132867 0.049734375 0.07356643356643357
47 0.6360859375 0.6026689976689976 0.074046875 0.10766899766899767
47 0.24745312499999997 0.43308857808857804 0.07640625 0.09587412587412587
47 0.1695546875 0.2552797202797203 0.048484375 0.0707925407925408
47 0.12896875 0.2940909090909091 0.05337499999999999 0.04384615384615384
47 0.24890625000000002 0.25433566433566435 0.053500000000000006 0.048484848484848485
47 0.51171875 0.6142191142191142 0.9734375 0.7668997668997669