52 0.6998671875 0.44394791666666666 0.05254687500000001 0.05285416666666667
52 0.5884609375000001 0.5361250000000001 0.030078125 0.03779166666666667
52 0.5574765625 0.5372395833333333 0.029703125000000004 0.03797916666666667
52 0.5162890625 0.5347708333333333 0.029953125000000004 0.038
52 0.47591406250000007 0.5007083333333333 0.030015625 0.028333333333333332
52 0.5733046875000001 0.538 0.027890625000000002 0.03716666666666667
52 0.6043828125 0.5364791666666666 0.025734374999999997 0.03879166666666667
52 0.5092187499999999 0.47957291666666674 0.02215625 0.0279375
52 0.5662499999999999 0.48212499999999997 0.022343750000000002 0.027208333333333334
52 0.603796875 0.5066354166666667 0.014468749999999999 0.0229375
52 0.568828125 0.5792187500000001 0.03896875 0.041562499999999995
52 0.391046875 0.47127083333333336 0.1023125 0.09658333333333333
52 0.5725078125 0.6169375 0.034671875000000005 0.03391666666666667
52 0.620796875 0.5370104166666666 0.027875 0.03972916666666667
52 0.48203125 0.5260416666666666 0.4171875 0.23958333333333334