55 0.6486041666666668 0.456546875 0.2076666666666667 0.13768750000000002
55 0.43445833333333334 0.4966328125 0.25766666666666665 0.206734375
55 0.7006041666666666 0.348796875 0.26675 0.13956249999999998
48 0.8015625 0.6066640624999999 0.25525 0.188703125
55 0.39931249999999996 0.45229687500000004 0.21575 0.1064375
55 0.6188645833333334 0.3066640625 0.19547916666666668 0.175609375
48 0.5202916666666666 0.68165625 0.12908333333333333 0.15034375
55 0.53165625 0.229828125 0.2369375 0.1776875
55 0.31486458333333334 0.33014062499999997 0.25885416666666666 0.16809375
48 0.8627395833333333 0.45825781250000003 0.2710208333333333 0.18742187500000002
48 0.32258333333333333 0.32232812499999997 0.26595833333333335 0.168875
48 0.5261145833333333 0.22446875 0.2529791666666667 0.20328125
48 0.6693958333333333 0.64734375 0.22029166666666666 0.20878125
48 0.6550833333333332 0.46092187500000004 0.21837499999999999 0.12903125
48 0.47952083333333334 0.612859375 0.19475 0.05884374999999999