51 0.1710703125 0.6505857385398981 0.281515625 0.26117147707979627
51 0.604390625 0.8131833616298811 0.1105 0.042088285229202035
51 0.7852187500000001 0.7371137521222411 0.047593750000000004 0.0332088285229202
51 0.9485078125000002 0.622402376910017 0.076828125 0.06089983022071307
51 0.7752109375 0.6728692699490662 0.09135937499999999 0.06112054329371817
51 0.5977578125 0.6073769100169779 0.034109375 0.04500848896434635
51 0.7697499999999999 0.8356196943972836 0.10318750000000002 0.054057724957555175
51 0.6724296875 0.8176061120543293 0.113234375 0.03932088285229202
51 0.6705234375 0.8501528013582343 0.058734375000000005 0.026655348047538198
51 0.6242109375 0.6910101867572156 0.12335937500000001 0.04269949066213922
51 0.6042578125 0.746918505942275 0.087296875 0.029694397283531408
51 0.7798671875000001 0.7642869269949066 0.071140625 0.026230899830220714
51 0.500453125 0.74723259762309 0.089 0.04176570458404075
51 0.640625 0.7419354838709677 0.66875 0.34974533106960953