46 0.4901797385620915 0.7449019607843137 0.03290849673202614 0.02065359477124183
46 0.710359477124183 0.8740849673202615 0.07875816993464052 0.036339869281045746
46 0.41594771241830064 0.7117892156862745 0.04869281045751634 0.015441176470588234
46 0.48930555555555555 0.7161274509803921 0.1837418300653595 0.09718954248366013
46 0.7188316993464052 0.872017973856209 0.41419934640522876 0.2179248366013072
46 0.4084967320261438 0.6651143790849673 0.09483660130718954 0.05415032679738562
46 0.3214705882352941 0.5571078431372549 0.030718954248366015 0.023562091503267973
46 0.2868382352941176 0.5313888888888889 0.023937908496732028 0.016993464052287584
46 0.1967156862745098 0.567467320261438 0.021339869281045754 0.014509803921568629
46 0.12466503267973857 0.45187908496732027 0.012140522875816993 0.01568627450980392
46 0.29982026143790846 0.6201633986928105 0.03016339869281046 0.014313725490196078
46 0.35221405228758174 0.6162173202614379 0.0344281045751634 0.027336601307189543
46 0.13437091503267973 0.46049836601307187 0.11462418300653596 0.05436274509803922
46 0.3341503267973856 0.5882352941176471 0.3055555555555556 0.2222222222222222