51 0.9643281250000001 0.8883645833333333 0.07062500000000001 0.20177083333333332
51 0.8003828125 0.39678125000000003 0.048703125 0.050854166666666666
51 0.6724453125000001 0.19108333333333333 0.139890625 0.05708333333333333
51 0.7702109375 0.6267604166666667 0.058796875000000005 0.04139583333333333
51 0.6360390625 0.22258333333333333 0.161703125 0.036375000000000005
51 0.9233828125000001 0.5687708333333333 0.078890625 0.07266666666666667
51 0.9354843749999999 0.44917708333333334 0.07943750000000001 0.08414583333333334
51 0.88184375 0.25835416666666666 0.05671875 0.132125
51 0.628203125 0.3402708333333333 0.1534375 0.07554166666666666
51 0.7337890625 0.48096875 0.036171875 0.0406875
51 0.6318906249999999 0.40742708333333333 0.060781249999999995 0.060770833333333336
51 0.6777656249999999 0.28865625 0.0485 0.0394375
51 0.5893046875 0.41935416666666664 0.072171875 0.05445833333333334
51 0.7625 0.459375 0.471875 0.6020833333333333