49 0.2766640625 0.34073149741824443 0.079796875 0.0510671256454389
49 0.4881796875 0.21322719449225475 0.043609375 0.04721170395869191
49 0.1272578125 0.2449397590361446 0.037640625 0.044647160068846815
49 0.1211796875 0.11787435456110155 0.040046874999999996 0.0444578313253012
49 0.24879687500000003 0.11008605851979346 0.039718750000000004 0.047332185886402756
49 0.2795078125 0.13194492254733217 0.039265625 0.044991394148020655
49 0.2812421875 0.08919104991394149 0.038703125 0.04426850258175559
49 0.199625 0.27722030981067125 0.035625000000000004 0.0429776247848537
49 0.314125 0.06877796901893288 0.04271875 0.04598967297762478
49 0.340171875 0.029087779690189327 0.033 0.03993115318416523
49 0.52665625 0.5750774526678141 0.0464375 0.05493975903614458
49 0.656046875 0.8674440619621343 0.035125 0.03833046471600689
49 0.9406953125000002 0.8103872633390705 0.040453125 0.04111876075731497
49 0.725 0.49827882960413084 0.503125 0.9483648881239243