47 0.1941328125 0.8232511737089203 0.388265625 0.35349765258215965
47 0.5134609375 0.6666666666666666 0.073453125 0.13286384976525822
47 0.7567734375 0.6312676056338027 0.071421875 0.107981220657277
47 0.6512265625 0.6088028169014085 0.067484375 0.07849765258215961
47 0.2879375 0.6337089201877933 0.05234375 0.07192488262910798
47 0.9398593749999999 0.13612676056338027 0.050812500000000003 0.07568075117370893
47 0.140984375 0.7150117370892018 0.04853125 0.0734037558685446
47 0.7298359375000001 0.745082159624413 0.060546875 0.0997887323943662
47 0.46967968750000005 0.8786502347417839 0.080765625 0.12133802816901408
49 0.8946406250000001 0.2922300469483568 0.07259375 0.10971830985915493
49 0.9257031250000001 0.33818075117370894 0.03121875 0.07645539906103287
49 0.77890625 0.3611150234741784 0.052968749999999995 0.059976525821596245
49 0.6097265625 0.37322769953051643 0.054984374999999995 0.07744131455399061
49 0.5702265625 0.399225352112676 0.046890625000000005 0.046948356807511735
49 0.49821093749999995 0.44664319248826295 0.068421875 0.09934272300469484
49 0.527453125 0.39619718309859153 0.04475 0.042159624413145545
49 0.553703125 0.43021126760563383 0.060406249999999995 0.06413145539906104
49 0.8531796875 0.3482042253521127 0.111671875 0.12007042253521126
49 0.5678906250000001 0.3607511737089201 0.044656249999999995 0.05051643192488263
49 0.6716796875 0.4065023474178404 0.5411406249999999 0.31948356807511735
49 0.8501875 0.17616197183098592 0.27946875000000004 0.35232394366197184
47 0.5233359375 0.48977699530516433 0.056015625 0.07330985915492957
47 0.58584375 0.9453521126760565 0.08059374999999999 0.10727699530516432
47 0.766890625 0.7658333333333334 0.07615625000000001 0.11143192488262911
47 0.8283125 0.6754460093896714 0.08196875 0.10807511737089201
49 0.6515078125 0.38380281690140844 0.055203125 0.06535211267605634
49 0.4171875 0.5105633802816901 0.83125 0.9741784037558685
47 0.53515625 0.4988262910798122 0.9265625 0.9976525821596244