49 0.272609375 0.5714369158878504 0.009031250000000001 0.013294392523364488
49 0.20313281249999998 0.5374065420560747 0.072953125 0.06869158878504672
47 0.1311015625 0.5096495327102804 0.008265625 0.011308411214953271
47 0.15034375 0.4941939252336449 0.06121875 0.042313084112149534
47 0.20825 0.49505841121495325 0.06484375 0.04380841121495327
47 0.18146875 0.5461565420560748 0.074375 0.058060747663551404
47 0.260296875 0.5541471962616823 0.03421875 0.048761682242990656
47 0.2798828125 0.5381892523364485 0.024140625 0.05310747663551402
47 0.2598125 0.49803738317757007 0.0036249999999999998 0.009345794392523364
47 0.1565546875 0.5151869158878505 0.042234375000000005 0.017990654205607477
49 0.28333593749999997 0.5719158878504673 0.014671875000000001 0.009579439252336447
49 0.17083593749999998 0.4957476635514018 0.021296875 0.03336448598130841
49 0.21949218750000005 0.5710981308411215 0.005234375 0.007990654205607477
49 0.1644296875 0.5153271028037383 0.013046875 0.015327102803738318