50 0.475296875 0.5593645833333334 0.0886875 0.05677083333333333
53 0.5 0.5404479166666666 1.0 0.8966458333333333
50 0.4827734375 0.7437083333333334 0.150109375 0.23424999999999999
50 0.054546874999999995 0.89834375 0.10909374999999999 0.1513125
50 0.502484375 0.5079375 0.07840625 0.07712500000000001
50 0.314453125 0.9075624999999999 0.16796875 0.14583333333333334
50 0.2060546875 0.5377708333333333 0.126953125 0.140625
50 0.750328125 0.4449270833333333 0.07603125 0.0471875
50 0.5740937500000001 0.5276979166666667 0.10409375000000001 0.14564583333333334
50 0.5489609375 0.42561458333333335 0.081921875 0.07927083333333333
50 0.26964062499999997 0.8140104166666667 0.13015625 0.12772916666666667
50 0.3217421875 0.43078125 0.088953125 0.06714583333333332
50 0.8536875 0.6983020833333333 0.022125 0.043229166666666666
50 0.5827812499999999 0.2836666666666667 0.08499999999999999 0.12475