46 0.7656266666666667 0.6514 0.30922666666666665 0.18008000000000002
46 0.7570399999999999 0.81351 0.33738666666666667 0.19082
46 0.26309333333333335 0.81133 0.30266666666666664 0.08398
46 0.48316 0.6559 0.19938666666666666 0.08092
46 0.1905466666666667 0.40594 0.20210666666666668 0.05224
46 0.16796 0.35457 0.20856 0.07238
46 0.27188 0.19836 0.18909333333333334 0.11916
46 0.5952133333333334 0.39337 0.22530666666666666 0.14953999999999998
46 0.26816 0.50735 0.24837333333333333 0.08538
46 0.38589333333333337 0.35553 0.1696 0.06622
46 0.4961866666666667 0.20107 0.07509333333333333 0.053340000000000005
46 0.13576 0.18784 0.13290666666666667 0.10479999999999999
46 0.42014666666666667 0.41392 0.16920000000000002 0.05788
46 0.5 0.5 0.9946666666666667 0.996