54 0.5451750000000001 0.8313999999999999 0.0387 0.0342
54 0.5693874999999999 0.8193333333333334 0.044375 0.028533333333333334
54 0.619875 0.8008333333333333 0.049749999999999996 0.06166666666666667
54 0.6446375000000001 0.7828 0.055175 0.0484
54 0.6863875 0.7547166666666666 0.042475 0.03876666666666667
54 0.4261875 0.7112166666666666 0.054225 0.057166666666666664
54 0.7035750000000001 0.73725 0.042050000000000004 0.044033333333333334
54 0.4896625 0.6607166666666666 0.047424999999999995 0.055499999999999994
54 0.6701 0.76835 0.039599999999999996 0.037233333333333334
54 0.5980249999999999 0.8096 0.05365 0.044333333333333336
54 0.5183875 0.8541833333333333 0.028975 0.04143333333333333
54 0.3953875 0.7429500000000001 0.031475 0.032433333333333335