46 0.74851 0.22809651474530832 0.38054000000000004 0.4516890080428954
46 0.23407 0.17227882037533512 0.06078 0.18402144772117962
46 0.10824 0.14558981233243967 0.21252000000000001 0.2211528150134048
47 0.04388 0.2988203753351207 0.08776 0.18353887399463806
49 0.15622 0.2941152815013404 0.15796000000000002 0.211769436997319
49 0.60349 0.37029490616621985 0.19706 0.327828418230563
49 0.73513 0.5273592493297588 0.22522 0.2578820375335121
49 0.39601 0.5306166219839141 0.12298 0.13554959785522788
49 0.17696 0.480201072386059 0.05248 0.0435656836461126
49 0.28417000000000003 0.3095844504021448 0.11854 0.12731903485254692
49 0.52677 0.19052278820375335 0.05486 0.12050938337801609