46 0.3883671875 0.5267708333333333 0.034578125 0.030916666666666665
46 0.31621875 0.47513541666666664 0.0229375 0.03235416666666666
46 0.34597656250000003 0.47182291666666665 0.045671875 0.04410416666666667
46 0.34988281250000003 0.5205833333333333 0.022546875 0.030041666666666668
46 0.3178984375 0.5289479166666667 0.025671875 0.03147916666666666
46 0.34945312500000003 0.7479479166666666 0.0055625 0.017979166666666668
46 0.317140625 0.7244375 0.0159375 0.02375
46 0.3816015625 0.7273541666666666 0.022921875 0.025625000000000002
46 0.40746874999999994 0.7324791666666667 0.00390625 0.012416666666666666
46 0.26691406250000005 0.73184375 0.011609375 0.017854166666666667
46 0.20716406249999997 0.8009687499999999 0.048046875 0.1003125
46 0.26919531250000006 0.4067187500000001 0.028078125 0.05385416666666667
46 0.4698125 0.7275833333333334 0.0053124999999999995 0.0125
46 0.371875 0.6114583333333333 0.725 0.5395833333333333