48 0.6178359375 0.8776944444444443 0.067453125 0.07644444444444444
55 0.05896875 0.6887083333333334 0.043625000000000004 0.059361111111111114
55 0.59446875 0.7058055555555555 0.0541875 0.08027777777777777
55 0.3436328125 0.7031111111111111 0.067671875 0.07033333333333333
55 0.23585937499999998 0.7048055555555556 0.07928125 0.06983333333333333
55 0.1428828125 0.709375 0.040703125 0.06913888888888889
55 0.44057031249999995 0.728125 0.055890625000000006 0.049416666666666664
55 0.022726562500000002 0.7023888888888888 0.034140625 0.06949999999999999
48 0.5345390625 0.8863333333333334 0.074640625 0.06338888888888888
48 0.595984375 0.8396666666666666 0.0719375 0.07200000000000001
48 0.6786328125 0.8673472222222223 0.06135937500000001 0.06530555555555556