47 0.530375 0.24054166666666668 0.18690625 0.26216666666666666
47 0.52634375 0.816125 0.25490625 0.29270833333333335
47 0.7385078125 0.8125 0.203421875 0.28775
50 0.7464765625 0.24883333333333332 0.211265625 0.3755833333333333
51 0.3259296875 0.2453645833333333 0.162484375 0.1638125
51 0.4614375 0.43826041666666665 0.16465625 0.0784375
51 0.2826796875 0.46101041666666664 0.104609375 0.051812500000000004
51 0.21974999999999997 0.32046875 0.05940625000000001 0.0680625
51 0.5040859375 0.40561458333333333 0.166609375 0.06564583333333333
51 0.5021718749999999 0.361 0.08737500000000001 0.05291666666666666
51 0.3979453125 0.30307291666666664 0.427359375 0.3403541666666667