54 0.42059 0.21452 0.24109999999999998 0.23608
54 0.20155 0.22516 0.2275 0.24834666666666666
54 0.6595 0.20601333333333333 0.24968 0.25549333333333335
54 0.87378 0.22340000000000002 0.20108 0.23159999999999997
54 0.89103 0.46301333333333333 0.21794 0.31136
54 0.66404 0.4595466666666666 0.27304 0.2853866666666667
54 0.40889 0.45432 0.26058 0.31621333333333335
54 0.14594 0.47801333333333335 0.26968000000000003 0.29752
54 0.13021000000000002 0.7837466666666667 0.25626 0.3138933333333333
54 0.38642 0.7730266666666666 0.274 0.3672266666666667
54 0.66984 0.7820266666666666 0.31832 0.38725333333333334
54 0.9098 0.78312 0.1804 0.35312