50 0.46950000000000003 0.8038624787775892 0.15434375 0.1538370118845501
50 0.6867656249999999 0.7533616298811545 0.0935625 0.13660441426146008
50 0.368703125 0.44827674023769093 0.20453125 0.2007300509337861
50 0.5810625 0.203786078098472 0.06515625 0.10044142614601018
50 0.70428125 0.3406112054329372 0.11234375 0.11266553480475382
50 0.6629453125 0.4659337860780985 0.189453125 0.1495246179966044
50 0.3557265625 0.6019354838709677 0.087796875 0.093616298811545
50 0.3670390625 0.8505857385398982 0.136421875 0.16235993208828522
50 0.258015625 0.3957724957555178 0.093125 0.09646859083191851
50 0.35306249999999995 0.7561120543293719 0.1025 0.09273344651952461
50 0.58675 0.774125636672326 0.10765625000000001 0.1030899830220713
50 0.46741406249999995 0.6712818336162988 0.136078125 0.1340067911714771
53 0.5139375 0.5116893039049236 0.7649375 0.9038879456706281
50 0.3670390625 0.6764006791171476 0.089078125 0.09151103565365025