51 0.09464062499999999 0.09315625000000001 0.0760625 0.0259375
51 0.08196875 0.09385416666666666 0.093625 0.040375
51 0.34066406250000003 0.040614583333333336 0.128515625 0.08122916666666667
52 0.152640625 0.7397083333333333 0.17446875 0.336125
52 0.24176562499999998 0.70940625 0.194125 0.25177083333333333
52 0.5029765625 0.3620729166666667 0.228421875 0.09706250000000001
51 0.07415624999999999 0.18877083333333333 0.14156249999999998 0.07191666666666667
52 0.48117968750000006 0.32823958333333336 0.220796875 0.10335416666666666
51 0.0297421875 0.10730208333333333 0.054828125000000005 0.04697916666666667
51 0.021 0.10365625 0.039 0.04872916666666667
51 0.3668984375 0.2378125 0.144046875 0.07433333333333333
51 0.2839921875 0.51490625 0.153640625 0.1731875