47 0.6503 0.7588133333333333 0.19236 0.22824
47 0.80162 0.6229199999999999 0.1388 0.17176
47 0.76761 0.7690133333333333 0.15494 0.13381333333333334
47 0.85511 0.8911466666666666 0.08142 0.21770666666666666
47 0.62914 0.9486666666666667 0.18844 0.10266666666666667
47 0.64235 0.6682400000000001 0.21530000000000002 0.28234666666666663
47 0.7663199999999999 0.7918933333333334 0.2738 0.41402666666666665
50 0.26605 0.6851066666666665 0.14358 0.14914666666666668
50 0.17933000000000002 0.83496 0.1177 0.3229866666666667
50 0.27497000000000005 0.9388800000000002 0.09414 0.12224000000000002
50 0.44577999999999995 0.8238666666666666 0.08792 0.15290666666666666
47 0.58399 0.8726666666666667 0.10282 0.11461333333333333
50 0.32324 0.6193066666666667 0.08936 0.11914666666666666
50 0.33515 0.8713733333333334 0.10226 0.16552
50 0.40621 0.67548 0.10834 0.11010666666666666
47 0.61152 0.6659200000000001 0.08832 0.11392
50 0.18627000000000002 0.6143333333333333 0.07781999999999999 0.12482666666666667