50 0.6303671875 0.6639941406250001 0.162546875 0.11779296875
51 0.1508828125 0.676025390625 0.017390625 0.06986328125
51 0.1660390625 0.683388671875 0.019109375 0.05419921875
51 0.077796875 0.676376953125 0.0185 0.06150390625
51 0.1146015625 0.655419921875 0.012046875 0.02853515625
51 0.10575000000000001 0.65662109375 0.018687500000000003 0.0361328125
51 0.0937734375 0.6544628906250001 0.028890624999999996 0.04919921875
51 0.184546875 0.6817968750000001 0.01471875 0.05828125
51 0.11978906249999999 0.651875 0.019203124999999998 0.0410546875
51 0.086 0.68 0.01665625 0.0543359375
51 0.134515625 0.6503320312499999 0.01075 0.0230078125
51 0.1708046875 0.68140625 0.014265625 0.0560546875
51 0.158859375 0.651103515625 0.01215625 0.01998046875
51 0.176734375 0.6854003906249999 0.00575 0.05232421875
51 0.18359375 0.65234375 0.3015625 0.328125