46 0.7309718969555035 0.42189062499999996 0.03838407494145199 0.02703125
46 0.7058665105386418 0.4056484375 0.17327868852459016 0.169796875
46 0.7307377049180327 0.3610234375 0.030140515222482435 0.027796875
46 0.31042154566744734 0.40203125 0.18018735362997657 0.1675625
46 0.40802107728337234 0.293109375 0.0905152224824356 0.033625
46 0.5801405152224824 0.362046875 0.015784543325526933 0.018187500000000002
46 0.7645667447306792 0.5438359375 0.015784543325526933 0.027765625
46 0.4356440281030445 0.33299218750000004 0.03545667447306792 0.027046874999999998
46 0.43612412177985954 0.3441484375 0.032576112412177984 0.016296875
46 0.43262295081967217 0.35925 0.03451990632318501 0.0210625
46 0.43352459016393446 0.48026562500000003 0.032576112412177984 0.017125
46 0.7382435597189696 0.5399296874999999 0.05962529274004684 0.042078125
46 0.46892271662763463 0.40516406250000003 0.028711943793911007 0.16704687499999998
46 0.4918032786885246 0.4390625 0.5714285714285714 0.325