46 0.34621874999999996 0.34233021077283377 0.27131249999999996 0.372903981264637
46 0.23688281250000004 0.7769555035128806 0.23089062500000002 0.39775175644028105
46 0.8021328125 0.3172833723653396 0.152609375 0.22988290398126462
46 0.5430546875 0.2697423887587822 0.048859375 0.06768149882903982
46 0.46205468749999995 0.7398360655737705 0.23395312499999998 0.5203278688524591
46 0.648625 0.6654566744730679 0.21778124999999998 0.1579391100702576
46 0.5293359375 0.49497658079625295 0.204796875 0.1432552693208431
46 0.8647890624999999 0.21847775175644027 0.085640625 0.18693208430913347
46 0.96703125 0.4155971896955504 0.06593750000000001 0.09981264637002342
46 0.9497890625000001 0.27640515222482437 0.100421875 0.17079625292740047
46 0.6708437500000001 0.7434426229508196 0.21615625 0.21508196721311476
46 0.760140625 0.7112295081967213 0.4018125 0.5505620608899298
46 0.5907500000000001 0.34627634660421547 0.12978125000000001 0.17747072599531616
46 0.703125 0.27049180327868855 0.590625 0.4519906323185012