55 0.7370703125 0.6913229166666668 0.051796875 0.0535625
55 0.8477499999999999 0.7280937499999999 0.07753125 0.07639583333333334
55 0.7879765624999999 0.71009375 0.061015625 0.0724375
55 0.9387968750000001 0.7511770833333333 0.08115625 0.06039583333333333
55 0.863484375 0.7023854166666667 0.062375 0.06802083333333334
54 0.8892265625 0.9275625000000001 0.052328125 0.04925
54 0.8366875 0.9090937499999999 0.052593749999999995 0.0519375
55 0.9829140624999999 0.8033437499999999 0.034171875000000004 0.0620625
55 0.8348515625000001 0.9067395833333333 0.047546875 0.044645833333333336
55 0.7965546875 0.8879895833333333 0.040984375 0.0474375
54 0.8057421874999999 0.8105 0.037203125 0.03845833333333334
54 0.7736484375 0.7955520833333334 0.034046875 0.035187500000000003
54 0.72753125 0.8487291666666668 0.03690625 0.043916666666666666
54 0.9095390625 0.9045520833333334 0.045296875 0.055187499999999994