54 0.3136416861826698 0.8683046874999999 0.14985948477751757 0.061078125000000004
54 0.22489461358313817 0.780296875 0.12824355971896956 0.052593749999999995
54 0.271615925058548 0.8181875 0.1495550351288056 0.054781250000000004
54 0.47631147540983604 0.7976796875 0.09060889929742388 0.062578125
54 0.5831615925058548 0.8283437499999999 0.1294145199063232 0.0405625
54 0.3729976580796253 0.9087734375000001 0.1274473067915691 0.049234375000000004
54 0.40714285714285714 0.8018984374999999 0.07967213114754099 0.041984375000000004
54 0.5097072599531616 0.7575234375 0.05243559718969555 0.029828125
54 0.32240046838407493 0.7507109375 0.08161592505854802 0.038046875
54 0.387423887587822 0.7818984375 0.10046838407494145 0.082390625
52 0.5313348946135831 0.7933671875 0.10365339578454331 0.072203125
52 0.4365573770491803 0.764328125 0.1014519906323185 0.03515625