54 0.6729764705882354 0.6246953125 0.058094117647058824 0.049796875000000004
54 0.5654823529411765 0.6623515625 0.0704 0.031984374999999995
54 0.7132117647058823 0.672390625 0.0719764705882353 0.032125
54 0.7696352941176471 0.6671250000000001 0.04378823529411765 0.0288125
54 0.8502235294117646 0.6960078125 0.0536235294117647 0.026203125
54 0.7270823529411764 0.535921875 0.06155294117647059 0.021281249999999998
54 0.7806235294117647 0.701546875 0.06265882352941177 0.02909375
54 0.6584705882352941 0.6446328125 0.08141176470588235 0.039953125
54 0.7496705882352942 0.6861875000000001 0.0476235294117647 0.026468750000000003
54 0.6541411764705882 0.52934375 0.06555294117647059 0.02303125
54 0.5329058823529411 0.7068749999999999 0.07094117647058823 0.01678125
54 0.8077764705882353 0.6728203125000001 0.04675294117647059 0.041984375000000004
54 0.7173411764705883 0.70725 0.05769411764705882 0.02709375
54 0.7588235294117647 0.6921875 0.24235294117647058 0.06875