48 0.44916406250000007 0.7381984334203656 0.037640625 0.06516971279373368
48 0.20803125000000003 0.7413838120104438 0.056999999999999995 0.0654308093994778
48 0.297796875 0.6157441253263708 0.045406249999999995 0.04302872062663186
48 0.48745312499999993 0.7410443864229764 0.04715625 0.06631853785900783
48 0.6864296875 0.6719190600522192 0.052890625000000004 0.057571801566579636
48 0.48117968749999995 0.6496997389033943 0.046078125 0.05412532637075718
48 0.47390625000000003 0.6880548302872062 0.0475 0.04483028720626632
48 0.60390625 0.6401044386422976 0.0473125 0.04997389033942559
48 0.30234375 0.586201044386423 0.04940625 0.03809399477806789
48 0.2680546875 0.6052349869451698 0.045515625 0.0504177545691906
48 0.51703125 0.6781201044386423 0.0474375 0.06339425587467364
48 0.63253125 0.6196475195822454 0.04109375 0.052454308093994775
48 0.5283749999999999 0.7081984334203656 0.05240625 0.06616187989556135
48 0.654109375 0.6936292428198433 0.05228125 0.045483028720626636
48 0.60809375 0.6830026109660574 0.04603125 0.05707571801566579
48 0.6429921875 0.6569451697127938 0.044546875 0.03472584856396867
48 0.4421875 0.5313315926892951 0.884375 0.9321148825065274