48 0.36371875 0.7244158878504673 0.091 0.08911214953271028
52 0.44441406250000004 0.4401985981308411 0.093421875 0.30829439252336444
52 0.3459609375 0.4360397196261682 0.103546875 0.34226635514018694
52 0.580546875 0.5720443925233645 0.08549999999999999 0.15553738317757007
52 0.36534374999999997 0.6217406542056074 0.10146875 0.14572429906542056
52 0.4785234375 0.5938317757009346 0.127734375 0.14158878504672898
52 0.68159375 0.6831658878504673 0.09953125 0.1530607476635514
48 0.447671875 0.43448598130841115 0.08959375 0.308411214953271
52 0.23559375 0.5539369158878504 0.0808125 0.3096028037383177
48 0.5721484375 0.7086448598130841 0.097421875 0.07406542056074766
48 0.543671875 0.4085514018691589 0.1055 0.2693457943925234
48 0.264046875 0.5232126168224299 0.10484374999999999 0.35927570093457945
52 0.6650703124999999 0.4904556074766356 0.131671875 0.3495093457943925
52 0.26286718750000004 0.5294392523364486 0.104171875 0.3634579439252337
52 0.5442265624999999 0.4115654205607477 0.10770312500000001 0.29154205607476635
52 0.571984375 0.703107476635514 0.09928125 0.11359813084112148
52 0.3516484375 0.7144158878504674 0.105078125 0.0866822429906542
52 0.34375 0.6950934579439252 0.2875 0.15186915887850466