46 0.21608593750000002 0.7611041666666668 0.028578125 0.105375
46 0.45103906250000003 0.76703125 0.035296875 0.08039583333333335
46 0.3473515625 0.8701875 0.082390625 0.08254166666666667
46 0.3998046875 0.8649270833333333 0.048390625 0.11552083333333334
46 0.15690625 0.6721666666666668 0.047625 0.02645833333333333
46 0.8261953125 0.43726041666666665 0.033171875 0.05272916666666667
46 0.9513046875000001 0.6735104166666666 0.041765625 0.03260416666666667
46 0.9442187500000001 0.29743749999999997 0.008125 0.016458333333333335
46 0.8802031249999999 0.2748125 0.0408125 0.082125
46 0.8469921875 0.4715416666666667 0.080859375 0.08637500000000001
46 0.6532890625000001 0.5568020833333333 0.098078125 0.09239583333333333
46 0.17578125 0.9231874999999999 0.1328125 0.11458333333333333
46 0.0740703125 0.6983854166666668 0.10885937500000001 0.20622916666666666
46 0.49921875 0.5208333333333334 0.9984375 0.9541666666666667