51 0.247640625 0.36674999999999996 0.0990625 0.25470833333333337
51 0.324125 0.5859062500000001 0.1505 0.2556875
51 0.4221875 0.1565 0.20259375 0.06616666666666667
51 0.3960546875 0.22699999999999998 0.20079687499999999 0.09454166666666668
51 0.4706953125 0.31115625 0.171671875 0.15260416666666668
51 0.5759140625 0.35525 0.07698437500000001 0.20425000000000001
51 0.5816015625000001 0.5437395833333334 0.079703125 0.12131249999999999
51 0.50603125 0.519625 0.07334375 0.29125
51 0.2491640625 0.5656145833333334 0.091953125 0.17035416666666667
51 0.34054687499999997 0.3820833333333333 0.10600000000000001 0.170375
51 0.4124296875 0.5258645833333333 0.124296875 0.11202083333333333
51 0.51434375 0.33010416666666664 0.05778124999999999 0.07200000000000001
51 0.43754687499999995 0.6840520833333332 0.12506250000000002 0.11410416666666667