47 0.6555859374999999 0.4729479166666667 0.164109375 0.19764583333333335
47 0.6375703125 0.5954895833333332 0.079953125 0.09747916666666666
47 0.5453515625 0.25357291666666665 0.029984375 0.0466875
47 0.56240625 0.33828125 0.0373125 0.043854166666666666
47 0.56553125 0.26571875 0.0311875 0.03997916666666667
47 0.5151015624999999 0.25898958333333333 0.029953125000000004 0.029229166666666664
47 0.5498749999999999 0.29283333333333333 0.0340625 0.031083333333333334
47 0.50321875 0.29554166666666665 0.0605625 0.046375000000000006
47 0.5888671875 0.2916770833333333 0.068359375 0.07552083333333333
47 0.310546875 0.2890625 0.0546875 0.05991666666666667
47 0.74071875 0.6058854166666667 0.09503125 0.10277083333333333
49 0.79971875 0.11164583333333335 0.11299999999999999 0.0895
49 0.9081328125000001 0.5849791666666666 0.074578125 0.08579166666666667
49 0.9664609375000002 0.44067708333333333 0.067078125 0.07406249999999999
49 0.9000859375000001 0.64490625 0.199828125 0.17072916666666668
49 0.3158203125 0.5504687500000001 0.052171875 0.0623125
49 0.9076718749999999 0.5087291666666667 0.0645 0.063875
49 0.2680703125 0.49768749999999995 0.046859374999999995 0.049416666666666664
49 0.27535937499999996 0.4423229166666667 0.0396875 0.05585416666666666
49 0.24010156249999998 0.48073958333333333 0.031234374999999998 0.0534375
49 0.27071093749999997 0.5538124999999999 0.040890625 0.06104166666666667
49 0.3530625 0.51465625 0.04228125 0.059145833333333335
47 0.5365546875 0.37734375 0.035578125 0.04110416666666667
49 0.8467734374999999 0.5343020833333333 0.033640625 0.050104166666666665
47 0.8005625000000001 0.53284375 0.061375 0.10964583333333335
49 0.9702109375000001 0.5136875 0.059578125 0.059625000000000004
47 0.58359375 0.5010416666666667 0.8296875 0.99375
49 0.59453125 0.371875 0.8078125 0.5479166666666667