49 0.20478 0.48764 0.32192000000000004 0.4045066666666667
49 0.85977 0.55252 0.25701999999999997 0.33394666666666667
49 0.68258 0.1797733333333333 0.22584 0.26066666666666666
49 0.8140499999999999 0.08877333333333333 0.20898 0.16853333333333334
49 0.05931 0.5293733333333333 0.1177 0.35677333333333333
49 0.09017 0.8771599999999998 0.17698 0.20450666666666667
49 0.48089 0.7878666666666666 0.20402 0.3368
49 0.49490999999999996 0.32370666666666664 0.21406 0.27754666666666666
49 0.6900299999999999 0.7779200000000001 0.2517 0.36608
49 0.70085 0.42710666666666663 0.22594 0.3450933333333333
49 0.89922 0.36458666666666667 0.20156 0.30490666666666666
49 0.5261600000000001 0.56356 0.21512 0.22738666666666665
49 0.47112 0.13582666666666665 0.17784 0.21997333333333333
49 0.5 0.49866666666666665 0.996 0.9973333333333333