54 0.7818671875 0.6012470862470862 0.045140625000000004 0.04277389277389278
54 0.7948984375 0.5828671328671329 0.040234375 0.036783216783216784
54 0.6798359375 0.51493006993007 0.039171875 0.03060606060606061
54 0.2085078125 0.6075291375291375 0.353078125 0.2073193473193473
54 0.803125 0.5703379953379953 0.042875 0.04132867132867133
54 0.9076484375 0.5673076923076923 0.040359374999999996 0.03428904428904429
54 0.9494531250000001 0.6460489510489511 0.054531249999999996 0.049999999999999996
54 0.892203125 0.6342540792540793 0.04975 0.04948717948717949
54 0.732125 0.5844055944055945 0.04353125 0.03636363636363636
54 0.9462890625 0.6171328671328671 0.050859375 0.032074592074592075
54 0.12927343750000003 0.6605477855477856 0.044796875 0.04627039627039627
54 0.9468984375 0.5965501165501165 0.051546875000000006 0.03776223776223776
54 0.4796875 0.5163170163170163 0.24375 0.9627039627039627