49 0.5310799999999999 0.9248680351906158 0.047240000000000004 0.05038123167155425
49 0.4662 0.8790322580645161 0.07848000000000001 0.10211143695014663
49 0.28807 0.9077859237536657 0.31774 0.11762463343108505
49 0.6683600000000001 0.9079618768328446 0.09148 0.12237536656891494
49 0.7941900000000001 0.8991642228739003 0.07590000000000001 0.08794721407624632
49 0.83644 0.9324046920821114 0.10784 0.06756598240469208
49 0.5199300000000001 0.8442961876832845 0.07701999999999999 0.11246334310850441
47 0.7611 0.7249560117302053 0.23228000000000001 0.2439882697947214
47 0.86558 0.5482111436950147 0.06572 0.09829912023460412
47 0.5651700000000001 0.30341642228739 0.14426 0.14489736070381232
47 0.93047 0.45609970674486805 0.062060000000000004 0.0658651026392962
47 0.43896 0.4513782991202346 0.15808000000000003 0.13513196480938416
47 0.37275 0.5420234604105573 0.0409 0.036774193548387096
47 0.8138 0.555058651026393 0.03984 0.07639296187683285
47 0.38187 0.44083577712609967 0.15118 0.1410850439882698
47 0.64903 0.21145161290322578 0.0427 0.04302052785923754
47 0.13005 0.342316715542522 0.16041999999999998 0.14991202346041055
49 0.61686 0.8719208211143694 0.34484 0.2112316715542522
47 0.9437 0.5233284457478006 0.05656 0.07539589442815249
47 0.88431 0.4961143695014663 0.18198 0.25129032258064515
47 0.22821 0.27520527859237537 0.040979999999999996 0.04712609970674487
49 0.8955899999999999 0.9133137829912024 0.09206 0.09765395894428151