48 0.3234309133489462 0.75184375 0.09866510538641687 0.04065625
48 0.327248243559719 0.7347187500000001 0.127423887587822 0.04428125
48 0.21934426229508197 0.7529531250000001 0.10098360655737704 0.04584375
48 0.8939695550351289 0.7319453125000001 0.07510538641686183 0.047578125
48 0.9615690866510538 0.7262421875 0.07676814988290398 0.049140625
48 0.43555035128805625 0.591578125 0.16946135831381734 0.049875
54 0.48485948477751756 0.5040390625 0.09177985948477752 0.026953125
55 0.32639344262295084 0.7533046875 0.10430913348946136 0.046390625000000005
48 0.8312177985948478 0.7178671875 0.09124121779859486 0.050234375
48 0.9402459016393442 0.706765625 0.07562060889929742 0.0376875
55 0.4223302107728337 0.505015625 0.059367681498829046 0.032875
55 0.43414519906323185 0.5905234375 0.15288056206088993 0.046203125