50 0.1393828125 0.20588028169014083 0.11276562500000001 0.1482394366197183
50 0.5124453124999999 0.02551643192488263 0.091046875 0.04953051643192489
51 0.6612968749999999 0.2595657276995305 0.074875 0.10401408450704226
51 0.400390625 0.29490610328638495 0.09071875 0.12854460093896714
51 0.21926562500000002 0.5964671361502347 0.07203125 0.1294131455399061
51 0.126859375 0.39529342723004696 0.09709375 0.1317605633802817
51 0.3303203125 0.437112676056338 0.085734375 0.14460093896713616
51 0.20877343750000002 0.748650234741784 0.107453125 0.15368544600938966
53 0.5 0.49887323943661976 1.0 0.9977464788732395
51 0.3171015625 0.7471830985915493 0.10470312500000001 0.15056338028169014
51 0.9447109375 0.19048122065727702 0.095515625 0.1345305164319249
51 0.035226562499999996 0.7831572769953051 0.070203125 0.1462676056338028