46 0.41939583333333336 0.5019375 0.05533333333333333 0.022875
46 0.48773958333333334 0.5084140625 0.0275625 0.019140625
46 0.4739791666666667 0.5115546875 0.014125 0.016109375000000002
46 0.41092708333333333 0.49434374999999997 0.017604166666666664 0.006562500000000001
46 0.38833333333333336 0.5018828125 0.007500000000000001 0.011984375
47 0.6117708333333333 0.8199921874999999 0.053625 0.039484375
47 0.53240625 0.728515625 0.1728125 0.04775
47 0.6437916666666668 0.795359375 0.05670833333333333 0.03028125
47 0.5878229166666666 0.836109375 0.06385416666666667 0.0448125
47 0.5316145833333333 0.838859375 0.0491875 0.03659375
47 0.5425000000000001 0.8606171874999999 0.04883333333333333 0.028953125000000003
47 0.66384375 0.8174296875 0.19331250000000003 0.104765625
47 0.5088854166666666 0.5487265625 0.12368749999999999 0.019265625
47 0.49004166666666665 0.8506484375 0.058875000000000004 0.033765625
47 0.3831666666666667 0.8033671874999999 0.25125 0.12792187500000002
47 0.3524479166666667 0.534 0.14102083333333332 0.034875
47 0.38631249999999995 0.560640625 0.12595833333333334 0.0205625
49 0.173 0.6181328125000001 0.15404166666666666 0.056359375
49 0.3070729166666667 0.6329296875 0.09247916666666667 0.048484375
49 0.38991666666666663 0.6285078125 0.03745833333333334 0.023609375
46 0.39181250000000006 0.493578125 0.019208333333333334 0.013843749999999998
47 0.056364583333333336 0.8168124999999999 0.07539583333333333 0.04428125
47 0.484375 0.7984375 0.96875 0.153125