46 0.1432578125 0.24719791666666666 0.165171875 0.34606250000000005
46 0.92359375 0.9083020833333334 0.1483125 0.1505625
46 0.30143749999999997 0.5829687499999999 0.06634375 0.1374375
46 0.3517734375 0.5544375 0.066171875 0.19983333333333334
46 0.8905703125000001 0.837125 0.218859375 0.32575000000000004
46 0.866046875 0.7985104166666666 0.19440625 0.3519791666666666
46 0.9702109375000001 0.15665625 0.059578125 0.2734375
46 0.9336015625 0.11198958333333332 0.066015625 0.1310625
46 0.76271875 0.74584375 0.08696875 0.22197916666666667
46 0.7128984375 0.69496875 0.114078125 0.18631250000000002
46 0.8903828124999998 0.33566666666666667 0.038078125000000004 0.08404166666666667
46 0.591109375 0.6517812500000001 0.072625 0.09781250000000001
46 0.5493359375000001 0.5870416666666666 0.059703125 0.11829166666666667
46 0.503125 0.4583333333333333 0.990625 0.8125