46 0.6001875 0.9386979166666667 0.05759375 0.12260416666666667
46 0.8246249999999999 0.5560104166666666 0.0983125 0.0854375
46 0.8633515625000001 0.6905520833333334 0.11073437500000001 0.12414583333333334
46 0.14576562499999998 0.68590625 0.13696875 0.09164583333333334
46 0.0677578125 0.48132291666666666 0.014984375 0.0256875
46 0.35607031250000004 0.9468125000000001 0.139515625 0.08775
46 0.6648828124999999 0.6314583333333332 0.11292187499999999 0.07191666666666667
46 0.900328125 0.6289791666666668 0.08971875 0.07291666666666667
46 0.10453125 0.30975 0.1278125 0.066625
46 0.09188281250000001 0.45216666666666666 0.053890625000000004 0.04454166666666667
46 0.6156875 0.8285520833333333 0.031625 0.0791875
46 0.0996875 0.5076875 0.0489375 0.082125
46 0.048421874999999996 0.6508125 0.09684374999999999 0.12066666666666667
46 0.49921875 0.5614583333333333 0.9984375 0.8729166666666667