46 0.18428235294117645 0.75978125 0.06569411764705883 0.02271875
46 0.13145882352941177 0.771125 0.056329411764705885 0.016625
46 0.09136470588235296 0.9206953125 0.012376470588235294 0.012640624999999999
46 0.29336470588235297 0.9404140625 0.012847058823529411 0.012859375000000001
46 0.41332941176470595 0.6000859375 0.009341176470588236 0.010859375000000001
46 0.03164705882352942 0.9199921874999999 0.06305882352941176 0.037296875
46 0.061952941176470586 0.7615000000000001 0.0065882352941176465 0.00646875
46 0.10234117647058823 0.7509531249999999 0.053858823529411765 0.0340625
46 0.3770823529411764 0.5816015625 0.04352941176470588 0.028359375
46 0.1186235294117647 0.9304374999999998 0.04011764705882353 0.023625
46 0.08001176470588237 0.93165625 0.1574823529411765 0.0538125
46 0.06082352941176471 0.7698125 0.06710588235294118 0.0235625
46 0.4081764705882353 0.6054062499999999 0.046 0.02225
46 0.2411764705882353 0.67421875 0.43058823529411766 0.2265625