54 0.552015625 0.7373541666666666 0.25503125 0.28858333333333336
54 0.22296875 0.6103541666666668 0.253375 0.382875
54 0.3068359375 0.41465625 0.160203125 0.10647916666666667
54 0.20703906249999998 0.32887500000000003 0.324359375 0.15104166666666666
54 0.9645703124999999 0.78409375 0.070859375 0.25064583333333335
54 0.4370546875 0.28896875000000005 0.077921875 0.08047916666666667
54 0.6463515625 0.5056145833333333 0.342140625 0.34606250000000005
54 0.8975937500000001 0.5489479166666666 0.2048125 0.2503958333333333
54 0.8137265625 0.41030208333333335 0.16123437499999999 0.1230625
54 0.80915625 0.31799999999999995 0.16821875 0.10429166666666667
54 0.8677187499999999 0.3011041666666667 0.12040625 0.09225
54 0.42252343749999993 0.2558958333333333 0.10692187500000001 0.07808333333333332
54 0.9261328124999999 0.2602291666666667 0.144703125 0.10991666666666666
54 0.44296875 0.40625 0.8859375 0.45416666666666666