46 0.651640798226164 0.24359375 0.6967184035476719 0.4871875
47 0.15904656319290467 0.21964062499999998 0.30235033259423505 0.21306250000000002
47 0.20814855875831487 0.13954687500000001 0.28884700665188473 0.11200000000000002
47 0.5246563192904656 0.771359375 0.41640798226164083 0.28403125
47 0.7135476718403547 0.5125703125000001 0.4543237250554324 0.280265625
47 0.3717184035476718 0.7284140625 0.3932815964523282 0.288921875
49 0.8357317073170731 0.762046875 0.3285365853658536 0.28225
49 0.3179379157427938 0.44866406249999996 0.39827050997782704 0.298390625
49 0.06364745011086474 0.359421875 0.12729490022172948 0.2265625
49 0.9397782705099779 0.6323515625 0.12044345898004434 0.177015625
47 0.1935144124168514 0.6506484374999999 0.36490022172949 0.324671875