49 0.73552 0.7925500000000001 0.06458666666666667 0.0679
49 0.21308 0.77425 0.0756 0.0717
49 0.7391866666666667 0.7824 0.24221333333333334 0.164
49 0.27376 0.7707999999999999 0.06949333333333332 0.062119999999999995
49 0.2780266666666667 0.8162200000000001 0.09898666666666665 0.054759999999999996
49 0.36113333333333336 0.7449399999999999 0.07085333333333334 0.05036
49 0.35013333333333335 0.6991799999999999 0.07285333333333334 0.05724
49 0.3211466666666667 0.7532300000000001 0.08746666666666666 0.09006
49 0.17434666666666665 0.8006 0.08506666666666667 0.06304
49 0.28989333333333334 0.69974 0.04992 0.051
49 0.7634133333333333 0.70999 0.08474666666666666 0.04366
49 0.24358666666666667 0.7225499999999999 0.06413333333333333 0.04862