54 0.8013281250000001 0.7587971698113208 0.0573125 0.06919811320754717
54 0.7749609375 0.7198584905660378 0.053171875 0.07122641509433962
54 0.8182421874999999 0.6898113207547169 0.052234375 0.06938679245283019
54 0.8596875 0.7656721698113207 0.058812500000000004 0.09139150943396226
55 0.41471093750000004 0.6792216981132075 0.058515625 0.07014150943396226
55 0.309078125 0.7006957547169811 0.05275 0.0592688679245283
55 0.43527343749999997 0.6203419811320755 0.059515625 0.06577830188679246
55 0.4041328125 0.5984551886792453 0.058203125 0.06658018867924528
55 0.47269531249999996 0.6306957547169811 0.053140625 0.06841981132075473
55 0.47358593749999994 0.5733962264150942 0.050984375000000005 0.05033018867924528
55 0.5100625 0.5927712264150944 0.056781250000000005 0.06143867924528302
55 0.5403749999999999 0.4263207547169811 0.05234375 0.05858490566037736
55 0.3498046875 0.7195400943396227 0.065953125 0.07275943396226416