55 0.2467565359477124 0.2357516339869281 0.18681372549019606 0.09879084967320262
55 0.5152941176470588 0.06837418300653594 0.21653594771241833 0.10426470588235294
55 0.6194934640522876 0.7704248366013072 0.09712418300653594 0.07055555555555555
55 0.7444199346405228 0.6809722222222222 0.09495098039215687 0.0601797385620915
55 0.5295751633986927 0.758545751633987 0.10235294117647059 0.07715686274509803
55 0.607826797385621 0.831421568627451 0.10401960784313725 0.0653921568627451
55 0.8809068627450981 0.3317156862745098 0.23818627450980392 0.1673202614379085
55 0.2984395424836601 0.05626633986928105 0.07419934640522875 0.05158496732026144
55 0.7282843137254902 0.2063970588235294 0.10068627450980391 0.09622549019607843
55 0.40232843137254903 0.6764624183006536 0.1013562091503268 0.07361111111111111
55 0.21572712418300655 0.6222222222222222 0.07867647058823529 0.051274509803921564
55 0.5068545751633987 0.817998366013072 0.09511437908496732 0.07083333333333333