47 0.464171875 0.8608793456032721 0.39390625 0.27824130879345604
47 0.72775 0.6011451942740286 0.3408125 0.24396728016359917
47 0.7799765625 0.7141002044989775 0.343390625 0.2247239263803681
47 0.46996093749999995 0.7123619631901841 0.290703125 0.12750511247443763
47 0.28011718750000003 0.6052351738241308 0.175015625 0.22106339468302658
47 0.1724765625 0.455920245398773 0.274703125 0.17817995910020448
47 0.4646875 0.43514314928425357 0.3 0.22865030674846626
47 0.185578125 0.8590184049079754 0.29075 0.2819631901840491
47 0.17289062500000002 0.6829959100204498 0.34578125000000004 0.24394683026584868
47 0.47033593749999997 0.56780163599182 0.30651562499999996 0.2351124744376278
47 0.6431171875 0.45962167689161554 0.10301562500000001 0.14243353783231086
47 0.5 0.6288343558282209 0.996875 0.7382413087934561