54 0.4870098039215687 0.6866013071895425 0.16052287581699345 0.15931372549019607
54 0.6936519607843137 0.354281045751634 0.20831699346405227 0.1568627450980392
54 0.09722222222222222 0.7056045751633987 0.1665686274509804 0.08901960784313726
54 0.27778594771241827 0.35924019607843133 0.19766339869281047 0.1474673202614379
54 0.30053104575163403 0.7005882352941176 0.1594934640522876 0.16300653594771242
54 0.45950980392156865 0.37023692810457515 0.20049019607843138 0.15423202614379086
54 0.3429493464052287 0.5919199346405228 0.12236928104575164 0.08991830065359477
54 0.6989460784313726 0.6943055555555556 0.16704248366013072 0.15312091503267972
54 0.0639624183006536 0.36098856209150326 0.1279248366013072 0.12531045751633987
54 0.867875816993464 0.6699509803921568 0.16062091503267972 0.15803921568627452
54 0.8704656862745098 0.3551797385620915 0.18651960784313726 0.17098039215686275
54 0.32862745098039214 0.6129493464052288 0.1281045751633987 0.07501633986928104
54 0.29404411764705884 0.2770669934640523 0.14766339869281048 0.05181372549019608
54 0.5 0.47549019607843135 0.9967320261437909 0.5784313725490197