50 0.7239609375 0.4117590361445783 0.13273437500000002 0.27763855421686745
50 0.8444921875 0.6141204819277108 0.166296875 0.3482409638554217
50 0.4277265625 0.6774578313253011 0.228328125 0.21361445783132532
50 0.566046875 0.835301204819277 0.1373125 0.2682409638554217
50 0.692734375 0.8331325301204819 0.19159375 0.2503132530120482
50 0.22046875 0.5969277108433735 0.15715625 0.1882168674698795
50 0.1525703125 0.7717590361445782 0.186140625 0.17412048192771085
50 0.40374999999999994 0.4775903614457831 0.14681249999999998 0.23349397590361448
50 0.5887968750000001 0.40802409638554216 0.19268749999999998 0.23585542168674697
50 0.17477343750000002 0.35230120481927707 0.183390625 0.18999999999999997
51 0.7574765625 0.16383132530120484 0.193859375 0.3123373493975904
51 0.341765625 0.2835301204819277 0.05796875 0.23766265060240963
51 0.8556484375 0.1376987951807229 0.13414062499999999 0.03342168674698795
51 0.9456562500000001 0.5972409638554217 0.1086875 0.11424096385542168
51 0.495203125 0.8286265060240964 0.22971875000000003 0.34274698795180725
51 0.5730000000000001 0.1779277108433735 0.114375 0.35277108433734944
51 0.24293749999999997 0.33936144578313254 0.11299999999999999 0.06571084337349398
50 0.40611718750000003 0.9037710843373494 0.181796875 0.19245783132530123
51 0.7557734375 0.1344578313253012 0.192984375 0.2689156626506024
51 0.1381953125 0.12881927710843374 0.051640624999999996 0.12669879518072288
51 0.5567265625 0.807433734939759 0.141671875 0.38513253012048193
51 0.34254687500000003 0.2226746987951807 0.07359375 0.3538313253012048