47 0.700125 0.2596015625 0.12995833333333334 0.089609375
47 0.47165625 0.284625 0.0708125 0.05596875
47 0.952 0.30388281250000004 0.029958333333333333 0.027984375
47 0.6005833333333332 0.2811015625 0.051041666666666666 0.038765625
47 0.94453125 0.258546875 0.033604166666666664 0.034187499999999996
47 0.3643854166666667 0.3186875 0.04152083333333333 0.0380625
47 0.97025 0.5383828125 0.0595 0.035765625
47 0.9138229166666666 0.48014062499999993 0.043062500000000004 0.04146875
47 0.833375 0.28903124999999996 0.030791666666666665 0.0194375
47 0.8505937499999999 0.31007812500000004 0.021687500000000002 0.01978125
47 0.7990833333333334 0.2107421875 0.03245833333333333 0.032203125
47 0.8216354166666666 0.2080859375 0.028104166666666666 0.026953125
47 0.40001041666666665 0.3071953125 0.04972916666666667 0.066734375
47 0.50625 0.48671875 0.9833333333333333 0.6140625