50 0.1544 0.5471706586826347 0.30563999999999997 0.44104790419161677
50 0.52306 0.7558982035928145 0.49783999999999995 0.4080239520958084
50 0.89203 0.7196107784431137 0.21594 0.5555688622754491
50 0.20197 0.6364820359281438 0.21218 0.1952994011976048
50 0.8559500000000001 0.23074850299401195 0.2881 0.4614970059880239
50 0.30571000000000004 0.1225 0.3065 0.2352994011976048
50 0.35522 0.3470508982035928 0.19175999999999999 0.3788323353293413
51 0.07775 0.8915419161676648 0.1555 0.17050898203592815
50 0.23418 0.6947604790419162 0.20715999999999998 0.24269461077844312
51 0.67234 0.03754491017964071 0.09372 0.07508982035928143
50 0.12714 0.31706586826347305 0.18936 0.258562874251497
50 0.70521 0.9303443113772456 0.14018 0.11398203592814371
50 0.58805 0.6042065868263473 0.09462000000000001 0.15188622754491016
51 0.4329 0.6298802395209581 0.16136 0.28311377245508984