46 0.658297213622291 0.8165600000000001 0.038452012383900926 0.026199999999999998
46 0.536702786377709 0.79609 0.05829721362229102 0.0211
46 0.5883900928792569 0.77051 0.04495356037151703 0.018699999999999998
46 0.4643653250773993 0.8316500000000001 0.0848297213622291 0.01766
46 0.7857275541795665 0.7961900000000001 0.04439628482972136 0.00598
46 0.6792414860681115 0.7417900000000001 0.049071207430340553 0.01594
46 0.9122445820433436 0.7443 0.1444891640866873 0.036520000000000004
46 0.7890092879256966 0.76344 0.08346749226006192 0.02696
46 0.6902631578947369 0.81963 0.016253869969040248 0.01098
46 0.5620743034055727 0.81638 0.02476780185758514 0.014320000000000001
46 0.39660990712074307 0.8035 0.023126934984520123 0.00604
46 0.7521362229102168 0.70875 0.16693498452012384 0.02574
46 0.6584365325077399 0.77644 0.06659442724458205 0.02264
46 0.734922600619195 0.76438 0.028049535603715172 0.015560000000000001