49 0.5786484375000001 0.39557291666666666 0.12476562499999999 0.17664583333333334
49 0.5008828125 0.5764687500000001 0.998234375 0.8235208333333334
47 0.9488749999999999 0.13819791666666664 0.10112499999999999 0.11460416666666666
47 0.09775 0.13933333333333334 0.094375 0.103375
47 0.7390234375 0.13851041666666666 0.10979687499999999 0.11035416666666667
47 0.310359375 0.14671875000000004 0.106375 0.1048125
47 0.6310546875 0.14029166666666668 0.106453125 0.10095833333333333
47 0.5261484375000001 0.1397604166666667 0.101546875 0.10139583333333334
47 0.41968750000000005 0.13860416666666667 0.1088125 0.10620833333333332
47 0.8424765624999999 0.14042708333333334 0.10801562499999999 0.09927083333333334
47 0.15238281250000002 0.05854166666666667 0.119296875 0.11708333333333334
47 0.20500781249999997 0.1447395833333333 0.10014062500000001 0.10293749999999999
47 0.32421875 0.05730208333333333 0.203125 0.10677083333333333
47 0.7137343749999999 0.06260416666666666 0.57253125 0.12175
47 0.0485078125 0.058666666666666666 0.096328125 0.11733333333333333