54 0.4743300653594771 0.4355555555555556 0.24140522875816994 0.2656862745098039
54 0.242156862745098 0.5257843137254902 0.28699346405228754 0.2713071895424837
54 0.20377450980392156 0.9121895424836601 0.32869281045751636 0.17562091503267974
54 0.23318627450980395 0.3991013071895425 0.2511111111111111 0.13901960784313724
54 0.7297303921568628 0.4842401960784314 0.24325163398692812 0.2117156862745098
54 0.7398692810457516 0.35022875816993465 0.21846405228758167 0.15990196078431373
54 0.24720588235294122 0.29637254901960786 0.2162745098039216 0.07990196078431372
54 0.4696977124183007 0.2779738562091503 0.22181372549019607 0.13934640522875819
54 0.7077124183006536 0.30614379084967325 0.21437908496732025 0.15418300653594771
54 0.6044934640522875 0.8951307189542484 0.32359477124183006 0.18650326797385622
54 0.45412581699346405 0.2079411764705882 0.17681372549019606 0.062254901960784315
54 0.23316176470588235 0.34831699346405226 0.2541013071895425 0.12163398692810456
54 0.2484722222222222 0.2631699346405229 0.2006045751633987 0.10535947712418302