54 0.8357100000000001 0.6008666666666667 0.14026 0.10648
54 0.61586 0.9001066666666667 0.15024 0.09557333333333334
54 0.7821999999999999 0.57052 0.1018 0.060399999999999995
54 0.18738 0.9080133333333333 0.14908000000000002 0.08909333333333333
54 0.7672100000000001 0.5478133333333334 0.12062 0.055946666666666665
54 0.75109 0.5268266666666667 0.10873999999999999 0.04688
54 0.41334 0.5926533333333334 0.15663999999999997 0.0716
54 0.42515000000000003 0.5304266666666667 0.10998000000000001 0.03792
54 0.6152000000000001 0.3905333333333334 0.15048 0.06714666666666666
54 0.21456999999999998 0.8555066666666666 0.13534000000000002 0.08018666666666667
54 0.6088900000000002 0.3783066666666667 0.15514 0.06632
54 0.24064999999999998 0.8182266666666668 0.1269 0.09021333333333333
54 0.398 0.736 0.768 0.5013333333333333