54 0.4567421875 0.4028125000000001 0.256171875 0.33708333333333335
54 0.633203125 0.31352083333333336 0.1323125 0.2708333333333333
54 0.6321484374999999 0.13983333333333334 0.10132812499999999 0.09758333333333334
54 0.463875 0.18683333333333332 0.25709375 0.25466666666666665
54 0.30878125 0.3602604166666667 0.07053125 0.21535416666666668
54 0.09774999999999999 0.52921875 0.192125 0.28989583333333335
54 0.2001171875 0.16214583333333335 0.130484375 0.15320833333333334
54 0.084265625 0.23639583333333333 0.1550625 0.2
54 0.19232031249999998 0.33178124999999997 0.129296875 0.19335416666666666
54 0.068359375 0.33334375 0.13671875 0.2890625
54 0.333484375 0.21737499999999998 0.0335 0.08341666666666667
54 0.6175234374999999 0.08011458333333334 0.096953125 0.08810416666666666
54 0.2454296875 0.24481250000000002 0.09567187499999999 0.12233333333333334
54 0.4875 0.175 0.971875 0.325