46 0.1688671875 0.5624707259953161 0.16604687499999998 0.23248243559718967
49 0.12368749999999999 0.7147775175644028 0.0541875 0.06496487119437938
46 0.4446328125 0.9007259953161592 0.049609375 0.11981264637002341
46 0.473515625 0.8819555035128807 0.05625 0.08920374707259954
47 0.27266406249999997 0.6322014051522248 0.053890625000000004 0.0736768149882904
47 0.14046875 0.6566744730679156 0.0553125 0.08651053864168617
47 0.6672265625 0.6000585480093678 0.095140625 0.12765807962529274
47 0.2541796875 0.6579156908665106 0.054515625 0.059437939110070254
47 0.1922890625 0.6760889929742389 0.017109375 0.03320843091334894
47 0.23713281249999998 0.6159484777517564 0.050234375 0.07185011709601874
47 0.7455390625 0.6033255269320843 0.101515625 0.1308665105386417