50 0.6875546875 0.32346244131455404 0.137828125 0.18354460093896713
50 0.69303125 0.690586854460094 0.1550625 0.17178403755868546
50 0.6938124999999999 0.1788262910798122 0.11903125 0.15530516431924882
51 0.7661718750000001 0.5880516431924883 0.11690624999999999 0.4355868544600939
51 0.89765625 0.7396713615023475 0.1859375 0.36384976525821594
51 0.6084140625000001 0.30934272300469484 0.108328125 0.1795774647887324
51 0.54875 0.20672535211267606 0.10024999999999999 0.1985680751173709
50 0.6081875 0.21690140845070421 0.06871875 0.1168075117370892
51 0.8514375000000001 0.5280281690140844 0.06118749999999999 0.31615023474178405
51 0.75996875 0.3288145539906103 0.095875 0.09833333333333333
51 0.7632109375 0.26723004694835684 0.047234375 0.06938967136150234
51 0.458078125 0.22085680751173709 0.0859375 0.11636150234741784
50 0.8225859374999999 0.7121830985915494 0.018484375 0.07497652582159625
50 0.4981562500000001 0.23190140845070423 0.017875 0.07084507042253521
50 0.6707890625 0.5044483568075117 0.14585937499999999 0.21678403755868544