49 0.46899218750000005 0.33580208333333333 0.086640625 0.08260416666666666
49 0.559015625 0.3362708333333334 0.08565625 0.079375
49 0.32792187500000003 0.22470833333333334 0.021281249999999998 0.024916666666666667
49 0.39479687500000005 0.23345833333333335 0.08462499999999999 0.07012499999999999
49 0.4793593749999999 0.262 0.01959375 0.019666666666666666
49 0.5625625000000001 0.24123958333333334 0.020999999999999998 0.022979166666666665
49 0.6471953125000001 0.24169791666666665 0.08060937500000001 0.08460416666666666
49 0.6505156249999999 0.34523958333333327 0.08675000000000001 0.0906875
49 0.175 0.3116979166666667 0.09096875 0.08214583333333333
49 0.138203125 0.48202083333333334 0.060687500000000005 0.10562500000000001
49 0.42134374999999996 0.46366666666666667 0.22246875 0.07416666666666667
49 0.26912499999999995 0.31758333333333333 0.102375 0.08504166666666667
49 0.19303125 0.46488541666666666 0.044656249999999995 0.06102083333333333
49 0.17890625 0.47708333333333336 0.2765625 0.1125