50 0.37002083333333335 0.47355468749999996 0.05579166666666667 0.044328125
50 0.4162395833333334 0.4775781250000001 0.03277083333333333 0.060281249999999995
51 0.34180208333333334 0.92346875 0.1296875 0.14721875
50 0.5107604166666666 0.48627343750000007 0.0296875 0.032171875
50 0.4462708333333333 0.4858515625 0.03779166666666667 0.030203124999999997
50 0.31347916666666664 0.5070390625 0.0555 0.033984375
50 0.51646875 0.459765625 0.0526875 0.03021875
50 0.4511354166666667 0.44739062500000004 0.0466875 0.02025
50 0.46561458333333333 0.4844453125 0.03314583333333333 0.032921875
51 0.5513750000000001 0.9361875000000002 0.41229166666666667 0.12762500000000002
51 0.29608333333333337 0.7863515624999999 0.19145833333333334 0.047859374999999996
51 0.8564166666666666 0.8926953125000001 0.227375 0.18467187499999999