51 0.8765468750000001 0.1276183844011142 0.1141875 0.2552367688022284
51 0.8599843750000001 0.3513231197771588 0.09396875 0.3202506963788301
51 0.5203593750000001 0.3152367688022284 0.15384375 0.07615598885793871
51 0.464546875 0.6072701949860724 0.1388125 0.10757660167130918
51 0.788875 0.9083147632311979 0.12890625 0.18337047353760444
51 0.6026718750000001 0.07395543175487465 0.07809374999999999 0.14635097493036212
51 0.8975 0.37143454038997215 0.040781250000000005 0.2181894150417827
51 0.7645937500000001 0.05515320334261838 0.1013125 0.08724233983286908
51 0.7000859375 0.7493454038997214 0.152984375 0.10130919220055709
51 0.3959765625 0.8403203342618385 0.035015625 0.1726740947075209
51 0.683546875 0.15480501392757662 0.03940625 0.21763231197771588
51 0.1389453125 0.4090807799442897 0.043109375 0.07309192200557102
51 0.49779687499999997 0.324025069637883 0.08637500000000001 0.1756824512534819
51 0.5171875 0.4986072423398329 0.940625 0.9972144846796658