46 0.36504901960784314 0.46635620915032683 0.21019607843137253 0.12983660130718952
46 0.5483333333333335 0.503578431372549 0.1003921568627451 0.10320261437908496
46 0.3679166666666667 0.5901633986928104 0.2564869281045752 0.07366013071895425
46 0.7711274509803921 0.9380392156862744 0.3570261437908497 0.12392156862745099
46 0.771437908496732 0.746968954248366 0.19238562091503267 0.12011437908496733
46 0.836437908496732 0.5381535947712419 0.0634967320261438 0.10477124183006536
46 0.8488071895424837 0.4782598039215687 0.14130718954248367 0.07200980392156862
46 0.6758088235294119 0.4943464052287581 0.13468954248366014 0.05620915032679738
46 0.4756944444444444 0.8486764705882353 0.2513562091503268 0.21000000000000002
46 0.9197058823529412 0.6908823529411765 0.16058823529411764 0.119281045751634
46 0.6410866013071896 0.44225490196078426 0.127140522875817 0.08454248366013072
46 0.6655228758169934 0.5639297385620915 0.12415032679738562 0.1002124183006536
46 0.765531045751634 0.5367647058823529 0.11547385620915034 0.13732026143790851
46 0.619281045751634 0.3700980392156863 0.7581699346405228 0.5049019607843137