49 0.8064499999999999 0.30873 0.04258 0.03746
49 0.83618 0.32602 0.04264 0.04088
49 0.79226 0.33751 0.037520000000000005 0.037020000000000004
49 0.7768800000000001 0.32548 0.02388 0.028640000000000002
49 0.8241 0.35963999999999996 0.03768 0.040799999999999996
49 0.87949 0.32373999999999997 0.06898 0.05068
49 0.9043100000000001 0.37018 0.03118 0.037079999999999995
49 0.8660599999999999 0.37077000000000004 0.05012 0.038579999999999996
47 0.88318 0.31733 0.13708 0.06186
47 0.9339299999999999 0.36234 0.031059999999999997 0.02392
54 0.14627 0.47961000000000004 0.05146 0.04178
54 0.15017 0.45321 0.05142 0.019899999999999998
54 0.10715999999999999 0.46009999999999995 0.03432 0.0358
54 0.11475 0.44360000000000005 0.04026 0.030199999999999998
54 0.17468 0.39007000000000003 0.03704 0.03582
54 0.13609000000000002 0.39336 0.04326 0.045520000000000005
54 0.17771 0.69869 0.06298 0.04874
54 0.13292 0.34240000000000004 0.037759999999999995 0.02136
54 0.09558 0.37553 0.038 0.0405
54 0.12802000000000002 0.36534999999999995 0.037520000000000005 0.024059999999999998
54 0.17020000000000002 0.34795 0.036359999999999996 0.02178
54 0.03615 0.48408 0.06178 0.03524
54 0.06103999999999999 0.36883 0.03376 0.03638
54 0.107 0.364 0.214 0.08