46 0.705421875 0.18758823529411767 0.031718750000000004 0.07945882352941178
46 0.7137578125 0.44794117647058823 0.052859375 0.08703529411764706
46 0.7156796875 0.3183529411764706 0.046796875 0.08432941176470589
46 0.7463984375 0.7515529411764706 0.029890624999999997 0.031482352941176475
46 0.7100546875 0.8113764705882354 0.060609375 0.08195294117647059
46 0.704125 0.4454941176470588 0.0571875 0.09908235294117647
46 0.706125 0.9127294117647059 0.05390625 0.08668235294117647
46 0.7248359375 0.544364705882353 0.060390624999999996 0.08463529411764706
46 0.7095312500000001 0.6726588235294118 0.057625 0.08945882352941177
46 0.6906953124999999 0.18551764705882354 0.027234374999999998 0.0716
46 0.7425625 0.45288235294117646 0.028499999999999998 0.025905882352941174
46 0.7209296875 0.7876588235294117 0.020703125 0.03409411764705882