54 0.43827343750000003 0.8366197183098593 0.07764062499999999 0.08352112676056338
54 0.376 0.8835798122065729 0.0859375 0.105
54 0.29625 0.9472183098591549 0.104625 0.10556338028169014
54 0.3700234375 0.7902464788732394 0.072140625 0.08758215962441315
54 0.5130703125 0.7123826291079812 0.073453125 0.06504694835680751
54 0.3891953125 0.9563732394366197 0.096390625 0.08725352112676056
54 0.6912109375 0.4315845070422535 0.036859375 0.05354460093896713
54 0.43272656249999997 0.7689319248826291 0.069484375 0.07711267605633804
54 0.66759375 0.46286384976525824 0.039875 0.049389671361502345
54 0.6865546875 0.45646713615023476 0.028421875000000003 0.04518779342723005
54 0.506453125 0.769131455399061 0.07843750000000001 0.07906103286384976
54 0.51953125 0.67018779342723 0.5078125 0.5375586854460094