46 0.7033169934640523 0.44945261437908496 0.09663398692810457 0.15668300653594772
46 0.8405228758169935 0.4710702614379084 0.1311437908496732 0.1213235294117647
46 0.8316584967320261 0.341062091503268 0.1932843137254902 0.12947712418300653
46 0.7959640522875817 0.24625816993464053 0.14480392156862745 0.09983660130718955
46 0.5064787581699346 0.3417892156862745 0.14462418300653596 0.10413398692810456
46 0.5306862745098039 0.44822712418300653 0.11199346405228759 0.12325163398692812
46 0.38679738562091504 0.5281781045751635 0.0946078431372549 0.12648692810457515
46 0.2777124183006536 0.4947467320261437 0.09908496732026144 0.05416666666666666
46 0.9397467320261438 0.5807761437908496 0.10482026143790851 0.13566993464052288
46 0.65625 0.36327614379084966 0.11459150326797385 0.10416666666666667
46 0.9095016339869281 0.23130718954248367 0.1248202614379085 0.07457516339869281
46 0.9129248366013073 0.4349264705882353 0.15754901960784315 0.1298529411764706
46 0.9425898692810457 0.3141503267973856 0.07285947712418302 0.07058823529411765
46 0.6086601307189542 0.3619281045751634 0.7794117647058824 0.37745098039215685