49 0.5838671875 0.7621428571428571 0.092015625 0.09585480093676815
49 0.6686484375 0.6878337236533958 0.080921875 0.0811943793911007
49 0.5269765625 0.7251522248243559 0.065515625 0.07625292740046839
49 0.6278203125 0.9201170960187355 0.08932812500000001 0.11639344262295083
49 0.5911328124999999 0.8591217798594848 0.088078125 0.11908665105386418
49 0.7418750000000001 0.8796838407494145 0.09503125 0.13355971896955504
49 0.80040625 0.7683489461358314 0.06949999999999999 0.1094847775175644
49 0.6698046875 0.869847775175644 0.064578125 0.10442622950819673
49 0.6650546875 0.7275644028103043 0.036984375 0.034660421545667446
49 0.59609375 0.6766744730679157 0.10493749999999999 0.09044496487119437
49 0.6916796875 0.6389578454332554 0.047234375 0.03679156908665106
49 0.749078125 0.6439344262295081 0.07609375 0.06946135831381733
49 0.511328125 0.9082903981264636 0.08153125 0.12220140515222483
49 0.57734375 0.8126463700234192 0.6546875 0.3700234192037471