55 0.6237109375000001 0.44381733021077285 0.146921875 0.19550351288056206
55 0.6334921875 0.22476580796252926 0.12067187500000001 0.1808665105386417
55 0.60271875 0.6584309133489461 0.1619375 0.20224824355971896
55 0.2278828125 0.5415573770491804 0.064109375 0.049344262295081966
55 0.27380468750000003 0.372728337236534 0.062390625 0.049344262295081966
55 0.8398125000000001 0.7308548009367681 0.143125 0.17276346604215456
55 0.603546875 0.6608196721311476 0.1606875 0.19831381733021078
55 0.882984375 0.6334309133489461 0.04203125 0.061522248243559716
55 0.8265390625 0.6245667447306792 0.038140625 0.04838407494145199
55 0.3187734375 0.8915105386416862 0.06917187500000001 0.10292740046838408
55 0.271390625 0.931569086651054 0.05425 0.09920374707259953
55 0.30240625000000004 0.772728337236534 0.0571875 0.11168618266978922
55 0.2178828125 0.41653395784543323 0.065703125 0.0872599531615925