55 0.5174140625 0.57190625 0.508984375 0.32585416666666667
55 0.5502812499999999 0.7955 0.4061875 0.16179166666666667
55 0.8267187500000001 0.6773645833333333 0.3465625 0.33231249999999996
55 0.8780234374999999 0.4922604166666667 0.242765625 0.15747916666666667
55 0.17528125 0.5715416666666666 0.18540625 0.16854166666666667
55 0.18074218749999998 0.7545104166666666 0.358109375 0.22972916666666665
54 0.4549921875 0.31713541666666667 0.098265625 0.07227083333333333
54 0.4485546875 0.27803125 0.11967187500000001 0.07814583333333333
54 0.24831250000000002 0.30074999999999996 0.14325000000000002 0.07491666666666667
54 0.29234375 0.32677083333333334 0.1456875 0.09358333333333334
54 0.3696484375 0.3568854166666667 0.154984375 0.04139583333333333
54 0.5314140624999999 0.30873958333333335 0.061390625 0.07389583333333333
54 0.6039375 0.3201041666666667 0.102125 0.04775
54 0.6340078125 0.3111666666666667 0.097390625 0.08175
54 0.357609375 0.29750000000000004 0.07828125 0.08195833333333334
54 0.3378671875 0.2518854166666667 0.076296875 0.03814583333333333
54 0.5618125 0.3505520833333334 0.23678125 0.05464583333333333
54 0.1910625 0.3518020833333333 0.06571875 0.04497916666666667