46 0.6359228971962617 0.779109375 0.033621495327102804 0.034999999999999996
46 0.6602336448598131 0.7851484375 0.04154205607476636 0.028390625000000003
46 0.6284228971962617 0.8507890625 0.11969626168224298 0.048578125
46 0.7257126168224298 0.747859375 0.08978971962616822 0.043125000000000004
46 0.7580607476635514 0.8214453125000001 0.03677570093457944 0.037765625000000004
46 0.7097780373831775 0.8266718750000001 0.06343457943925233 0.026968750000000003
46 0.539088785046729 0.7381171875000001 0.08672897196261682 0.034484375
46 0.6493107476635513 0.7199609375 0.03768691588785047 0.023921875000000002
46 0.5056658878504673 0.769921875 0.11455607476635514 0.0475
46 0.7906308411214953 0.8321171875 0.0714018691588785 0.034390625
46 0.751857476635514 0.7017187500000001 0.04908878504672898 0.03746875
46 0.5591004672897196 0.8256328125 0.0794626168224299 0.057421875
46 0.38485981308411216 0.7558984375000001 0.059018691588785054 0.024546875000000003
46 0.5735981308411215 0.81484375 0.7827102803738317 0.2859375