46 0.493859375 0.13976041666666666 0.3625 0.2431458333333333
55 0.5165 0.28538541666666667 0.43921875000000005 0.43885416666666666
46 0.825 0.38571875 0.19284375 0.2415625
46 0.6993515625000001 0.7013020833333333 0.261046875 0.2908958333333333
46 0.46461718750000003 0.7948125 0.21623437499999998 0.25454166666666667
46 0.544546875 0.603875 0.673625 0.27087500000000003
54 0.411296875 0.5614479166666667 0.19153125 0.1610625
54 0.2743671875 0.6162500000000001 0.164015625 0.21379166666666669
54 0.5724140624999999 0.145125 0.205109375 0.23879166666666668
54 0.4362031249999999 0.1506875 0.13018749999999998 0.23575
54 0.782015625 0.5655 0.19134374999999998 0.20858333333333334