49 0.0998125 0.6910312500000001 0.01946875 0.023854166666666666
49 0.17446875 0.6932708333333333 0.021718750000000002 0.027875
49 0.5977343749999999 0.66534375 0.01940625 0.025062499999999998
49 0.2260234375 0.706875 0.014984375 0.013791666666666667
49 0.2154140625 0.6785208333333334 0.14029687500000002 0.08650000000000001
49 0.09109375 0.7077083333333333 0.017937500000000002 0.016749999999999998
49 0.11034374999999999 0.65296875 0.017687500000000002 0.020354166666666666
49 0.060921875 0.6697708333333333 0.0241875 0.030125000000000002
49 0.1395625 0.68959375 0.017656250000000002 0.025062499999999998
49 0.0313984375 0.6941145833333333 0.019359375 0.028395833333333335
49 0.082140625 0.6741770833333333 0.16428125 0.08364583333333334
47 0.6425859375 0.6578229166666667 0.242671875 0.10160416666666668
47 0.406375 0.6646041666666667 0.22971875000000003 0.08833333333333333
47 0.9242265625 0.6595416666666666 0.151546875 0.12370833333333334
49 0.600203125 0.6602708333333334 0.15384375 0.09770833333333333
49 0.12309375 0.54590625 0.076375 0.09877083333333332