50 0.5798645833333332 0.5141640625 0.18435416666666665 0.143390625
50 0.5704999999999999 0.5640078125000001 0.36595833333333333 0.241703125
50 0.63125 0.368640625 0.188125 0.10162500000000001
50 0.8446770833333334 0.2920390625 0.07793749999999999 0.111296875
50 0.77096875 0.34231249999999996 0.16447916666666668 0.12925
50 0.7175625 0.2253984375 0.036708333333333336 0.036703124999999996
52 0.5205 0.8081406250000001 0.3637916666666667 0.11868749999999999
52 0.4823958333333333 0.7741562500000001 0.3295833333333333 0.10112499999999999
52 0.4675 0.7255078125 0.332 0.118359375
52 0.6443125 0.170984375 0.33520833333333333 0.06637499999999999
52 0.6564791666666667 0.212859375 0.32204166666666667 0.05525
50 0.5789270833333333 0.47664062500000004 0.08122916666666667 0.07934375
50 0.7845312500000001 0.2680859375 0.08322916666666667 0.073765625