50 0.7447109375000001 0.4661943793911007 0.317921875 0.6737002341920375
51 0.3516484375 0.7388173302107729 0.12245312500000001 0.21646370023419206
51 0.1564296875 0.46426229508196726 0.14485937499999998 0.24660421545667446
51 0.3076875 0.8788173302107728 0.15384375 0.19529274004683841
51 0.08249218750000001 0.6535245901639345 0.11351562500000001 0.20995316159250588
51 0.0577265625 0.8528103044496487 0.115453125 0.262903981264637
51 0.20690624999999999 0.6151639344262295 0.272875 0.3707962529274005
51 0.047875 0.5480913348946136 0.09275 0.1995550351288056
51 0.148171875 0.8909016393442624 0.164625 0.20259953161592506
51 0.01628125 0.6649414519906324 0.0325625 0.13433255269320843
51 0.191578125 0.7501405152224825 0.1305 0.20079625292740044