46 0.467421875 0.19983490566037737 0.04084375 0.06669811320754718
46 0.40934375 0.2069693396226415 0.03215625 0.0728066037735849
46 0.35265625 0.21875 0.02415625 0.037924528301886785
46 0.3245234375 0.2039858490566038 0.021078125 0.04264150943396226
46 0.308296875 0.21038915094339625 0.0418125 0.0457311320754717
46 0.2893046875 0.20080188679245284 0.024515625 0.04023584905660377
46 0.5305703125 0.21913915094339625 0.035578125 0.07568396226415094
46 0.23509374999999996 0.2100943396226415 0.02865625 0.05688679245283019
46 0.2139140625 0.2082193396226415 0.027078124999999998 0.05153301886792453
46 0.1757109375 0.2052122641509434 0.053515625 0.06169811320754717
46 0.602171875 0.2335141509433962 0.0743125 0.08264150943396226
46 0.5061484375 0.2608254716981132 0.032578125 0.06759433962264151
46 0.3812265625 0.22003537735849057 0.034296875 0.06058962264150944
46 0.38828125 0.3903301886792453 0.4359375 0.08726415094339622