46 0.46841406249999995 0.4747751322751323 0.173109375 0.24441798941798942
46 0.6424375 0.3734391534391534 0.0873125 0.2106878306878307
46 0.688515625 0.35427248677248674 0.077625 0.2133068783068783
46 0.3039609375 0.3693650793650794 0.190234375 0.31306878306878305
46 0.252078125 0.29617724867724865 0.21949999999999997 0.28378306878306875
46 0.1836875 0.21011904761904762 0.16071875 0.27679894179894177
46 0.8811249999999999 0.3742724867724868 0.10171875 0.21261904761904762
46 0.1210546875 0.10191798941798941 0.223484375 0.20383597883597881
46 0.4220078125000001 0.46460317460317463 0.09992187500000001 0.19645502645502647
46 0.6902421875 0.39761904761904765 0.090015625 0.2550793650793651
46 0.6375078125 0.3303042328042328 0.104203125 0.19272486772486772
46 0.576171875 0.44078042328042333 0.14184375 0.31727513227513227
46 0.37515624999999997 0.4686375661375662 0.10490625 0.24156084656084656
46 0.6171875 0.3306878306878307 0.7625 0.5238095238095238