46 0.42640625000000004 0.17522916666666666 0.0214375 0.07570833333333334
46 0.3255078125 0.12680208333333334 0.057171875000000004 0.0704375
46 0.2863984375 0.1345625 0.026078125 0.07016666666666667
46 0.4402734375 0.11913541666666667 0.065828125 0.0948125
46 0.48653124999999997 0.16309374999999998 0.058687500000000004 0.06747916666666667
46 0.45160156249999994 0.177 0.010578124999999999 0.028208333333333332
46 0.41371875 0.18239583333333337 0.01534375 0.07541666666666667
46 0.3004921875 0.2069791666666667 0.037296875 0.07087500000000001
46 0.35809375 0.16570833333333335 0.0215 0.058124999999999996
49 0.5725390625 0.33881250000000007 0.020140625000000002 0.022333333333333334
49 0.4512890625 0.28152083333333333 0.016421875 0.019458333333333334
49 0.46975781250000004 0.29653124999999997 0.016328125 0.0220625
49 0.5191640625 0.32665625000000004 0.100828125 0.0613125
49 0.48355468749999997 0.2894583333333333 0.012578125 0.017583333333333333
49 0.4373359375 0.29742708333333334 0.015421874999999998 0.021729166666666667
49 0.46654687499999997 0.28196875 0.01503125 0.014104166666666666
46 0.39651562500000004 0.10946875 0.038093749999999996 0.1000625
47 0.39803124999999995 0.39596875 0.014374999999999999 0.026395833333333334
47 0.3426015625 0.34275 0.016765625 0.020458333333333335
47 0.5589609375 0.4125520833333333 0.018921874999999998 0.026520833333333334
47 0.37324999999999997 0.3433541666666667 0.06328125 0.05191666666666667
47 0.5714453125 0.39422916666666663 0.018046875 0.03154166666666667
47 0.44495312500000006 0.43255208333333334 0.02296875 0.028854166666666667
47 0.5468671875 0.4029479166666667 0.018421874999999997 0.02664583333333333
49 0.573578125 0.2905 0.06493750000000001 0.04583333333333333
49 0.4386953125 0.28046875 0.013890625 0.016520833333333332
47 0.552140625 0.4412083333333333 0.016968749999999998 0.02375
47 0.3349296875 0.39471874999999995 0.08835937499999999 0.0628125
47 0.7405781250000001 0.6030625 0.0470625 0.07275000000000001
47 0.27239843750000003 0.4767916666666666 0.016328125 0.014333333333333333
49 0.45384375000000005 0.3047083333333333 0.036625000000000005 0.035458333333333335
49 0.7003359375 0.4614479166666666 0.023296875 0.0283125
49 0.565578125 0.31322916666666667 0.02084375 0.024791666666666667
46 0.2850703125 0.19890625 0.032015625 0.0645625
46 0.5316796874999999 0.20279166666666668 0.013515625 0.04708333333333334