54 0.2005078125 0.4049583333333333 0.073484375 0.043916666666666666
54 0.2695546875 0.37634375 0.067984375 0.0660625
54 0.1937578125 0.39548958333333334 0.07760937500000001 0.058854166666666666
54 0.11868749999999999 0.4025625 0.07775 0.07433333333333333
54 0.328671875 0.36971874999999993 0.06315625 0.06372916666666667
54 0.5776796875 0.5980416666666667 0.041609375 0.10470833333333333
54 0.566171875 0.51015625 0.03746875 0.05739583333333333
54 0.31917968750000003 0.3458854166666666 0.051296875 0.0439375
54 0.5090156250000001 0.6047083333333333 0.039218750000000004 0.09604166666666666
54 0.54796875 0.6023958333333332 0.053531249999999996 0.10504166666666667
54 0.6081328125000001 0.5988125 0.036234375 0.10045833333333333
54 0.6775625 0.5987395833333333 0.03540625 0.1015625
54 0.1862578125 0.3616354166666667 0.065109375 0.041937499999999996
54 0.47265625 0.49270833333333336 0.5140625 0.35208333333333336