51 0.5401484375 0.45275000000000004 0.031859375 0.17170833333333332
47 0.46185156250000003 0.5653020833333333 0.698921875 0.34331249999999996
51 0.5157499999999999 0.4535208333333333 0.047531250000000004 0.1925
51 0.5801171875 0.7186041666666666 0.074609375 0.025125
51 0.44885156249999997 0.3706041666666667 0.058359375000000005 0.15320833333333334
51 0.525375 0.4561041666666667 0.04146875 0.12641666666666668
51 0.49780468749999995 0.5057291666666667 0.016265625 0.06245833333333333
51 0.501578125 0.39396875000000003 0.24312499999999998 0.46022916666666663
47 0.1896953125 0.34879166666666667 0.06589062500000001 0.109125
47 0.4554921875 0.29406249999999995 0.683546875 0.41766666666666663
47 0.5225390624999999 0.5988020833333334 0.120390625 0.0655625