46 0.267578125 0.24889978213507624 0.01878125 0.06721132897603486
46 0.380921875 0.7437581699346405 0.131125 0.09352941176470587
46 0.5413281249999999 0.6529738562091503 0.01453125 0.016100217864923747
46 0.5972109375 0.6326688453159041 0.066671875 0.05649237472766885
46 0.3256875 0.1983115468409586 0.06293750000000001 0.07718954248366013
46 0.21295312500000002 0.1767211328976035 0.137 0.1116557734204793
46 0.758765625 0.7638779956427015 0.10215624999999999 0.09673202614379085
46 0.68546875 0.8113834422657953 0.0796875 0.06067538126361656
46 0.7913984375 0.833322440087146 0.082203125 0.06002178649237473
46 0.8392109375000001 0.8393028322440087 0.039265625 0.028104575163398694
46 0.8659062500000001 0.8203594771241829 0.017 0.03278867102396514
46 0.9309140625 0.7957625272331155 0.12592187500000002 0.08830065359477124
46 0.280296875 0.7709694989106753 0.10178125 0.1214161220043573
46 0.490625 0.4760348583877996 0.859375 0.934640522875817