50 0.5685078125 0.6353958333333334 0.066515625 0.05720833333333333
50 0.5484140625 0.8194895833333333 0.11092187499999999 0.1549375
50 0.589671875 0.6734375 0.06875 0.06245833333333333
50 0.7307421875 0.7991041666666666 0.088671875 0.11620833333333333
50 0.763375 0.6679895833333334 0.062 0.0558125
50 0.6509453125 0.6485833333333333 0.077828125 0.08962500000000001
50 0.497640625 0.7105833333333333 0.18353124999999998 0.16
50 0.7645625 0.7215312500000001 0.053125 0.058520833333333334
50 0.67178125 0.7406041666666667 0.1625625 0.11445833333333333
50 0.62021875 0.8848333333333334 0.10112499999999999 0.1415833333333333
50 0.8747812500000001 0.7917500000000001 0.09603125 0.10545833333333333
50 0.8176640625000001 0.8523333333333334 0.152734375 0.21333333333333335