49 0.3384609375 0.3094895833333334 0.008765625 0.012770833333333334
49 0.330328125 0.30858333333333327 0.008375 0.011375
49 0.3401875 0.34454166666666663 0.061968749999999996 0.08687500000000001
49 0.376359375 0.3352083333333333 0.04396875 0.073375
49 0.6796093750000001 0.3922708333333333 0.0704375 0.065
50 0.593765625 0.55965625 0.17128125 0.1223125
46 0.9032890625000001 0.59625 0.097765625 0.07033333333333333
46 0.964234375 0.56753125 0.047625 0.08414583333333334
46 0.9771015625 0.5060833333333333 0.016296875 0.06045833333333333
46 0.9055703124999999 0.5018854166666666 0.074640625 0.08422916666666666
46 0.9142812499999999 0.54621875 0.06659375 0.07222916666666666
46 0.869953125 0.490375 0.04340625 0.07591666666666666
46 0.8553593750000001 0.5425520833333334 0.02053125 0.0710625
46 0.8744531250000002 0.58484375 0.06471875 0.06731250000000001
46 0.9545 0.5431875 0.01840625 0.0495
46 0.9564453125 0.5000208333333334 0.040046874999999996 0.06791666666666667
46 0.9528984375 0.6145625 0.092015625 0.06787499999999999
47 0.41351562499999994 0.39525 0.03621875 0.019958333333333335
47 0.3319296875 0.42686458333333327 0.190171875 0.0944375
49 0.5058125 0.6519999999999999 0.059343749999999994 0.06699999999999999
47 0.4595234375 0.39616666666666667 0.048203125 0.03720833333333333
47 0.2439453125 0.3502916666666666 0.031140624999999998 0.083375
47 0.4760859375 0.3574479166666667 0.016234375000000002 0.014270833333333333
47 0.4179921875 0.4141666666666667 0.006078125 0.007166666666666667
49 0.39153906250000003 0.317875 0.008984375 0.011958333333333333
49 0.44299999999999995 0.3475 0.03121875 0.049374999999999995