50 0.67128125 0.3576196172248804 0.19090625 0.4092105263157895
50 0.3956484375 0.6313157894736842 0.155390625 0.17129186602870813
50 0.8649140625000001 0.6963516746411484 0.214828125 0.33519138755980865
50 0.8776796874999999 0.38764354066985646 0.205484375 0.18203349282296652
50 0.9255546875 0.09771531100478469 0.14845312500000002 0.17322966507177032
50 0.055984374999999996 0.5251794258373206 0.10518749999999999 0.15844497607655503
50 0.32401562500000003 0.15843301435406698 0.13571875 0.15064593301435406
50 0.20978906249999998 0.331232057416268 0.12198437499999999 0.18184210526315792
50 0.29431250000000003 0.10119617224880383 0.36640625 0.20239234449760765
50 0.56615625 0.889688995215311 0.22509375 0.1514354066985646
50 0.210296875 0.9360526315789475 0.1028125 0.12669856459330145