50 0.4550546875 0.153375 0.161796875 0.16179166666666667
48 0.746109375 0.48346875 0.43912500000000004 0.4481875
51 0.621421875 0.5431666666666667 0.0744375 0.16054166666666667
51 0.8131015625 0.3355416666666667 0.051140624999999995 0.14220833333333335
51 0.9171093750000001 0.5382083333333333 0.07178124999999999 0.026000000000000002
51 0.9240468749999999 0.6034583333333334 0.0325 0.09375
51 0.9102734374999999 0.7016562499999999 0.179453125 0.14227083333333335
51 0.6149843749999999 0.7825520833333334 0.1795625 0.2220208333333333
51 0.6906640625 0.8368333333333333 0.092140625 0.16795833333333335
51 0.760609375 0.8785104166666666 0.13828125 0.1526875
51 0.4298515625 0.78025 0.106265625 0.11775000000000001
51 0.67415625 0.3565729166666667 0.05621875 0.04914583333333333
51 0.8370703125000001 0.50196875 0.069109375 0.09706250000000001
51 0.8999765625 0.8424375000000001 0.068984375 0.067375
51 0.508296875 0.8581666666666667 0.05337499999999999 0.0935
48 0.678703125 0.7925833333333333 0.620375 0.390125
51 0.7453125 0.6625 0.43125 0.5666666666666667