51 0.58096875 0.29581250000000003 0.4229375 0.132
51 0.756578125 0.13813541666666668 0.13090625 0.0746875
51 0.8152578125 0.49740625 0.11104687499999999 0.1116875
51 0.47742968750000003 0.20810416666666665 0.054921874999999995 0.1517083333333333
51 0.878765625 0.16461458333333334 0.11834375 0.06356250000000001
51 0.45679687499999994 0.12433333333333334 0.09946875 0.08499999999999999
51 0.5436171875 0.08163541666666667 0.093015625 0.04864583333333334
51 0.8043984375000001 0.21377083333333333 0.195734375 0.05545833333333334
51 0.6397265625 0.030770833333333334 0.10510937499999999 0.06154166666666667
51 0.7295625 0.4863645833333333 0.275125 0.15593749999999998
51 0.62753125 0.4394895833333333 0.19490625 0.07285416666666666
53 0.5016171875000001 0.4065 0.648703125 0.7298749999999999