49 0.60943 0.3806266666666666 0.09062 0.14872000000000002
49 0.48316999999999993 0.3682266666666666 0.18281999999999998 0.09058666666666666
49 0.41062 0.48519999999999996 0.14896 0.19573333333333334
49 0.5189400000000001 0.6294000000000001 0.1238 0.16733333333333333
49 0.54447 0.5605066666666667 0.1515 0.21061333333333335
49 0.63059 0.60552 0.16346 0.11216000000000001
49 0.61822 0.4574533333333333 0.13163999999999998 0.07021333333333332
49 0.6150300000000001 0.49594666666666665 0.12265999999999999 0.07632
49 0.42752999999999997 0.61076 0.09118000000000001 0.18146666666666667
46 0.71674 0.48704 0.16556 0.43994666666666665
46 0.63226 0.7576 0.14316 0.20608
46 0.52526 0.8073466666666667 0.07904000000000001 0.08701333333333335
46 0.44822999999999996 0.7566666666666667 0.07142 0.0944
46 0.36801999999999996 0.7264533333333334 0.10156 0.10192
46 0.29652 0.5292800000000001 0.15175999999999998 0.36864
46 0.52239 0.43464 0.10086 0.1128
46 0.56099 0.25721333333333335 0.15697999999999998 0.12797333333333333
46 0.40869 0.26981333333333335 0.13913999999999999 0.15114666666666668