46 0.5263203125 0.6590749414519906 0.026609375 0.0693911007025761
46 0.41362499999999996 0.6257377049180328 0.13396875 0.22065573770491803
46 0.420203125 0.33591334894613584 0.03403125 0.04915690866510538
46 0.16478125000000002 0.4638290398126464 0.079875 0.08822014051522249
46 0.4252890625 0.4682435597189695 0.014484374999999999 0.057470725995316156
46 0.31957031249999995 0.3923419203747073 0.082359375 0.0876814988290398
46 0.6800078125 0.7136416861826697 0.085359375 0.10138173302107728
46 0.473796875 0.3251990632318501 0.07534375 0.0935831381733021
46 0.494671875 0.4630093676814988 0.050249999999999996 0.07604215456674472
46 0.7708359375 0.5569906323185012 0.012640624999999999 0.06494145199063232
46 0.23407031250000002 0.5459367681498829 0.016421875 0.059742388758782204
46 0.471765625 0.5661592505854801 0.074 0.11320843091334895
46 0.391515625 0.42898126463700237 0.05234375 0.06915690866510539
46 0.478125 0.5398126463700235 0.73125 0.5081967213114754