46 0.794171875 0.6482552693208431 0.1213125 0.10236533957845434
47 0.4461640625 0.8161826697892272 0.05404687500000001 0.07742388758782202
47 0.50715625 0.7550936768149883 0.3949375 0.23337236533957847
49 0.21292968750000002 0.8119906323185012 0.047609374999999995 0.06899297423887588
49 0.20651562499999998 0.7568266978922717 0.0499375 0.06002341920374707
49 0.28371874999999996 0.6724941451990631 0.045625 0.06714285714285714
49 0.3168046875 0.706896955503513 0.038671875 0.056791569086651054
49 0.28221875 0.7313466042154567 0.045625 0.06259953161592506
49 0.1415078125 0.772447306791569 0.045703125 0.06597189695550351
49 0.11825000000000001 0.8182084309133489 0.04725 0.06592505854800937
49 0.16539062499999999 0.7574238875878221 0.034375 0.05236533957845433
49 0.16559374999999998 0.8183255269320842 0.0491875 0.07538641686182669
49 0.2491171875 0.8449180327868852 0.038328125000000005 0.03747072599531616
49 0.236 0.7328337236533958 0.049125 0.07779859484777517
49 0.13125 0.7155035128805621 0.01925 0.03770491803278689
49 0.198234375 0.7162997658079625 0.0438125 0.06412177985948478
49 0.24140625 0.7681498829039812 0.3640625 0.22950819672131148