49 0.64032 0.7058520900321543 0.022719999999999997 0.03163987138263666
49 0.85057 0.6374919614147909 0.02194 0.0290032154340836
46 0.15096 0.9415755627009645 0.17052 0.09440514469453376
46 0.26986 0.9281350482315112 0.06276 0.11659163987138263
46 0.10396 0.8209163987138264 0.051 0.13051446945337622
46 0.14257 0.8490836012861737 0.0747 0.061639871382636664
46 0.18204 0.8367524115755628 0.14136 0.19106109324758844
46 0.03934 0.7443247588424436 0.07868 0.05655948553054662
46 0.10244999999999999 0.7918006430868167 0.07314 0.046816720257234726
46 0.09355000000000001 0.7643729903536978 0.055740000000000005 0.02752411575562701
46 0.10674 0.9142765273311896 0.04504 0.0684887459807074
49 0.66253 0.7216398713826366 0.0217 0.01807073954983923