51 0.7040799999999999 0.57504 0.09108 0.055119999999999995
51 0.71412 0.18824 0.11059999999999999 0.10352
51 0.87245 0.23011 0.05062 0.1535
51 0.7047100000000001 0.061959999999999994 0.18118 0.054119999999999994
51 0.29414999999999997 0.75952 0.039380000000000005 0.04512
51 0.26544 0.25634 0.11444 0.09212000000000001
51 0.7574399999999999 0.17889 0.037759999999999995 0.08466
51 0.75701 0.5169199999999999 0.0341 0.07904000000000001
51 0.18233 0.22888999999999998 0.07266 0.06522
51 0.26877 0.8278099999999999 0.05194 0.04982
51 0.25779 0.17384 0.04665999999999999 0.08168
51 0.70923 0.4821 0.09398000000000001 0.14992
51 0.368 0.716 0.588 0.456