54 0.522765625 0.5444859813084112 0.0395 0.03350467289719626
54 0.5531796875 0.5269275700934579 0.037296875 0.03119158878504673
54 0.581828125 0.5772663551401869 0.0299375 0.04032710280373832
54 0.5597890624999999 0.5543691588785047 0.041609375 0.03210280373831776
54 0.42492187500000006 0.5822429906542056 0.04034375 0.046168224299065426
54 0.5074765625000001 0.6479439252336449 0.040609374999999996 0.03878504672897196
54 0.47790625000000003 0.6307126168224299 0.0476875 0.05460280373831776
54 0.4590703125 0.5928971962616822 0.046328125 0.03266355140186916
54 0.40103125000000006 0.604661214953271 0.0404375 0.03927570093457944
54 0.43709375 0.6173247663551401 0.04390625 0.0333411214953271
54 0.45021875000000006 0.6540654205607477 0.05325 0.04481308411214953
54 0.40540624999999997 0.6366822429906542 0.047531250000000004 0.039672897196261686
54 0.4993671875 0.6083878504672897 0.032484374999999996 0.04079439252336449
54 0.4828125 0.5969626168224299 0.271875 0.18925233644859812