54 0.7801 0.49718666666666667 0.09464 0.04989333333333334
54 0.6967899999999999 0.52028 0.08954000000000001 0.06306666666666666
54 0.16419999999999998 0.47216 0.07271999999999999 0.049653333333333334
54 0.5742299999999999 0.49348000000000003 0.0851 0.05869333333333334
54 0.7753399999999999 0.5484266666666666 0.10136 0.06533333333333333
54 0.67751 0.4333866666666667 0.07862000000000001 0.05376
54 0.5671 0.4646933333333333 0.07668000000000001 0.05354666666666666
54 0.48783 0.5069866666666666 0.0685 0.05824
54 0.52739 0.5319733333333334 0.09881999999999999 0.04325333333333333
54 0.80325 0.44566666666666666 0.07637999999999999 0.04573333333333333
54 0.92457 0.5466933333333334 0.09673999999999999 0.07413333333333333
54 0.9659099999999999 0.47341333333333324 0.06754 0.05674666666666667
54 0.9881800000000001 0.4952266666666667 0.02364 0.04058666666666667
54 0.499 0.556 0.998 0.376