50 0.49453125 0.6541176470588236 0.1640625 0.22588235294117648
50 0.561890625 0.5425058823529412 0.13603125 0.14134117647058825
50 0.3027421875 0.4555529411764706 0.16929687499999999 0.2487529411764706
50 0.6328828125 0.33943529411764706 0.180828125 0.15256470588235294
50 0.5183125 0.11525882352941176 0.129375 0.20656470588235296
50 0.72734375 0.46941176470588236 0.1046875 0.23294117647058823
51 0.4126484375 0.5037882352941176 0.18076562499999999 0.08701176470588234
51 0.6134921875 0.4657058823529412 0.18948437499999998 0.1540470588235294
51 0.42746874999999995 0.13476470588235293 0.11703125 0.1160235294117647
50 0.23898437499999997 0.3497411764705882 0.09025 0.12512941176470588
51 0.5794296875 0.2488470588235294 0.08204687499999999 0.11524705882352941
51 0.702640625 0.6285764705882353 0.02778125 0.02115294117647059
51 0.704875 0.24438823529411766 0.1075625 0.12049411764705882