46 0.38185156249999996 0.36379107981220654 0.088765625 0.1697887323943662
46 0.26603125 0.36187793427230047 0.08153125 0.2523943661971831
46 0.32625000000000004 0.17325117370892018 0.086125 0.14842723004694836
46 0.48855468750000003 0.19884976525821596 0.030265625 0.04755868544600939
46 0.4924375 0.3378755868544601 0.0375625 0.053450704225352114
46 0.605796875 0.2300117370892019 0.058125 0.12288732394366197
46 0.681890625 0.3128051643192488 0.00946875 0.053685446009389674
46 0.4531171874999999 0.3092018779342723 0.013171875 0.056901408450704224
46 0.5503046875 0.19461267605633803 0.054140625 0.06767605633802816
46 0.0547578125 0.3402934272300469 0.106484375 0.3021830985915493
46 0.0259140625 0.5484859154929578 0.051828125 0.1477699530516432
46 0.4608671875 0.24921361502347417 0.035140624999999995 0.06955399061032863
46 0.1372421875 0.3587206572769953 0.032265625 0.03730046948356808
46 0.5078125 0.5492957746478874 0.896875 0.8967136150234741