46 0.21072916666666666 0.8465546875 0.09579166666666666 0.092640625
46 0.39418749999999997 0.7939765624999999 0.19016666666666668 0.046921875
46 0.39284375 0.7113671875 0.0898125 0.098609375
46 0.46520833333333333 0.5179609375 0.09095833333333332 0.040109375
46 0.42683333333333334 0.42554687499999994 0.10808333333333334 0.04775
46 0.49316666666666664 0.6944921875 0.11220833333333333 0.030734375
46 0.470125 0.738390625 0.12383333333333332 0.06543750000000001
46 0.30915625 0.6919375 0.12777083333333333 0.07265625
46 0.2234791666666667 0.8013281250000001 0.094125 0.06646875
46 0.43343750000000003 0.849296875 0.13579166666666667 0.07265625
46 0.5576041666666666 0.79728125 0.11441666666666667 0.059687500000000004
46 0.5429791666666667 0.7641484375 0.132375 0.062765625
46 0.40913541666666664 0.581671875 0.06097916666666667 0.06096875
46 0.41041666666666665 0.53828125 0.39166666666666666 0.7234375