47 0.9012812499999999 0.34836854460093897 0.0376875 0.04894366197183099
47 0.9725078125 0.4471830985915493 0.048015625 0.0531924882629108
47 0.96465625 0.3719835680751174 0.039531250000000004 0.04326291079812206
47 0.9820937500000001 0.42213615023474177 0.035812500000000004 0.0783568075117371
47 0.8735468750000001 0.36711267605633807 0.0471875 0.08845070422535212
47 0.9443203125 0.4107042253521127 0.045078125000000004 0.062441314553990615
49 0.4812265625 0.6272535211267607 0.08395312499999999 0.13511737089201878
49 0.2392890625 0.8375469483568075 0.083328125 0.12908450704225352
49 0.5007499999999999 0.699319248826291 0.9984999999999999 0.5810798122065728
47 0.9225546874999999 0.37615023474178405 0.039953125 0.05591549295774648
47 0.705875 0.24578638497652583 0.0883125 0.09772300469483569
47 0.67028125 0.3726760563380282 0.1630625 0.13361502347417842
47 0.7883671875 0.08510563380281691 0.191578125 0.1053755868544601