55 0.717418699186992 0.31407 0.2117479674796748 0.21362
54 0.3087906504065041 0.6940700000000001 0.07071138211382114 0.06742000000000001
54 0.5896341463414635 0.51557 0.07715447154471546 0.07422
54 0.45108739837398376 0.37407999999999997 0.06404471544715447 0.06792000000000001
54 0.23209349593495934 0.7562199999999999 0.0723170731707317 0.06984
54 0.31411585365853656 0.82078 0.05806910569105691 0.06752
54 0.3675406504065041 0.69882 0.06195121951219512 0.0682
54 0.6480284552845529 0.51428 0.06597560975609756 0.08312
54 0.22305894308943092 0.56161 0.07136178861788618 0.0665
54 0.14544715447154472 0.66765 0.06378048780487805 0.07146
54 0.13426829268292684 0.72213 0.05191056910569106 0.061700000000000005
54 0.4157418699186992 0.44416 0.09766260162601625 0.08312
54 0.27893292682926824 0.79613 0.06367886178861788 0.0731
54 0.3394308943089431 0.552 0.5853658536585366 0.728