53 0.2679765625 0.6539270833333333 0.478640625 0.6202291666666666
50 0.3735859375 0.8294895833333332 0.048921875 0.07502083333333333
50 0.30246875 0.5064791666666667 0.0540625 0.090875
50 0.21296093750000003 0.5159374999999999 0.104359375 0.07504166666666667
50 0.148640625 0.6501875 0.05165625 0.068125
50 0.19764062500000001 0.6461874999999999 0.0411875 0.08600000000000001
50 0.27326562499999996 0.7404895833333334 0.050624999999999996 0.06652083333333333
50 0.30240625000000004 0.5761979166666666 0.046656249999999996 0.0493125
50 0.20606249999999998 0.7524583333333333 0.05646875 0.06725
51 0.7118203125 0.7030625 0.046015625 0.0905
50 0.8695859374999999 0.446375 0.095078125 0.11154166666666666
51 0.6886328125 0.4274583333333333 0.063703125 0.08625
51 0.664015625 0.47792708333333334 0.05896875 0.022354166666666668