47 0.187265625 0.42390339425587464 0.37453125 0.33684073107049606
49 0.749109375 0.4470626631853786 0.0905 0.11981723237597912
49 0.4091484375 0.418733681462141 0.057390624999999994 0.07819843342036553
49 0.676765625 0.4174543080939948 0.06915625 0.11793733681462142
49 0.5186953125 0.41745430809399475 0.06351562499999999 0.11083550913838121
46 0.539265625 0.32471279373368145 0.172125 0.09663185378590078
46 0.5661640625000001 0.19483028720626633 0.207109375 0.1977545691906005
46 0.297875 0.18823759791122716 0.11271875 0.22869451697127938
46 0.38096874999999997 0.15842036553524805 0.07062500000000001 0.14932114882506528
46 0.20958593749999999 0.3018015665796345 0.400296875 0.5382767624020888
46 0.57625 0.8410182767624022 0.2945 0.27864229765013054
47 0.571234375 0.601018276762402 0.2279375 0.23759791122715404
46 0.4900390625 0.2827284595300261 0.059046875 0.07036553524804177
49 0.4165546875 0.33523498694516973 0.079796875 0.1486945169712794