54 0.3812265625 0.5158899297423888 0.024046875000000002 0.0402576112412178
54 0.39228125 0.5067213114754099 0.01890625 0.029086651053864168
54 0.4077265625 0.5357845433255269 0.025484374999999997 0.03409836065573771
54 0.42614062499999994 0.5402459016393443 0.01921875 0.032622950819672134
54 0.44078124999999996 0.5337470725995316 0.02271875 0.03236533957845433
54 0.4080078125 0.6438524590163934 0.023890625 0.04447306791569086
54 0.3951640625 0.4813817330210773 0.021671875 0.032177985948477754
54 0.41078125 0.5102107728337236 0.0203125 0.03386416861826698
54 0.39414843750000006 0.5716861826697892 0.021546875 0.025152224824355973
54 0.37394531249999996 0.572271662763466 0.020796875 0.02782201405152225
54 0.41955468749999997 0.5656791569086651 0.023203124999999998 0.028969555035128804
54 0.455609375 0.5627868852459016 0.01878125 0.024637002341920372
54 0.439484375 0.5662529274004684 0.02090625 0.028852459016393443
54 0.5296875 0.5011709601873536 0.909375 0.5761124121779859