46 0.5035416666666667 0.41032812500000004 0.20566666666666666 0.20478125
46 0.3056145833333333 0.791015625 0.2876458333333333 0.098875
46 0.7546145833333334 0.282640625 0.020479166666666666 0.0320625
46 0.80228125 0.25535156249999996 0.050104166666666665 0.018796874999999998
46 0.41092708333333333 0.4563125 0.0333125 0.06846875
46 0.7829583333333333 0.26771875 0.05525 0.016468749999999997
46 0.6091979166666667 0.315203125 0.08172916666666666 0.021718750000000002
46 0.8370208333333333 0.251703125 0.034124999999999996 0.019125
46 0.6990520833333334 0.273390625 0.049104166666666664 0.025500000000000002
46 0.6486250000000001 0.30315624999999996 0.09966666666666667 0.051968749999999994
46 0.5565729166666666 0.5055546875 0.13177083333333334 0.044734375
46 0.92421875 0.3191640625 0.06197916666666667 0.015421874999999998
46 0.8733125 0.30817187500000004 0.042791666666666665 0.01228125
46 0.50625 0.4234375 0.7291666666666666 0.20625