46 0.524890625 0.5115420560747663 0.0531875 0.07668224299065421
46 0.6967031250000001 0.6435046728971963 0.09484375 0.07042056074766355
46 0.22640625 0.5603271028037383 0.08790624999999999 0.05060747663551402
46 0.46415625 0.7064018691588785 0.10774999999999998 0.09995327102803739
46 0.36339062499999997 0.7476518691588785 0.0880625 0.04165887850467289
46 0.675703125 0.7220443925233645 0.12078124999999999 0.075303738317757
49 0.5835859375 0.675572429906542 0.153640625 0.13577102803738317
49 0.2467265625 0.6331425233644861 0.139921875 0.10577102803738318
49 0.493453125 0.5800817757009346 0.105625 0.14455607476635512
49 0.5514765625 0.4592640186915888 0.102546875 0.12133177570093458
49 0.69103125 0.5810046728971963 0.09865625 0.08696261682242991
49 0.40856250000000005 0.4971261682242991 0.0749375 0.10658878504672896
49 0.5300234375 0.747231308411215 0.158765625 0.06605140186915888
49 0.40615625 0.5751752336448598 0.052593749999999995 0.08348130841121494