48 0.5713515625 0.6752812499999999 0.212359375 0.15506250000000002
48 0.6952265625 0.6026770833333333 0.166859375 0.15506250000000002
48 0.76325 0.4763645833333333 0.07409375 0.10660416666666667
48 0.256046875 0.6886666666666666 0.2323125 0.21120833333333333
48 0.7966015625 0.3624375 0.075171875 0.06616666666666667
48 0.344734375 0.8429375 0.26568749999999997 0.26458333333333334
52 0.6870937500000001 0.5793125 0.1989375 0.12870833333333334
52 0.2551875 0.6842604166666667 0.23303124999999997 0.20189583333333333
48 0.6868359374999999 0.47658333333333336 0.106640625 0.09708333333333334
48 0.1182734375 0.4648229166666667 0.23151562499999997 0.13497916666666668
48 0.37337499999999996 0.9013645833333334 0.252375 0.19660416666666666
48 0.48707812500000003 0.4123645833333333 0.12471874999999999 0.11910416666666666
48 0.2019140625 0.6266979166666666 0.213484375 0.16902083333333331
48 0.41049218750000005 0.33959374999999997 0.13182812500000002 0.09210416666666667
48 0.8250781250000001 0.50846875 0.0838125 0.0840625
48 0.528125 0.5020833333333333 0.940625 0.6875