47 0.3801328125 0.6570581113801452 0.083484375 0.13668280871670702
47 0.38861718749999996 0.4409806295399516 0.081984375 0.12200968523002421
47 0.4151640625 0.55318401937046 0.07954687499999999 0.127046004842615
47 0.3372421875 0.5705811138014528 0.07760937500000001 0.1116222760290557
49 0.651109375 0.5963680387409201 0.06643750000000001 0.09685230024213075
49 0.48840625 0.5363559322033898 0.059843749999999994 0.08389830508474576
50 0.5270546875000001 0.21391041162227603 0.147171875 0.14535108958837772
50 0.37731250000000005 0.22588377723970943 0.217125 0.3106053268765133
49 0.5989609375 0.5818038740920097 0.053671875 0.07803874092009684
49 0.5499140625 0.5495762711864407 0.057421875 0.09581113801452784
50 0.348234375 0.4328450363196126 0.07078124999999999 0.1776997578692494