47 0.5981171875 0.4605257009345794 0.036140624999999996 0.057453271028037385
47 0.7341171875 0.5849532710280374 0.042671875 0.07883177570093458
47 0.7553046875 0.7979322429906544 0.037859375 0.048668224299065414
47 0.6115625 0.3464018691588785 0.04240625 0.06341121495327103
47 0.7666171875 0.9176168224299066 0.040078125 0.06504672897196262
47 0.6694531250000001 0.5601285046728972 0.04034375 0.056331775700934575
47 0.74234375 0.7682242990654206 0.017656250000000002 0.0244392523364486
47 0.7889765625 0.9366939252336448 0.045078125000000004 0.06292056074766356
47 0.6886171875 0.5798364485981308 0.024046875000000002 0.04439252336448598
47 0.7488515625 0.6789018691588785 0.016859375 0.04813084112149533
47 0.766765625 0.6920327102803738 0.02190625 0.04317757009345795
47 0.5676249999999999 0.34491822429906543 0.0313125 0.038948598130841124
47 0.11950000000000001 0.3128271028037384 0.03640625 0.042523364485981305
47 0.16875 0.4439252336448598 0.334375 0.3925233644859813