54 0.2775859375 0.7466666666666666 0.083234375 0.0755
54 0.3579296875 0.6634375 0.075296875 0.066625
54 0.4154140625 0.74709375 0.076953125 0.08389583333333334
54 0.4260078125000001 0.6908020833333333 0.078234375 0.059604166666666666
54 0.3466015625 0.7181875000000001 0.078984375 0.06841666666666667
54 0.24650781249999998 0.7958541666666666 0.092015625 0.07220833333333333
54 0.3303203125 0.8293333333333334 0.093953125 0.05404166666666667
54 0.1116484375 0.6406979166666668 0.072546875 0.06393750000000001
54 0.18155468749999998 0.5973020833333333 0.070515625 0.0558125
54 0.03578125 0.6895208333333334 0.0715625 0.06666666666666667
54 0.6076328125 0.7875416666666666 0.042546875 0.08216666666666667
54 0.8074140625 0.8571666666666666 0.075171875 0.07204166666666666
54 0.16221875 0.6784374999999999 0.0733125 0.04870833333333333