46 0.44273437499999996 0.28895784543325526 0.04653125 0.04915690866510538
46 0.48996093749999997 0.2766627634660421 0.047421875 0.026440281030444962
46 0.5387890625 0.311791569086651 0.047796875 0.15552693208430912
46 0.5914140625 0.3289110070257611 0.042859375 0.061522248243559716
46 0.6548203125 0.29740046838407497 0.046859374999999995 0.18210772833723654
46 0.46662500000000007 0.45443793911007024 0.044437500000000005 0.05913348946135832
46 0.5700625 0.44675644028103045 0.02065625 0.0431615925058548
46 0.657046875 0.4947540983606557 0.04046875 0.05648711943793911
46 0.6799453125 0.43687353629976583 0.031453125 0.11384074941451991
46 0.4897421875 0.3443793911007026 0.048640625 0.05489461358313818
46 0.6118359375 0.5012646370023419 0.048046875 0.04950819672131148
46 0.4402031249999999 0.4679391100702576 0.027968749999999997 0.04192037470725995
51 0.46692187500000004 0.4956791569086651 0.064 0.016791569086651054
46 0.4885 0.29984777517564404 0.0433125 0.05084309133489462
46 0.5625 0.4180327868852459 0.30625 0.4519906323185012