55 0.5519609375 0.4326979166666666 0.107671875 0.13481249999999997
55 0.7221328124999999 0.7286041666666667 0.113171875 0.20720833333333333
55 0.55503125 0.44895833333333335 0.26549999999999996 0.23349999999999999
55 0.3792109375 0.36741666666666667 0.084265625 0.092125
55 0.2866015625 0.3798229166666667 0.091296875 0.0993125
55 0.4323046875 0.5606666666666666 0.15335937500000002 0.1955
55 0.19971875 0.3966354166666667 0.08931249999999999 0.11010416666666667
55 0.267578125 0.5600833333333333 0.12246874999999999 0.12458333333333332
55 0.096609375 0.4346145833333333 0.09175 0.1006875
55 0.7737734374999999 0.5430312500000001 0.127390625 0.17322916666666668
55 0.5609531249999999 0.6895104166666667 0.1750625 0.17252083333333335
55 0.6867656249999999 0.6022812500000001 0.0885 0.12772916666666667