50 0.1 0.5176470588235295 0.2 0.14588235294117646
50 0.38590686274509806 0.21162581699346403 0.10066993464052287 0.12305555555555556
50 0.23541666666666664 0.275547385620915 0.17645424836601306 0.13818627450980392
50 0.46374183006535946 0.29113562091503264 0.08647058823529412 0.07743464052287581
51 0.38401143790849673 0.7533741830065359 0.20946078431372547 0.18468954248366012
51 0.25393790849673203 0.8235947712418301 0.22022875816993465 0.1415686274509804
51 0.24067810457516342 0.5765931372549019 0.11834967320261439 0.17508169934640525
50 0.1801470588235294 0.753578431372549 0.2634313725490196 0.17522875816993463
50 0.641985294117647 0.5922549019607842 0.1282843137254902 0.11009803921568627
50 0.5555882352941176 0.20249183006535948 0.08003267973856208 0.09570261437908496
51 0.24138071895424837 0.4431617647058823 0.15223856209150327 0.12066993464052286
51 0.14790032679738563 0.8298447712418301 0.19815359477124184 0.13498366013071894
51 0.3802369281045752 0.3769281045751634 0.08717320261437908 0.08372549019607843
51 0.6567075163398692 0.41198529411764706 0.09380718954248365 0.161781045751634
51 0.3602369281045752 0.8206127450980392 0.12253267973856208 0.10338235294117648
51 0.7206535947712419 0.5553186274509804 0.08673202614379084 0.07883986928104575
51 0.3787009803921569 0.9030392156862744 0.18880718954248366 0.05313725490196079
51 0.5545016339869281 0.344109477124183 0.14184640522875816 0.06321895424836602