54 0.2107291666666667 0.3061640625 0.24683333333333335 0.166328125
54 0.5000833333333333 0.34607031250000003 0.2573333333333333 0.148671875
54 0.7438437499999999 0.343875 0.23314583333333333 0.15521875000000002
54 0.9416666666666667 0.34296875 0.11666666666666667 0.1671875
54 0.8029999999999998 0.5516875 0.299625 0.16853125
54 0.8073958333333333 0.74678125 0.28245833333333337 0.1920625
54 0.4802916666666667 0.2000859375 0.21120833333333333 0.134109375
54 0.26666666666666666 0.1782265625 0.22670833333333332 0.12701562500000002
54 0.2823333333333334 0.061 0.20575000000000002 0.122
54 0.5062395833333333 0.0661953125 0.21402083333333335 0.132390625
54 0.6970833333333334 0.19778125 0.20041666666666666 0.14671875
54 0.7179062500000001 0.08274999999999999 0.20714583333333333 0.12068749999999999
54 0.9160104166666667 0.2077890625 0.16277083333333334 0.14545312500000002
54 0.5 0.07265625 0.9958333333333333 0.1421875