46 0.16720000000000002 0.08750999999999999 0.031626666666666664 0.05006
46 0.7134933333333333 0.07721000000000001 0.13210666666666668 0.07698
46 0.2370266666666667 0.11488999999999999 0.0324 0.0603
46 0.43050666666666665 0.06894 0.09392 0.0714
46 0.3614133333333333 0.22764 0.022026666666666667 0.04336
46 0.3004133333333333 0.07719 0.11469333333333333 0.07438
46 0.5005733333333333 0.06298000000000001 0.056666666666666664 0.06668
46 0.4817733333333334 0.15484 0.046586666666666665 0.04564
46 0.5284800000000001 0.07571000000000001 0.08261333333333333 0.06478
46 0.5624 0.09947 0.08314666666666666 0.0533
46 0.12150666666666667 0.22014 0.07026666666666667 0.0718
46 0.37032000000000004 0.06551 0.05274666666666667 0.06274
47 0.28524 0.35089000000000004 0.1330933333333333 0.07357999999999999
49 0.23910666666666663 0.37642000000000003 0.02434666666666667 0.01776
49 0.2630533333333333 0.35975 0.026 0.01366
49 0.23616 0.34967000000000004 0.029493333333333333 0.02258
49 0.289 0.37516000000000005 0.020613333333333334 0.01832
49 0.3177733333333333 0.36099 0.024026666666666665 0.016059999999999998
49 0.34205333333333326 0.35745000000000005 0.02565333333333333 0.01558
49 0.2727733333333333 0.34394 0.03269333333333333 0.02
49 0.29932000000000003 0.34803999999999996 0.02248 0.019039999999999998
49 0.24774666666666667 0.33428 0.026426666666666668 0.02112
46 0.12601333333333334 0.13175 0.07869333333333334 0.07773999999999999
49 0.26624000000000003 0.37571999999999994 0.03205333333333333 0.022920000000000003
49 0.29058666666666666 0.36088 0.024106666666666665 0.01308
46 0.484 0.239 0.728 0.382