50 0.5975520833333333 0.6785234375 0.0905625 0.06364062499999999
52 0.47040624999999997 0.7220234375 0.19314583333333332 0.082296875
52 0.4153541666666667 0.682921875 0.174875 0.055406250000000004
52 0.3976041666666667 0.655890625 0.17508333333333334 0.0474375
52 0.4505208333333333 0.6260234375 0.09195833333333334 0.039421875
52 0.52640625 0.745453125 0.25627083333333334 0.0935
52 0.5691770833333333 0.6201875 0.0513125 0.026718750000000003
52 0.512375 0.6441015625000001 0.05304166666666667 0.031015625
52 0.5117604166666666 0.6198515625 0.08935416666666667 0.048453125
52 0.5305416666666667 0.6703749999999999 0.06716666666666667 0.022125
52 0.45518749999999997 0.7061796874999999 0.14679166666666665 0.051828125
52 0.6017499999999999 0.6331484375 0.10479166666666666 0.039765625