54 0.46584375000000006 0.41881250000000003 0.09372916666666667 0.0389375
54 0.8871041666666667 0.3747265625 0.07779166666666668 0.030140624999999997
54 0.5564791666666667 0.4514921875000001 0.10004166666666667 0.038796874999999995
54 0.7183854166666667 0.410453125 0.09639583333333333 0.0398125
54 0.6881666666666667 0.39293750000000005 0.09116666666666666 0.03815625
54 0.5096041666666667 0.43342968750000005 0.09970833333333333 0.041515625
54 0.4126875 0.4097734375 0.085625 0.035671875
54 0.5775416666666666 0.37414843750000004 0.08154166666666667 0.033671875000000004
54 0.7240520833333334 0.345390625 0.07514583333333333 0.026625
54 0.9471770833333333 0.3526328125 0.0735625 0.023765625000000002
54 0.8738020833333333 0.34559375000000003 0.07635416666666667 0.025687500000000002
54 0.078 0.5239453125000001 0.119125 0.055203125
54 0.5 0.42109375 0.9958333333333333 0.1796875