51 0.15075833333333333 0.4720333333333333 0.06661666666666667 0.05935555555555556
51 0.11945 0.4806444444444445 0.14343333333333333 0.17231111111111114
51 0.15595833333333334 0.3761111111111111 0.06828333333333333 0.1284888888888889
51 0.4167166666666667 0.22322222222222224 0.051000000000000004 0.10528888888888889
51 0.73445 0.49464444444444444 0.0499 0.050222222222222224
51 0.6873833333333333 0.4555444444444445 0.04053333333333333 0.02788888888888889
51 0.5503916666666667 0.41535555555555553 0.04761666666666667 0.04724444444444445
51 0.23050833333333334 0.5272555555555556 0.07578333333333333 0.09411111111111112
51 0.405425 0.3490111111111111 0.030416666666666668 0.06762222222222222
51 0.7626083333333333 0.5630555555555555 0.04555 0.08317777777777778
51 0.8506833333333332 0.39664444444444447 0.033 0.03244444444444444
50 0.616275 0.4202666666666667 0.05078333333333333 0.05355555555555556