50 0.5064375 0.5897658079625292 0.1713125 0.20744730679156909
50 0.8591562500000001 0.6462295081967213 0.19196875 0.19812646370023418
50 0.22443749999999998 0.2850351288056206 0.11890624999999999 0.1463231850117096
50 0.15306250000000002 0.6960421545667447 0.11003125 0.20473067915690868
50 0.770140625 0.2538173302107728 0.13878125 0.11644028103044496
50 0.35785156249999994 0.6083489461358313 0.147796875 0.18939110070257612
50 0.64765625 0.24496487119437937 0.1890625 0.19437939110070257
51 0.4795859375 0.8505854800936767 0.095765625 0.29882903981264636
51 0.2519609375 0.9011826697892272 0.11460937499999999 0.17412177985948477
51 0.7157578125 0.8948360655737706 0.06592187499999999 0.21032786885245902
50 0.3287265625 0.50884074941452 0.201421875 0.2115456674473068
51 0.886859375 0.5086651053864168 0.03434375 0.06402810304449649
50 0.4212890625 0.3140983606557377 0.146609375 0.17147540983606557
50 0.21465625 0.6462997658079626 0.05546875 0.05470725995316159