49 0.9623598130841121 0.5615 0.05733644859813084 0.028437499999999998
49 0.9257476635514018 0.5668593749999999 0.05210280373831776 0.022343750000000002
46 0.5208995327102803 0.4763828125000001 0.02352803738317757 0.013015625
46 0.5897196261682243 0.475171875 0.04757009345794393 0.022375
46 0.5408060747663551 0.475 0.018060747663551403 0.010687499999999999
46 0.575338785046729 0.47748437499999996 0.04539719626168224 0.01103125
49 0.5432009345794392 0.4211171875 0.03275700934579439 0.014890625
49 0.5554789719626169 0.4669843749999999 0.0230607476635514 0.01415625
49 0.573107476635514 0.4227890625 0.02219626168224299 0.010578124999999999
46 0.6045560747663551 0.47261718750000004 0.01542056074766355 0.006453125
49 0.5563668224299065 0.41663281249999995 0.01852803738317757 0.012390624999999999
49 0.5508060747663551 0.435453125 0.019275700934579438 0.014499999999999999