51 0.33403125 0.79109375 0.177375 0.2201875
51 0.4067890625 0.8368333333333333 0.137890625 0.2515833333333333
51 0.46000781250000006 0.8065833333333334 0.093703125 0.20075
51 0.1508828125 0.6319166666666667 0.301765625 0.28941666666666666
51 0.816765625 0.45412500000000006 0.36646875 0.1552916666666667
51 0.7958828125 0.6094166666666666 0.331765625 0.24000000000000002
51 0.204921875 0.34827083333333336 0.24153125000000003 0.165625
51 0.7578906249999999 0.29623958333333333 0.341125 0.24839583333333334
51 0.271234375 0.7778541666666666 0.1530625 0.11691666666666665
51 0.5266171875 0.7370833333333333 0.06782812499999999 0.09341666666666668
51 0.14513281249999999 0.4610416666666667 0.21623437499999998 0.14804166666666668
51 0.297875 0.25995833333333335 0.1698125 0.17633333333333334