54 0.4943203125 0.7511354166666667 0.115203125 0.22047916666666667
54 0.1980390625 0.3191041666666667 0.187078125 0.301125
47 0.141890625 0.8659895833333332 0.239875 0.23422916666666668
47 0.042460937500000004 0.7293333333333333 0.08492187500000001 0.25425000000000003
47 0.30471875000000004 0.6679895833333334 0.146875 0.10293749999999999
47 0.10428124999999999 0.5630104166666666 0.1278125 0.17527083333333332
54 0.486234375 0.27153125 0.16684375 0.2786458333333333
54 0.608578125 0.2544166666666667 0.13115625 0.25045833333333334
54 0.7044921875 0.2516875 0.117984375 0.22020833333333334
54 0.7711015625 0.2659270833333333 0.098453125 0.23722916666666669
54 0.8651093750000001 0.2599270833333333 0.11346875000000001 0.1943125
54 0.3508359375 0.28748958333333335 0.166203125 0.2929791666666667
54 0.8405546874999998 0.6366666666666667 0.100953125 0.1705
54 0.774953125 0.6504270833333333 0.09406250000000001 0.16560416666666666
54 0.38282812499999996 0.7681770833333332 0.15165625 0.19485416666666666
54 0.27628906249999996 0.8177187499999999 0.153734375 0.19777083333333334
54 0.6939375 0.6632395833333332 0.11159375 0.20606249999999998
54 0.671875 0.58125 0.340625 0.4625