47 0.6410849056603773 0.6206250000000001 0.44193396226415094 0.27728125000000003
47 0.7900117924528303 0.740078125 0.4199764150943396 0.12359374999999999
47 0.8485966981132076 0.43184374999999997 0.30280660377358487 0.31390625
47 0.5377830188679245 0.37165625 0.3877358490566038 0.20896875
47 0.14076650943396224 0.6176015625 0.27474056603773583 0.44495312499999995
47 0.8003066037735849 0.17583593749999998 0.3714622641509434 0.199109375
47 0.23714622641509434 0.1375078125 0.310377358490566 0.200390625
47 0.8581485849056603 0.2603359375 0.28370283018867926 0.178828125
47 0.6999056603773585 0.065484375 0.3395754716981132 0.12421875
47 0.14278301886792452 0.42229687499999996 0.2719811320754717 0.19818750000000002
47 0.5590212264150943 0.22934375 0.28200471698113205 0.16921875