46 0.5270705882352941 0.49924999999999997 0.7676000000000001 0.5881875
47 0.24448235294117648 0.924703125 0.29056470588235295 0.1270625
49 0.6683411764705883 0.835953125 0.17936470588235295 0.12134375
49 0.37224705882352943 0.87753125 0.17597647058823532 0.105625
49 0.6500705882352941 0.9444921875000001 0.18272941176470586 0.11101562499999999
49 0.5168235294117647 0.9011093749999999 0.172 0.09034375
49 0.4643058823529412 0.9512265625000002 0.1955764705882353 0.097546875
49 0.8917411764705883 0.9404921875000001 0.2165176470588235 0.119015625
49 0.7758117647058824 0.8807421874999999 0.10588235294117647 0.095890625
49 0.5162352941176471 0.858609375 0.11468235294117647 0.03940625
49 0.8614705882352941 0.97990625 0.19851764705882355 0.0401875
49 0.5990470588235295 0.9793828125000001 0.22110588235294118 0.040171875
49 0.7378117647058824 0.9486796875000001 0.08527058823529413 0.101390625