46 0.5308984375 0.2719166666666667 0.262921875 0.3640416666666667
46 0.3464921875 0.27928125000000004 0.192609375 0.2701041666666667
46 0.12809375 0.22996874999999997 0.2561875 0.34831249999999997
46 0.7165390625 0.2640208333333333 0.151734375 0.358875
46 0.8847265625 0.26975 0.230546875 0.3188333333333333
46 0.9120781250000001 0.7381979166666667 0.17584375000000002 0.41122916666666665
46 0.6693828125000001 0.7428229166666667 0.144890625 0.37402083333333336
46 0.45473437499999997 0.82190625 0.17081249999999998 0.35531250000000003
46 0.2932578125 0.72865625 0.208984375 0.3910208333333333
46 0.09774999999999999 0.7550520833333333 0.192125 0.4539375
46 0.6032265625 0.6895416666666666 0.11560937499999999 0.26491666666666663
46 0.7893671875 0.7939479166666668 0.12532812499999998 0.20147916666666665