46 0.09978125 0.6344687500000001 0.19793750000000002 0.19793750000000002
46 0.35125 0.6705703125 0.27241666666666664 0.198015625
46 0.5739895833333333 0.1022421875 0.21522916666666667 0.134515625
46 0.8276354166666666 0.44850781249999994 0.15022916666666666 0.175390625
46 0.5277395833333334 0.375140625 0.2480625 0.10559375
46 0.3193854166666667 0.7895703125 0.20235416666666667 0.092984375
46 0.7963645833333334 0.6699375 0.1908125 0.08284375000000001
46 0.6039583333333334 0.565640625 0.221125 0.11100000000000002
46 0.72796875 0.5807890625000001 0.03164583333333333 0.043890625
46 0.7648645833333333 0.8316171875 0.2946875 0.271484375
46 0.5737812499999999 0.7479375 0.27264583333333337 0.31909375
46 0.29067708333333336 0.5666328125000001 0.0983125 0.036234375
46 0.5389375 0.47260937499999994 0.14545833333333333 0.09184375
46 0.36770833333333336 0.59765625 0.73125 0.5109375