49 0.58567 0.094 0.042140000000000004 0.04944
49 0.68036 0.029053333333333334 0.052520000000000004 0.05810666666666667
49 0.70501 0.07592 0.05306 0.060533333333333335
49 0.6348900000000001 0.05861333333333334 0.14214 0.11674666666666667
54 0.7377199999999999 0.4964266666666667 0.09208 0.12117333333333333
54 0.6562899999999999 0.5387066666666667 0.10502 0.13229333333333332
54 0.79308 0.4174533333333334 0.091 0.11565333333333333
54 0.30944 0.5816666666666667 0.09376000000000001 0.09650666666666666
54 0.21223000000000003 0.5761999999999999 0.09898 0.10792
54 0.11488 0.5721999999999999 0.09976 0.10856
54 0.5843100000000001 0.3630666666666667 0.09390000000000001 0.08314666666666666
54 0.36387 0.32512 0.0873 0.08901333333333335
54 0.10173 0.37487999999999994 0.08818000000000001 0.09381333333333333
54 0.79189 0.32852 0.0727 0.09778666666666667
54 0.8584700000000001 0.40112 0.07546 0.08138666666666666
54 0.66528 0.39143999999999995 0.101 0.10864
49 0.63297 0.09786666666666667 0.047299999999999995 0.04154666666666667
54 0.70165 0.36950666666666665 0.06258 0.09186666666666668
54 0.438 0.4533333333333333 0.876 0.368