54 0.47681 0.5530933333333333 0.08866 0.07082666666666666
54 0.5004400000000001 0.5044133333333334 0.08444 0.056293333333333334
54 0.31129999999999997 0.5217866666666667 0.08404 0.06346666666666667
54 0.56126 0.38273333333333337 0.06488 0.04221333333333333
54 0.37553 0.43396 0.07426 0.05096
54 0.40113 0.3990933333333333 0.07286 0.04448
54 0.5771499999999999 0.3506666666666667 0.06218 0.04650666666666667
54 0.73049 0.39430666666666664 0.0697 0.04989333333333334
54 0.72061 0.43357333333333326 0.07626000000000001 0.052586666666666664
54 0.32991999999999994 0.4739466666666666 0.07728 0.04256
54 0.7104299999999999 0.47314666666666666 0.08034000000000001 0.050986666666666666
54 0.70506 0.5218266666666667 0.09744 0.06781333333333334
54 0.508 0.096 0.124 0.042666666666666665