54 0.46332031250000005 0.44539358600583084 0.10970312499999998 0.07895043731778426
54 0.46053125 0.5278134110787172 0.11156250000000001 0.09603498542274051
54 0.4552421875 0.624344023323615 0.137296875 0.12583090379008746
54 0.45506250000000004 0.7195918367346938 0.1545 0.0675801749271137
54 0.6835390625000001 0.6714868804664723 0.130765625 0.11871720116618076
54 0.26509375 0.4955830903790088 0.12268749999999999 0.09034985422740524
54 0.28204687500000003 0.42260932944606416 0.110125 0.08416909620991254
54 0.2534375 0.5777842565597667 0.08478125 0.10769679300291544
54 0.134765625 0.40561224489795916 0.04171875 0.0624198250728863
54 0.6940546875000001 0.7401749271137026 0.128796875 0.038717201166180756
54 0.64609375 0.5638192419825072 0.10525 0.10268221574344023