46 0.5971328124999999 0.6677916666666666 0.5422343749999999 0.639625
46 0.30421875 0.72546875 0.19718750000000002 0.5168541666666667
46 0.7828593749999999 0.3853958333333333 0.4028125 0.32583333333333336
46 0.339609375 0.19663541666666665 0.1028125 0.3842708333333333
46 0.6294921875 0.13877083333333334 0.237640625 0.2629166666666667
46 0.1171328125 0.3398854166666666 0.234265625 0.4494375
46 0.9289296874999999 0.7494375000000001 0.142140625 0.4741666666666667
46 0.463484375 0.18089583333333334 0.1449375 0.3617916666666667
46 0.2084453125 0.6545416666666667 0.257140625 0.4311666666666667
46 0.22778125 0.7720625000000001 0.19159375 0.455875
46 0.273703125 0.2350625 0.10325 0.45975