54 0.10495312500000001 0.4322131147540983 0.20990625000000002 0.2629274004683841
54 0.2721171875 0.3190983606557377 0.223390625 0.2381967213114754
54 0.41672656250000006 0.21677985948477752 0.179203125 0.201288056206089
54 0.555234375 0.30517564402810304 0.19084375 0.2297423887587822
54 0.4158359375 0.4529156908665105 0.222515625 0.2529508196721312
54 0.204828125 0.5995550351288056 0.2518125 0.29868852459016393
54 0.36221875 0.7966276346604216 0.3325625 0.36088992974238876
54 0.5786796875 0.6032435597189696 0.282640625 0.32466042154566743
54 0.7165625 0.4200117096018735 0.23331249999999998 0.24742388758782202
54 0.8942656250000001 0.5670725995316159 0.21146875 0.3196252927400468
54 0.59221875 0.9094262295081968 0.33284375 0.14831381733021076
54 0.8097578125 0.7827634660421546 0.285578125 0.39597189695550356