46 0.2536484375 0.5806354166666666 0.190453125 0.21797916666666667
51 0.185296875 0.7611770833333332 0.34940625000000003 0.15764583333333335
51 0.15328906250000002 0.8516770833333334 0.260390625 0.13535416666666666
51 0.4163671875 0.7725312500000001 0.20598437500000003 0.08685416666666666
51 0.38292187499999997 0.8899166666666666 0.31625000000000003 0.09716666666666667
51 0.1936875 0.9563645833333333 0.36615625 0.08727083333333334
46 0.20629687499999996 0.5189583333333334 0.20178124999999997 0.198125
46 0.1779375 0.4467604166666667 0.18634375 0.21285416666666668
47 0.7111640625 0.58621875 0.117203125 0.15835416666666668
47 0.6632734375 0.44262499999999994 0.096859375 0.13091666666666668
47 0.5628671875 0.37044791666666665 0.109078125 0.15814583333333332
49 0.7135156250000001 0.7537812499999998 0.13665624999999998 0.16160416666666666
49 0.5604531249999999 0.67659375 0.12003124999999999 0.16602083333333334
49 0.564828125 0.5301458333333333 0.1099375 0.14358333333333334
49 0.848609375 0.6562708333333334 0.1244375 0.15275
49 0.7112265625 0.5808645833333334 0.11276562500000001 0.1546875
47 0.63484375 0.23698958333333334 0.1035 0.13577083333333334