46 0.85725 0.1901953125 0.2855 0.275109375
49 0.6687916666666667 0.2778046875 0.15508333333333332 0.09423437500000001
49 0.48711458333333335 0.2753671875 0.16327083333333334 0.09085937499999999
49 0.33653125 0.2638046875 0.15585416666666668 0.113171875
49 0.7185624999999999 0.21697656250000003 0.17295833333333333 0.10848437500000001
49 0.6825729166666666 0.1331328125 0.11627083333333334 0.077734375
49 0.50690625 0.152484375 0.0880625 0.0630625
49 0.8132395833333333 0.24984375 0.0926875 0.04453125
47 0.32735416666666667 0.6584453124999999 0.4514166666666667 0.282515625
47 0.7215520833333334 0.37415625 0.19397916666666667 0.13378125000000002
47 0.4410729166666666 0.3431640625 0.15447916666666667 0.11373437500000001
47 0.5565833333333333 0.376859375 0.17787499999999998 0.123875
47 0.6015520833333333 0.32042187499999997 0.12927083333333333 0.06284375
49 0.5783437499999999 0.27412500000000006 0.0464375 0.0424375
47 0.7761458333333333 0.2949375 0.13270833333333334 0.07046875
47 0.305 0.8151171875 0.12729166666666666 0.100359375
47 0.8709062500000001 0.333265625 0.1746875 0.135625