46 0.3489583333333333 0.7930703125 0.25525 0.38870312500000004
46 0.12552777777777777 0.9194375000000001 0.25105555555555553 0.13778125000000002
46 0.5881527777777777 0.76290625 0.058583333333333334 0.08184375
46 0.7999583333333333 0.20284375 0.037472222222222226 0.06678125
46 0.7655416666666668 0.46558593750000005 0.02847222222222222 0.031453125
46 0.33118055555555553 0.1757109375 0.03308333333333333 0.040578125
46 0.11024999999999999 0.145 0.21794444444444444 0.20475
46 0.36344444444444446 0.08109375 0.1118888888888889 0.07296875
46 0.47477777777777774 0.102578125 0.11705555555555555 0.05946875
46 0.6617916666666667 0.87659375 0.4291388888888889 0.24681250000000002
46 0.8306666666666666 0.6484453125 0.11788888888888888 0.033546875
46 0.7253888888888889 0.1919921875 0.18244444444444446 0.083765625
46 0.7960833333333333 0.48902343749999994 0.21905555555555556 0.092421875
46 0.5 0.36640625 0.9944444444444445 0.7296875