49 0.4426796875 0.5782395833333334 0.219046875 0.3780625
49 0.6960703125 0.1726875 0.212359375 0.345375
49 0.9119531249999999 0.7764583333333334 0.17609375 0.44708333333333333
49 0.7592734375 0.5299583333333333 0.13314062499999998 0.12583333333333332
49 0.9053359375000001 0.3550625 0.189328125 0.305625
49 0.2881875 0.08637500000000001 0.20231249999999998 0.17099999999999999
49 0.511515625 0.87528125 0.32190625 0.21797916666666667
49 0.47203906250000005 0.10751041666666666 0.210671875 0.21502083333333333
49 0.54521875 0.3606666666666667 0.12303125 0.13708333333333333
49 0.851125 0.1449375 0.11796875 0.13258333333333333
49 0.0729765625 0.5568333333333334 0.145953125 0.1955
49 0.14959375 0.25096875 0.2991875 0.23127083333333334