54 0.2115078125 0.47611111111111115 0.052640624999999996 0.043888888888888894
54 0.25787499999999997 0.48204166666666665 0.04584375 0.05625
54 0.3616328125 0.4850833333333333 0.049328125 0.06472222222222222
54 0.19759374999999998 0.5241111111111111 0.04575 0.04555555555555555
54 0.24002343750000002 0.5287361111111111 0.047515625 0.034916666666666665
54 0.2908046875 0.5304861111111111 0.054703125 0.03225
54 0.571390625 0.4853888888888889 0.047031250000000004 0.06994444444444445
54 0.5253203125000001 0.5306666666666666 0.052078124999999996 0.034555555555555555
54 0.34542968749999997 0.5285694444444444 0.053171875 0.03825
54 0.3068984375 0.48283333333333334 0.047609374999999995 0.057999999999999996
54 0.523546875 0.48920833333333336 0.05234375 0.06597222222222222
54 0.024453125 0.5733055555555555 0.0373125 0.058055555555555555
54 0.6161796875 0.5015972222222221 0.048140625 0.05841666666666667
54 0.65 0.5055555555555555 0.20625 0.1111111111111111