50 0.27844531250000004 0.5366979166666667 0.153703125 0.12739583333333332
50 0.61853125 0.45221875 0.1429375 0.1670625
50 0.9172499999999999 0.25844791666666667 0.09506250000000001 0.09860416666666666
53 0.5025234375000001 0.45066666666666666 0.994953125 0.8789166666666667
50 0.27421875 0.2687916666666667 0.11090625000000001 0.09125
50 0.5547578125 0.10515624999999999 0.096421875 0.0660625
50 0.033671875 0.38946875 0.052031249999999994 0.15610416666666668
50 0.1075234375 0.04891666666666667 0.05242187499999999 0.06987499999999999
50 0.1799609375 0.2756875 0.086609375 0.09779166666666667
50 0.48880468749999995 0.17010416666666667 0.113109375 0.09425
50 0.7321015625 0.08275 0.063265625 0.0625