54 0.44915625000000003 0.6292187499999999 0.24775 0.22472916666666667
54 0.415328125 0.41914583333333333 0.230125 0.185375
54 0.42885156249999995 0.23054166666666667 0.192234375 0.170875
54 0.46517187499999996 0.8483125 0.32359375 0.2719166666666667
54 0.6911640625000001 0.4308020833333333 0.15717187500000002 0.1539375
54 0.6758046875000001 0.5939791666666667 0.17279687500000002 0.18004166666666668
54 0.1651640625 0.8528125 0.289890625 0.2719166666666667
54 0.1803046875 0.62228125 0.25970312500000003 0.2220208333333333
54 0.1939765625 0.4026458333333333 0.230796875 0.19012500000000002
54 0.22580468750000002 0.2153125 0.188546875 0.17508333333333334
54 0.4352421875 0.07809375 0.184296875 0.1561875
54 0.6165624999999999 0.26104166666666667 0.21234375 0.189625
54 0.6095546875 0.09688541666666667 0.177640625 0.1643125
54 0.56875 0.475 0.825 0.95