51 0.41536718750000007 0.44270047169811316 0.110171875 0.3101179245283019
51 0.47094531250000005 0.5408962264150944 0.08982812500000001 0.23660377358490564
51 0.506546875 0.47372641509433966 0.053593749999999996 0.10089622641509434
51 0.316359375 0.147936320754717 0.2069375 0.12134433962264152
51 0.4137421875 0.20505896226415093 0.093953125 0.07337264150943396
51 0.53128125 0.32620283018867924 0.1183125 0.16108490566037736
51 0.354328125 0.3280896226415095 0.09528125 0.25169811320754715
51 0.30296875 0.11347877358490567 0.15334375 0.22695754716981134
51 0.3739765625 0.07448113207547169 0.10304687500000001 0.11834905660377358
51 0.299984375 0.3168514150943396 0.0729375 0.13035377358490566
51 0.44621875 0.33279481132075467 0.26740624999999996 0.3895990566037736
51 0.5905234375 0.2977240566037736 0.146609375 0.14672169811320754
51 0.3355546875 0.24675707547169812 0.048171874999999996 0.10389150943396226
51 0.36796875 0.41627358490566035 0.2109375 0.45047169811320753