46 0.5935859375 0.7565738161559888 0.066203125 0.06077994428969359
46 0.5351796875000001 0.7866016713091921 0.07179687500000001 0.08328690807799442
46 0.45028125 0.7553481894150418 0.06684375000000001 0.15949860724233983
46 0.32552343749999996 0.7415598885793873 0.051796875 0.08306406685236768
46 0.6961328125 0.7960724233983287 0.047203125 0.11910863509749303
46 0.7612187499999999 0.8162116991643455 0.10831249999999999 0.038885793871866296
46 0.84765625 0.8529805013927577 0.11053125 0.12133704735376045
46 0.9539843750000001 0.8549303621169916 0.04090625 0.08194986072423399
46 0.9068515625 0.7794986072423399 0.06789062500000001 0.11348189415041783
46 0.7162343750000001 0.6980779944289695 0.07571875 0.1456267409470752
46 0.2899375 0.7743036211699164 0.08265625 0.08782729805013928
46 0.214796875 0.8079526462395543 0.06553125 0.13016713091922005
46 0.48293749999999996 0.8063370473537603 0.05046874999999999 0.1254317548746518
46 0.5953125 0.7813370473537604 0.80625 0.298050139275766