54 0.494140625 0.8964895833333333 0.06146875 0.08839583333333333
54 0.4351328125 0.7536354166666667 0.065453125 0.06560416666666666
54 0.4906328125 0.7715833333333333 0.066796875 0.063875
54 0.5436875 0.7924895833333333 0.05653125 0.0676875
54 0.5123593750000001 0.8337083333333334 0.060687500000000005 0.07191666666666667
54 0.4568125 0.8121562499999999 0.0614375 0.07510416666666667
54 0.21545312500000002 0.7655312500000001 0.06637499999999999 0.0759375
54 0.42788281250000004 0.8675104166666667 0.078734375 0.08322916666666667
54 0.3630234375 0.8432291666666667 0.065015625 0.07158333333333333
54 0.46585156250000004 0.9513125 0.07257812500000001 0.07791666666666666
54 0.39715625 0.9180833333333334 0.07159375 0.06641666666666667
54 0.397625 0.7955625000000001 0.0620625 0.06816666666666667
54 0.330171875 0.8871875 0.07303125 0.059125
54 0.41640625 0.6447916666666667 0.5703125 0.23125