54 0.74051 0.9088266666666667 0.03454 0.020906666666666667
54 0.30425 0.4453866666666666 0.1071 0.16042666666666666
54 0.9499 0.9025466666666666 0.03172 0.024293333333333333
54 0.94874 0.8886266666666666 0.03728 0.03544
54 0.73993 0.8658933333333333 0.03062 0.030986666666666666
54 0.8742800000000001 0.9029866666666667 0.020399999999999998 0.028
54 0.8864299999999999 0.9047466666666666 0.01582 0.02570666666666667
54 0.8931699999999999 0.8942533333333335 0.02574 0.04562666666666666
54 0.91352 0.8847866666666666 0.01128 0.017786666666666666
54 0.6109 0.8854133333333334 0.023039999999999998 0.01952
54 0.6014200000000001 0.9028800000000001 0.013640000000000001 0.01488
54 0.8919499999999999 0.6178666666666667 0.07586 0.07829333333333333