46 0.553078125 0.7564467592592593 0.027000000000000003 0.02775462962962963
46 0.6556875 0.6697222222222222 0.09921875 0.09671296296296296
46 0.6538359375 0.35952546296296295 0.111109375 0.13872685185185185
46 0.7310546875 0.39061342592592585 0.015234375 0.06386574074074074
46 0.8046484375 0.7617361111111111 0.06035937500000001 0.09097222222222222
46 0.35570312499999995 0.9359606481481481 0.0955625 0.10562500000000001
46 0.876953125 0.3130671296296296 0.02121875 0.060439814814814814
46 0.6431328125 0.48861111111111116 0.062765625 0.13773148148148148
46 0.936703125 0.44598379629629625 0.02971875 0.061921296296296294
46 0.6789453125 0.5286458333333334 0.138796875 0.20391203703703706
46 0.44604687499999995 0.9065046296296296 0.08384375 0.09777777777777778
46 0.7397734375 0.6766550925925926 0.022859375 0.039837962962962964
46 0.746421875 0.7454629629629629 0.062375 0.04296296296296296
46 0.621875 0.6111111111111112 0.753125 0.7546296296296297