51 0.7247423887587823 0.519046875 0.13983606557377048 0.06596874999999999
51 0.652271662763466 0.47367968749999995 0.10510538641686183 0.069015625
51 0.7376346604215456 0.6544609375 0.19185011709601874 0.12242187499999999
51 0.7591100702576112 0.46852343750000003 0.06613583138173301 0.053328125000000004
51 0.6664754098360657 0.7563203125 0.11786885245901639 0.144984375
51 0.502423887587822 0.6669375 0.11318501170960187 0.06528125
51 0.5027049180327869 0.6143671875 0.07173302107728337 0.044734375
51 0.48437939110070255 0.5857421875 0.08552693208430914 0.051171875
51 0.684519906323185 0.5705546874999999 0.057096018735363 0.045515625
51 0.6131381733021077 0.5525781249999999 0.054988290398126465 0.025968750000000002
51 0.6890046838407495 0.45503125000000005 0.07454332552693207 0.0411875
51 0.7600000000000001 0.551578125 0.12107728337236534 0.09415625
51 0.613688524590164 0.512546875 0.1313583138173302 0.05959375