51 0.59575 0.5587762237762237 0.149125 0.17564102564102563
51 0.6744140625 0.5005128205128205 0.10370312500000001 0.14135198135198135
50 0.44135156250000007 0.7018764568764569 0.262109375 0.3752680652680653
50 0.5527031250000001 0.3528438228438229 0.220625 0.3365501165501165
50 0.941453125 0.2797785547785548 0.11146875 0.23596736596736598
50 0.8597812499999999 0.7897319347319348 0.1849375 0.42053613053613054
50 0.6931406250000001 0.20403263403263402 0.09490625 0.16853146853146853
50 0.8517578125 0.06621212121212121 0.161953125 0.11857808857808858
51 0.9696718749999998 0.8026107226107226 0.06065625 0.13627039627039628
51 0.8039765624999999 0.07708624708624709 0.057703125 0.054778554778554776
51 0.8221796875 0.2529487179487179 0.043265625 0.058065268065268065
50 0.783859375 0.17523310023310024 0.12971875 0.1706060606060606
51 0.9374062499999999 0.7818648018648018 0.0215 0.04326340326340326
51 0.73971875 0.04970862470862471 0.05884374999999999 0.08184149184149184
51 0.969828125 0.6576806526806527 0.0385 0.05456876456876457