51 0.49882031250000003 0.21227083333333333 0.9976406250000001 0.4174583333333333
51 0.5975859375000001 0.42140625000000004 0.085484375 0.1333541666666667
50 0.7905468750000001 0.7363437500000001 0.10696874999999999 0.10039583333333332
50 0.5286328124999999 0.9154062500000001 0.23726562499999998 0.1691875
50 0.733765625 0.40305208333333337 0.11503125 0.10564583333333334
50 0.22275 0.4783020833333333 0.11515625 0.13352083333333334
50 0.017734375 0.6581979166666667 0.03546875 0.0816875
51 0.8648281250000001 0.5982604166666667 0.06296874999999999 0.06435416666666667
51 0.23663281249999998 0.6128437499999999 0.101828125 0.07981250000000001
51 0.5346328124999999 0.3623541666666667 0.031703125 0.11804166666666666
51 0.707640625 0.7204166666666667 0.0650625 0.05025
51 0.15859375 0.4233125 0.068 0.07370833333333333
51 0.7977265625000001 0.5913125000000001 0.087140625 0.07725