46 0.55699 0.28295180722891566 0.05282 0.06681927710843373
46 0.5628599999999999 0.23774698795180724 0.0676 0.05737349397590361
46 0.5555800000000001 0.3179397590361446 0.07740000000000001 0.12228915662650602
47 0.40552999999999995 0.515 0.17665999999999998 0.07433734939759036
46 0.6274400000000001 0.28434939759036143 0.05188 0.05173493975903614
46 0.66235 0.27865060240963857 0.047380000000000005 0.046987951807228916
46 0.65627 0.3140963855421687 0.04106 0.03908433734939759
47 0.31622 0.5477710843373493 0.0482 0.052265060240963855
47 0.29575 0.5216265060240963 0.0343 0.02272289156626506
47 0.28004 0.5413614457831325 0.03624 0.04440963855421687
47 0.24515 0.5609638554216868 0.02442 0.01759036144578313
46 0.57287 0.2682771084337349 0.04286 0.023734939759036143
46 0.65884 0.28332530120481925 0.0464 0.04915662650602409
46 0.63547 0.3195903614457831 0.027059999999999997 0.028530120481927712
46 0.6029200000000001 0.3040481927710843 0.08564 0.12057831325301205