49 0.086625 0.3637822014051522 0.060281249999999995 0.27206088992974237
47 0.6506171875 0.3667330210772834 0.106296875 0.1689695550351288
47 0.8645312500000001 0.18421545667447306 0.1395 0.20679156908665106
47 0.9467890625 0.5460655737704918 0.106421875 0.23372365339578455
47 0.7136875 0.6487587822014051 0.11299999999999999 0.16936768149882903
47 0.7323828125 0.28156908665105385 0.10189062499999998 0.15864168618266977
47 0.6224609375 0.2400585480093677 0.106265625 0.1470023419203747
47 0.673953125 0.503384074941452 0.1006875 0.17117096018735364
47 0.9096640625000001 0.36518735362997656 0.157703125 0.23463700234192036
47 0.7886328125 0.9056206088992974 0.164921875 0.18875878220140513
47 0.5008203124999999 0.44026932084309134 0.329265625 0.6831147540983606
47 0.7495 0.4134894613583138 0.08490625 0.14805620608899298
47 0.285640625 0.3670843091334895 0.07315625 0.10442622950819673
47 0.696875 0.14802107728337235 0.0980625 0.13341920374707258
47 0.49921875 0.5421545667447307 0.9984375 0.9110070257611241