47 0.8116 0.42513333333333336 0.3768 0.3147466666666667
47 0.91347 0.07304000000000001 0.07022 0.06213333333333333
47 0.82085 0.09516000000000001 0.3583 0.19032000000000002
47 0.15202999999999997 0.10698666666666666 0.28378 0.19370666666666667
47 0.7904500000000001 0.8280933333333333 0.41798 0.32136000000000003
47 0.09783000000000001 0.8101333333333333 0.18886 0.24949333333333334
49 0.38006 0.8119866666666666 0.38932 0.34829333333333334
49 0.55821 0.44603999999999994 0.06838 0.09256
49 0.5318099999999999 0.3024266666666667 0.06298 0.0808
49 0.46432999999999996 0.5202266666666667 0.0691 0.09661333333333333
49 0.50281 0.16142666666666666 0.06054 0.0852
49 0.41658999999999996 0.3118 0.0663 0.08130666666666667
49 0.37521 0.44296 0.05978 0.08560000000000001
49 0.3 0.3179866666666667 0.06068 0.07415999999999999
49 0.49327000000000004 0.44473333333333326 0.06382 0.08605333333333334
49 0.40685 0.5180133333333333 0.055659999999999994 0.09485333333333333
49 0.53118 0.38432 0.06631999999999999 0.09744
47 0.13016 0.4050666666666667 0.259 0.2774933333333333
49 0.5325500000000001 0.5260133333333333 0.06678 0.09
49 0.35518 0.37648000000000004 0.06012 0.08330666666666667
49 0.44 0.2813333333333333 0.368 0.5626666666666666