46 0.29946875 0.4822014051522248 0.04371875 0.07405152224824356
46 0.53421875 0.4880679156908665 0.042562499999999996 0.06873536299765809
46 0.451390625 0.47915690866510535 0.12571875 0.09100702576112413
46 0.633296875 0.47799765807962535 0.0355 0.03903981264637003
46 0.6310625 0.4954683840749414 0.04384375 0.060210772833723655
46 0.6787109375 0.49053864168618266 0.052078124999999996 0.06721311475409836
46 0.309828125 0.5003161592505855 0.026125 0.05651053864168618
46 0.565578125 0.48756440281030444 0.02415625 0.05381733021077283
46 0.579921875 0.48584309133489456 0.011875 0.04981264637002342
49 0.36671875000000004 0.41264637002341925 0.0300625 0.03348946135831382
46 0.36675 0.4850117096018735 0.0393125 0.07728337236533958
46 0.40157031249999997 0.4846018735362998 0.040859374999999996 0.07501170960187353
49 0.3295078125 0.2778688524590164 0.021421875 0.02857142857142857
49 0.35655468749999997 0.2590632318501171 0.021921875 0.029039812646370025
49 0.41421093749999993 0.30336065573770493 0.022359375 0.03215456674473068
49 0.40853124999999996 0.2792740046838407 0.02390625 0.028337236533957845
49 0.435796875 0.3179274004683841 0.02053125 0.03135831381733021
49 0.4489140625 0.29307962529274006 0.020703125 0.03505854800936768
49 0.2533984375 0.30962529274004685 0.024859375 0.03409836065573771
49 0.3748125 0.31018735362997657 0.023375 0.028243559718969555
49 0.39064062499999996 0.265327868852459 0.021968750000000002 0.030000000000000002
49 0.3392109375 0.34319672131147544 0.304390625 0.21852459016393444
49 0.46051562500000004 0.39126463700234193 0.1495625 0.09199063231850117
46 0.336765625 0.48098360655737704 0.031375 0.08252927400468385
46 0.6 0.4882903981264637 0.128125 0.10070257611241218