54 0.6586284722222222 0.5041283292978208 0.22486111111111112 0.26012106537530266
54 0.8840711805555556 0.5209685230024212 0.2318576388888889 0.2738983050847458
54 0.4209114583333333 0.4594309927360775 0.21029513888888887 0.26191283292978207
54 0.5859895833333334 0.28108958837772396 0.1436111111111111 0.17152542372881358
54 0.7447395833333333 0.29210653753026633 0.15663194444444445 0.16319612590799032
54 0.7683333333333333 0.18760290556900727 0.12975694444444444 0.10857142857142858
54 0.6409982638888889 0.18332929782082324 0.13206597222222222 0.13295399515738499
54 0.51515625 0.5604963680387409 0.9269444444444443 0.7483535108958838
54 0.07755208333333333 0.2793341404358354 0.15270833333333333 0.16999999999999998
54 0.3374565972222222 0.1620096852300242 0.15692708333333333 0.1250363196125908
54 0.22046875000000002 0.11226392251815981 0.11614583333333334 0.1097094430992736
54 0.3994791666666667 0.10520581113801454 0.12104166666666666 0.08571428571428572
54 0.5365364583333334 0.7535714285714287 0.25362847222222223 0.35135593220338984