52 0.5979609375 0.6404374999999999 0.047640625 0.024333333333333332
52 0.635984375 0.6473541666666666 0.05209375000000001 0.030333333333333334
52 0.5745546874999999 0.6664375 0.049109375 0.032125
52 0.505734375 0.64140625 0.03075 0.059437500000000004
52 0.538515625 0.6472083333333333 0.034875 0.031375
52 0.5769843750000001 0.6287187499999999 0.04546875 0.025062499999999998
52 0.526671875 0.6280520833333333 0.038375 0.025812500000000002
52 0.5015546874999999 0.6239375 0.038765625 0.029583333333333333
52 0.6496015625 0.6174895833333334 0.052078124999999996 0.0249375
52 0.615 0.61009375 0.02359375 0.014395833333333333
52 0.54453125 0.6607604166666667 0.03775 0.036187500000000004
52 0.5688125 0.6558125 0.02228125 0.02033333333333333
52 0.5252890625 0.6413437500000001 0.023296875 0.016104166666666666
52 0.56328125 0.6364583333333333 0.2171875 0.08541666666666667