46 0.381 0.6831171875 0.14466666666666667 0.199609375
46 0.4850729166666667 0.660515625 0.13889583333333333 0.19665625
46 0.3051770833333334 0.7683281249999999 0.14597916666666666 0.22640625
46 0.1603645833333333 0.749671875 0.18614583333333332 0.2699375
46 0.14109375 0.59896875 0.03289583333333333 0.034875
46 0.22848958333333333 0.6202109375 0.11014583333333333 0.061734374999999994
46 0.41665625 0.42214062500000005 0.0738125 0.061
46 0.5439791666666667 0.43274999999999997 0.12041666666666666 0.045156249999999995
46 0.6584479166666667 0.43298437500000003 0.09164583333333334 0.044656249999999995
46 0.7273958333333332 0.4415234375 0.0415 0.028546875
46 0.03654166666666667 0.7816640625 0.07308333333333333 0.184171875
46 0.7914479166666666 0.7000390624999999 0.12368749999999999 0.137484375
46 0.8792395833333333 0.6703046875 0.1139375 0.162265625
46 0.5 0.6015625 0.9958333333333333 0.50625