46 0.09125781250000001 0.20219791666666667 0.075046875 0.09739583333333333
46 0.0472421875 0.23132291666666666 0.066546875 0.07622916666666667
46 0.5805703125 0.02978125 0.033359375000000004 0.059520833333333335
46 0.242296875 0.14479166666666668 0.04153125 0.10008333333333333
46 0.898953125 0.19040625 0.030343750000000003 0.058854166666666666
46 0.9497187500000001 0.20719791666666668 0.0521875 0.0389375
46 0.50578125 0.06395833333333333 0.03534375 0.10604166666666666
46 0.18065625000000002 0.17636458333333332 0.0260625 0.06539583333333333
46 0.9837890625 0.24851041666666665 0.032421875 0.0519375
46 0.9692187499999999 0.24325000000000002 0.03915625 0.057416666666666664
49 0.746015625 0.6231875 0.5079687500000001 0.753625
46 0.9856953125000001 0.20991666666666667 0.023109374999999998 0.01891666666666667
46 0.9177734375 0.23578125 0.026046875000000004 0.04677083333333333
46 0.6425 0.27458333333333335 0.05515625 0.051583333333333335
46 0.48359375 0.15520833333333334 0.9578125 0.28541666666666665