47 0.454859375 0.549625 0.09496875 0.13008333333333333
47 0.5451406249999999 0.5271250000000001 0.0970625 0.12512500000000001
47 0.6820625 0.6482291666666666 0.13940625 0.19529166666666667
47 0.41515625 0.6212395833333333 0.06053125 0.09485416666666667
47 0.90940625 0.4637291666666667 0.060625 0.06791666666666667
47 0.558609375 0.606125 0.074375 0.059000000000000004
47 0.8334687500000001 0.34109375000000003 0.059312500000000004 0.09289583333333334
47 0.034499999999999996 0.6027916666666666 0.0390625 0.052083333333333336
47 0.0798046875 0.6621770833333334 0.052328125 0.06502083333333333
47 0.5894999999999999 0.44453125 0.07053125 0.11710416666666666
47 0.8110703125000001 0.44813541666666673 0.059046875 0.060520833333333336
47 0.11946874999999998 0.6287708333333334 0.022468750000000003 0.08341666666666667