46 0.6715416666666667 0.128078125 0.09529166666666668 0.0489375
46 0.7226458333333333 0.141921875 0.182875 0.0324375
49 0.7556354166666668 0.6265156249999999 0.1881875 0.10684374999999999
49 0.6525416666666666 0.36324999999999996 0.351375 0.22353125000000001
49 0.44078124999999996 0.8294140624999999 0.21647916666666667 0.185890625
49 0.24000000000000002 0.829140625 0.17883333333333334 0.1529375
49 0.31189583333333337 0.705140625 0.20320833333333335 0.12215625000000001
49 0.14117708333333334 0.9616015625000001 0.2602291666666667 0.076796875
49 0.29830208333333336 0.598875 0.1891875 0.12437499999999999
49 0.4471875 0.5649921875 0.16629166666666664 0.115578125
49 0.5106458333333334 0.7233203125 0.19541666666666666 0.138765625
49 0.5241458333333333 0.6441328125 0.19391666666666665 0.09135937499999999
49 0.6290208333333334 0.5834765625 0.14979166666666668 0.111890625
49 0.7987395833333333 0.7370234375 0.20756249999999998 0.127359375
49 0.8286354166666666 0.570703125 0.18077083333333333 0.10453125
49 0.54375 0.35546875 0.8791666666666667 0.5203125