54 0.4470859375 0.6069765625 0.197546875 0.168421875
54 0.6202265625000001 0.7195546875 0.238203125 0.25842187499999997
54 0.5634453125000001 0.5071640625 0.144953125 0.138328125
54 0.9045156249999999 0.69846875 0.18721875 0.24571874999999999
54 0.40621093750000004 0.7531874999999999 0.198765625 0.1368125
54 0.80390625 0.5284296875 0.20784375000000002 0.159796875
54 0.83478125 0.7917343750000001 0.14559375000000002 0.09934375
54 0.7785859375 0.688109375 0.104671875 0.1868125
54 0.7775234375 0.8348359375 0.161796875 0.087640625
54 0.3296875 0.697875 0.11081250000000001 0.13674999999999998
54 0.6816640625 0.5852734375 0.174109375 0.170203125