46 0.34036718749999995 0.7256029106029106 0.089671875 0.14721413721413723
46 0.22846093750000002 0.6578066528066528 0.080015625 0.09586278586278586
46 0.41999218749999995 0.44353430353430356 0.542890625 0.8164656964656966
46 0.5110625 0.5023596673596673 0.0955 0.1294178794178794
51 0.6072734375000001 0.5804054054054054 0.267140625 0.23174636174636173
51 0.3015078125 0.16956340956340957 0.097265625 0.18353430353430353
51 0.15999218750000002 0.31457380457380457 0.196109375 0.1687733887733888
51 0.54528125 0.2583783783783784 0.113625 0.14469854469854468
51 0.5901484375 0.8827650727650728 0.12442187499999999 0.13646569646569648
46 0.4612890625 0.42166320166320165 0.105265625 0.09139293139293139
46 0.504140625 0.3537110187110187 0.062875 0.10401247401247402
47 0.49846874999999996 0.16615384615384615 0.0719375 0.11280665280665281
47 0.5118359375 0.5071933471933472 0.105546875 0.13392931392931393
47 0.57259375 0.178024948024948 0.0779375 0.09696465696465696
47 0.6343359375000001 0.2281185031185031 0.084890625 0.09
47 0.35425 0.46735966735966733 0.08078125 0.0819126819126819
47 0.46046875 0.4224948024948025 0.10259375 0.09027027027027028
47 0.51571875 0.8411434511434511 0.06459375 0.15363825363825365
47 0.6744140625 0.6269230769230769 0.095953125 0.13247401247401247
51 0.4166953125 0.5560706860706861 0.10795312500000001 0.16686070686070686
51 0.39896875 0.27664241164241166 0.13996875 0.3221829521829522
51 0.606453125 0.3434407484407484 0.12834375 0.19436590436590437
49 0.6257499999999999 0.629885654885655 0.0760625 0.15374220374220374
49 0.2512734375 0.2896569646569646 0.063390625 0.14422037422037423
49 0.6367421875 0.1149064449064449 0.062796875 0.08103950103950103
47 0.131546875 0.22576923076923078 0.10253125 0.11677754677754679