50 0.292671875 0.23176401869158877 0.22659375 0.46352803738317755
51 0.41853125 0.3310864485981308 0.13075 0.21348130841121496
51 0.4368984375 0.4493224299065421 0.136765625 0.2997196261682243
51 0.34297656249999997 0.4690771028037384 0.13214062499999998 0.1652570093457944
51 0.4237890624999999 0.13483644859813085 0.072140625 0.2247196261682243
51 0.563859375 0.467196261682243 0.18628125 0.14481308411214952
51 0.49742968750000005 0.7179789719626168 0.249453125 0.25843457943925235
51 0.45235156249999997 0.09663551401869158 0.057109375 0.17079439252336448
51 0.67628125 0.6903154205607476 0.49103125 0.39189252336448593
51 0.5013046875 0.11809579439252336 0.067734375 0.22992990654205606
51 0.60003125 0.6742056074766355 0.2214375 0.2910747663551402