49 0.11402343749999999 0.5295 0.056296875 0.066625
49 0.1633515625 0.5547916666666667 0.060578125000000003 0.05845833333333333
49 0.1853828125 0.6181041666666667 0.053953125000000005 0.06558333333333334
49 0.494453125 0.6035208333333333 0.0526875 0.06983333333333334
49 0.3060859375 0.5823125 0.047921875 0.07162500000000001
49 0.6085078125 0.6044791666666666 0.057171875000000004 0.06858333333333334
49 0.7316796875 0.5650833333333334 0.045265625 0.050583333333333334
49 0.68559375 0.5751458333333334 0.0521875 0.06625
49 0.6298515625 0.4940104166666667 0.041109375 0.06435416666666667
49 0.27923437500000003 0.40746874999999994 0.05796875 0.07727083333333334
49 0.6150859375000001 0.6560104166666668 0.054265625 0.04547916666666666
49 0.4114140625 0.614625 0.040203125 0.04945833333333333
51 0.753328125 0.24386458333333336 0.06146875 0.07614583333333333
51 0.7272265625 0.26214583333333336 0.5448593749999999 0.21645833333333334
47 0.6085078125000001 0.13720833333333332 0.034296875 0.03329166666666667
47 0.5779296875 0.15655208333333331 0.031984374999999995 0.03277083333333333
47 0.6090078125 0.1687916666666667 0.048359374999999996 0.03904166666666666
49 0.8565859375 0.6669166666666667 0.06589062500000001 0.0775
47 0.51015625 0.15925 0.028968749999999998 0.027916666666666666
47 0.6402734375 0.16435416666666666 0.036578125 0.04225
49 0.49921875 0.4041666666666667 0.9984375 0.8083333333333333