46 0.8800078124999999 0.4418229166666666 0.07864062499999999 0.09922916666666667
46 0.9475703125000001 0.5476354166666667 0.064859375 0.16327083333333334
46 0.8250234375 0.5270729166666667 0.020078125 0.05627083333333334
46 0.802546875 0.5645833333333333 0.04925 0.11541666666666667
46 0.7194765624999999 0.46802083333333333 0.025859375 0.046625
46 0.7492265625 0.5883125 0.10904687500000002 0.12375
46 0.60059375 0.42127083333333337 0.05759375 0.0755
46 0.64265625 0.48984375 0.03478125 0.037270833333333336
46 0.644671875 0.5898645833333334 0.1149375 0.12168749999999999
46 0.552359375 0.5135208333333333 0.125 0.08333333333333333
46 0.4769609375 0.5462812499999999 0.080296875 0.1434375
46 0.8934921874999999 0.5882395833333334 0.13760937499999998 0.1014375
46 0.5425078125 0.5964166666666667 0.094828125 0.09654166666666668
46 0.6296875 0.540625 0.628125 0.28958333333333336