52 0.32623437499999997 0.7803749999999999 0.06728125 0.06066666666666667
52 0.30765625 0.7155104166666667 0.03340625 0.06452083333333333
52 0.351828125 0.7113750000000001 0.028249999999999997 0.06654166666666667
52 0.277734375 0.7798020833333333 0.050624999999999996 0.07335416666666666
52 0.29510937499999995 0.7821979166666666 0.04584375 0.07952083333333333
52 0.38128125 0.8644375 0.062375 0.08204166666666667
52 0.31172656249999997 0.84665625 0.055671875 0.06414583333333333
52 0.21993749999999998 0.83034375 0.048875 0.0471875
52 0.34601562500000005 0.8447916666666667 0.05953125 0.059208333333333335
52 0.32697656249999996 0.7091354166666667 0.029296875 0.06252083333333333
52 0.348234375 0.7820625 0.056625 0.07275000000000001
52 0.25453125 0.78040625 0.040781250000000005 0.0721875
52 0.26875 0.7791666666666667 0.253125 0.19166666666666668