48 0.8735937500000001 0.5174895833333334 0.12528125 0.1467291666666667
48 0.58059375 0.4497708333333333 0.1325625 0.17675000000000002
48 0.9139609375 0.6220833333333334 0.156390625 0.13229166666666667
48 0.693125 0.4958958333333333 0.13234375 0.152
48 0.6337890625 0.38284375 0.089046875 0.08389583333333334
48 0.6984609374999999 0.38255208333333335 0.066015625 0.08510416666666668
55 0.6961796875 0.49677083333333333 0.12342187499999999 0.15091666666666667
55 0.5430546875 0.24863541666666666 0.036859375 0.035270833333333335
55 0.91215625 0.6229166666666667 0.1664375 0.15058333333333335
55 0.6455 0.3414895833333333 0.060406249999999995 0.035979166666666666
55 0.50259375 0.26623958333333336 0.05065625 0.08052083333333333
55 0.6302109375 0.2600729166666667 0.059484375 0.042479166666666665
55 0.6433046874999999 0.2976145833333333 0.063734375 0.06110416666666666
55 0.7501875 0.27519791666666665 0.04675 0.05422916666666667
55 0.727171875 0.22732291666666665 0.046875 0.04527083333333334
48 0.755609375 0.3824583333333333 0.07490625 0.050791666666666666
48 0.7526796874999999 0.4799583333333333 0.10492187500000001 0.16091666666666665