48 0.281828125 0.40198666666666666 0.41684374999999996 0.6599733333333334
48 0.70734375 0.30517333333333335 0.46453125 0.5495466666666667
51 0.6884140625 0.42095999999999995 0.035703125 0.08954666666666666
51 0.32707031249999996 0.6066533333333334 0.100734375 0.2230133333333333
51 0.6077109374999999 0.38926666666666665 0.075296875 0.14712
51 0.30450781250000003 0.09570666666666666 0.045171875 0.08042666666666666
51 0.3401484375 0.05979999999999999 0.023765625000000002 0.05997333333333333
51 0.3432265625 0.44324 0.167609375 0.2600266666666667
51 0.1293203125 0.5072 0.124953125 0.09882666666666667
51 0.5973515624999999 0.4056933333333333 0.062390625 0.16882666666666668
51 0.6241718749999999 0.4300666666666667 0.031656250000000004 0.08093333333333334
51 0.381890625 0.34694666666666674 0.035562500000000004 0.03666666666666667
51 0.645 0.40132 0.0374375 0.07986666666666667
51 0.923625 0.3589866666666667 0.026250000000000002 0.024106666666666665
51 0.8212421875 0.25569333333333333 0.039359375 0.03688
51 0.46171875 0.2813333333333333 0.4953125 0.36533333333333334