46 0.0871484375 0.5859375 0.008765625 0.016125
46 0.074984375 0.6581979166666667 0.016593749999999997 0.021604166666666664
49 0.5643750000000001 0.7645416666666667 0.131375 0.11850000000000001
46 0.08634375000000001 0.60075 0.099375 0.13225
50 0.4980703125 0.5883229166666666 0.053328125000000004 0.06302083333333333
49 0.49953906249999996 0.78071875 0.11773437499999999 0.12127083333333334
51 0.6858906250000001 0.5641875 0.025312499999999998 0.015375
51 0.7160703125000001 0.5605833333333333 0.037046875 0.017291666666666667
51 0.7143984375 0.5389895833333332 0.018015625 0.011020833333333334
51 0.6599843750000001 0.5638541666666667 0.01690625 0.009208333333333334
51 0.6628125 0.5588958333333333 0.01878125 0.007833333333333333
51 0.6672265625 0.53675 0.047734375 0.03529166666666667
51 0.6889296874999999 0.58446875 0.021359375 0.016854166666666667
51 0.7258515625 0.5804479166666667 0.023265625 0.011770833333333335
51 0.668359375 0.5859375 0.01315625 0.007125