46 0.320473441108545 0.34719 0.36588914549653584 0.17302
46 0.4594226327944573 0.38130000000000003 0.4166743648960739 0.09736
47 0.6501154734411085 0.52496 0.19944572748267897 0.16052000000000002
47 0.27019630484988455 0.49882 0.21457274826789838 0.17772
47 0.6143533487297921 0.30826 0.14810623556581984 0.13112000000000001
47 0.733406466512702 0.36877 0.17115473441108545 0.09406
47 0.709445727482679 0.28690999999999994 0.10064665127020785 0.09798
47 0.7346651270207852 0.45894999999999997 0.1905311778290993 0.14665999999999998
49 0.43163972286374136 0.67664 0.18803695150115474 0.15772
49 0.7717782909930715 0.7568 0.11445727482678984 0.12115999999999999
47 0.1460623556581986 0.32245 0.15854503464203235 0.1571
47 0.45871824480369516 0.54296 0.1733718244803695 0.14204
47 0.43339491916859124 0.26753 0.14096997690531177 0.0935
47 0.10823325635103927 0.43710000000000004 0.10390300230946882 0.12484
47 0.1213972286374134 0.5394100000000001 0.12533487297921478 0.10062
49 0.5215588914549653 0.6795399999999999 0.06773672055427252 0.13448
47 0.5410969976905312 0.42745000000000005 0.16912240184757507 0.13658
49 0.9112124711316397 0.62509 0.07919168591224018 0.09298000000000001
49 0.3966512702078522 0.41947999999999996 0.13556581986143187 0.12728
49 0.8757274826789838 0.6007899999999999 0.1225866050808314 0.1015
49 0.6075635103926097 0.65713 0.14515011547344112 0.13522
47 0.9284757505773673 0.52162 0.038060046189376445 0.08464