47 0.78896875 0.31083150984682717 0.11021875 0.1525601750547046
49 0.5065234375000001 0.5061159737417943 0.106671875 0.14938730853391685
49 0.63621875 0.3079759299781182 0.1065 0.15061269146608314
49 0.36187500000000006 0.11426695842450765 0.1075625 0.14573304157549233
49 0.36184375 0.30898249452954046 0.1075 0.15056892778993436
49 0.2194296875 0.11158643326039387 0.113546875 0.15669584245076587
49 0.222609375 0.31051422319474836 0.11221874999999999 0.14973741794310724
49 0.08052343749999999 0.1037527352297593 0.100703125 0.13831509846827134
49 0.07563281250000001 0.30550328227571116 0.106171875 0.15161925601750548
49 0.0795234375 0.7042450765864332 0.114546875 0.1515973741794311
49 0.21531250000000002 0.7067286652078774 0.09415625 0.1461050328227571
49 0.64746875 0.11535010940919038 0.1075 0.15056892778993436
49 0.927484375 0.30898249452954046 0.128375 0.16404814004376367
49 0.9258046875 0.11 0.104390625 0.140437636761488
49 0.50234375 0.5087527352297593 0.9890625 0.9781181619256017