46 0.41653999999999997 0.75986 0.36284 0.28084
46 0.43776 0.27934000000000003 0.41931999999999997 0.28787999999999997
49 0.42143 0.51163 0.11714 0.11714
49 0.43475 0.6413099999999999 0.12358 0.12706
49 0.36307 0.6144 0.10858 0.11624
49 0.25373 0.60614 0.11306000000000001 0.12224
49 0.31157000000000007 0.51485 0.10294 0.1067
49 0.25593 0.4249 0.10522 0.10204
49 0.41385 0.41214 0.21122 0.11248000000000001
49 0.53105 0.49233 0.10914 0.10826000000000001
49 0.5783100000000001 0.40187 0.11298 0.08914
49 0.6376300000000001 0.50148 0.10462 0.11008
49 0.42122 0.7134199999999999 0.11004000000000001 0.075
49 0.48668 0.60354 0.0974 0.10596