55 0.8101066666666668 0.63588 0.3180266666666667 0.17371999999999999
55 0.8 0.48247 0.26965333333333336 0.1663
55 0.7355733333333334 0.35168 0.24869333333333335 0.12359999999999999
55 0.6885866666666668 0.14493999999999999 0.21173333333333336 0.12912
55 0.044333333333333336 0.39639 0.08866666666666667 0.18234
55 0.47884 0.25805 0.20887999999999998 0.1485
55 0.3013866666666667 0.15116 0.18655999999999998 0.11752
55 0.7157733333333333 0.24424 0.21767999999999998 0.12204000000000001
55 0.23550666666666667 0.46623000000000003 0.2909066666666667 0.14806
55 0.25149333333333335 0.33269000000000004 0.23679999999999998 0.12794
55 0.27072 0.24108 0.20271999999999998 0.08752
55 0.4930666666666667 0.14803 0.19381333333333337 0.12934