46 0.478421875 0.7553855140186916 0.52128125 0.46282710280373834
46 0.199125 0.6617990654205608 0.39825 0.3572897196261682
46 0.11346093750000001 0.4353154205607477 0.10370312500000001 0.16179906542056074
46 0.31739843749999996 0.5201985981308411 0.136484375 0.2962383177570094
46 0.7395625 0.6619626168224299 0.10700000000000001 0.30822429906542054
46 0.919734375 0.743785046728972 0.16053125 0.5035046728971962
46 0.8337421875000001 0.8336098130841121 0.22923437500000002 0.32838785046728974
46 0.6743046875 0.5846028037383177 0.155796875 0.2194859813084112
46 0.5583828124999999 0.49220794392523365 0.067453125 0.17147196261682243
46 0.456734375 0.5829789719626168 0.115125 0.1516121495327103
46 0.14378125 0.4961331775700934 0.12025 0.09441588785046728
46 0.4662265625 0.4166822429906542 0.064515625 0.08574766355140187
46 0.144890625 0.5494509345794393 0.114625 0.12179906542056075
46 0.45390625 0.5362149532710281 0.9078125 0.352803738317757