54 0.4958933333333333 0.21837 0.13391999999999998 0.08286
54 0.34343999999999997 0.21489000000000003 0.14762666666666666 0.09054000000000001
54 0.13096 0.22066 0.16090666666666667 0.1052
54 0.04498666666666667 0.40184000000000003 0.08997333333333334 0.11448
54 0.14681333333333332 0.37878999999999996 0.17741333333333334 0.10042
54 0.03334666666666666 0.25426 0.06381333333333333 0.056280000000000004
54 0.29882666666666663 0.35098 0.06986666666666666 0.06652
54 0.04302666666666667 0.6179199999999999 0.08605333333333334 0.11059999999999999
54 0.18021333333333334 0.53203 0.16277333333333333 0.0643
54 0.40156 0.44054 0.21 0.1278
54 0.5288933333333333 0.33989 0.14461333333333332 0.07658