54 0.38269607843137254 0.5857352941176471 0.06977124183006536 0.06637254901960783
54 0.32386437908496735 0.8159640522875817 0.07893790849673203 0.07640522875816994
54 0.6590277777777778 0.7755637254901961 0.09374183006535947 0.08612745098039216
54 0.7613807189542484 0.5693872549019608 0.08001633986928104 0.05550653594771242
54 0.5772222222222223 0.7688480392156863 0.08611111111111111 0.07720588235294118
54 0.6154084967320261 0.5716993464052288 0.07624183006535948 0.05248366013071895
54 0.6570915032679738 0.7040114379084967 0.0811437908496732 0.07383986928104574
54 0.7423611111111111 0.7048611111111112 0.07975490196078432 0.0763235294117647
54 0.44126633986928104 0.594264705882353 0.07040849673202615 0.06709150326797386
54 0.6538643790849673 0.8620098039215686 0.09720588235294118 0.10261437908496732
54 0.7494852941176471 0.8660457516339869 0.11200980392156862 0.10931372549019609
54 0.8580800653594771 0.8693464052287581 0.10504901960784314 0.09980392156862745
54 0.8588071895424837 0.7806862745098039 0.10431372549019609 0.0877124183006536
54 0.7561846405228758 0.7775898692810458 0.1013562091503268 0.08050653594771243
54 0.7535620915032679 0.5195424836601307 0.08179738562091504 0.05718954248366013
54 0.3469771241830065 0.6352124183006536 0.07794117647058824 0.06937908496732026
54 0.8275408496732026 0.7068137254901962 0.09697712418300654 0.08630718954248366
54 0.48447712418300654 0.7173202614379085 0.4722222222222222 0.46405228758169936