46 0.27566406250000003 0.8613583138173301 0.029859375 0.15297423887587822
46 0.18541406249999998 0.8675058548009367 0.090109375 0.181615925058548
46 0.1243125 0.8698126463700234 0.08775 0.1671662763466042
46 0.321515625 0.8414871194379391 0.09209375 0.20911007025761125
46 0.09315625000000001 0.8410304449648712 0.070375 0.0717096018735363
46 0.1413046875 0.7262295081967214 0.042703124999999995 0.030725995316159247
46 0.2585 0.8621779859484777 0.038906249999999996 0.1422950819672131
46 0.23864843750000003 0.856639344262295 0.063421875 0.17112412177985947
46 0.1267421875 0.9299180327868852 0.06782812499999999 0.14016393442622951
46 0.056906250000000005 0.9162177985948479 0.11146875 0.16259953161592508
46 0.40482812500000004 0.8112060889929742 0.09034375 0.09374707259953162