46 0.6242365591397849 0.620609375 0.01729032258064516 0.04425
46 0.4677204301075269 0.6127265625 0.024989247311827955 0.037765625000000004
46 0.5490645161290323 0.6165390625 0.05129032258064516 0.046921875
46 0.32726881720430107 0.5870468750000001 0.10653763440860214 0.054000000000000006
46 0.6596129032258065 0.6535703125000001 0.08572043010752688 0.037703125
46 0.7512688172043012 0.617328125 0.07058064516129033 0.060843749999999995
46 0.6472365591397848 0.6168828125 0.036408602150537636 0.047109374999999995
46 0.5390537634408602 0.6578203125000001 0.01931182795698925 0.026859375
46 0.5173333333333333 0.6565000000000001 0.032086021505376344 0.0295
46 0.8134838709677419 0.65321875 0.1013763440860215 0.034937499999999996
46 0.4868817204301075 0.574421875 0.08210752688172043 0.03940625
46 0.683494623655914 0.5785312499999999 0.057526881720430106 0.04984375
46 0.4750107526881721 0.6501718750000001 0.05733333333333333 0.042499999999999996
46 0.546236559139785 0.61171875 0.632258064516129 0.1453125