46 0.3879296875 0.764543325526932 0.072921875 0.07648711943793911
46 0.2301328125 0.6706908665105387 0.07960937500000001 0.0860655737704918
46 0.31163281249999997 0.7640866510538641 0.107421875 0.09889929742388757
46 0.3271484375 0.7098360655737704 0.075140625 0.05508196721311475
46 0.2141328125 0.767927400468384 0.072390625 0.08695550351288057
46 0.13890625 0.7536768149882904 0.0390625 0.0234192037470726
46 0.40230468750000004 0.7221311475409836 0.08451562500000001 0.11447306791569087
46 0.16146875 0.7062763466042156 0.02784375 0.027681498829039815
46 0.13521093750000002 0.6786768149882905 0.024546875000000003 0.061943793911007024
46 0.1169609375 0.7489578454332553 0.068640625 0.10002341920374708
49 0.883 0.48474238875878223 0.06496874999999999 0.0805854800936768
46 0.15203125 0.7273770491803279 0.060312500000000005 0.07274004683840748