47 0.3386171875 0.6453161592505855 0.092078125 0.16028103044496486
47 0.2678203125 0.6528220140515223 0.125296875 0.15491803278688526
47 0.452140625 0.8040632318501171 0.0793125 0.08840749414519906
47 0.10903906249999999 0.5289812646370023 0.085703125 0.10775175644028102
47 0.0879765625 0.1922833723653396 0.175953125 0.14470725995316158
47 0.339984375 0.8147658079625292 0.08465625 0.11187353629976582
47 0.5080390625 0.7890046838407494 0.086796875 0.08901639344262295
49 0.73103125 0.6784777517564403 0.236875 0.2721311475409836
49 0.8407421875000001 0.680304449648712 0.200390625 0.20459016393442622
49 0.5139921875000001 0.26765807962529276 0.037453125 0.055690866510538645
49 0.428640625 0.20942622950819673 0.0525625 0.041662763466042155
49 0.486203125 0.33786885245901643 0.04259375 0.053676814988290404
49 0.4435546875 0.33830210772833724 0.053515625 0.06742388758782202
49 0.267484375 0.25615925058548006 0.054468749999999996 0.11733021077283373
49 0.1945625 0.1576463700234192 0.07775 0.09440281030444965
49 0.23743750000000002 0.25317330210772837 0.06443750000000001 0.10334894613583138
49 0.32925781249999997 0.2857142857142857 0.093578125 0.07274004683840748
49 0.3087734375 0.24838407494145198 0.040984375 0.050444964871194375
49 0.29358593749999995 0.3296018735362997 0.065671875 0.05348946135831382
47 0.40596875 0.8206088992974239 0.07834375 0.09756440281030444
49 0.2534296875 0.17854800936768148 0.044828125 0.056861826697892276
49 0.47265625 0.5105386416861827 0.4953125 0.7166276346604216