46 0.29935 0.3592792792792793 0.11554 0.1535135135135135
46 0.59402 0.4415315315315315 0.041280000000000004 0.06642642642642643
46 0.6248299999999999 0.45812312312312314 0.10529999999999999 0.12519519519519517
46 0.6208 0.33147147147147143 0.07392 0.11873873873873873
46 0.16041999999999998 0.5063813813813813 0.10923999999999999 0.10975975975975975
46 0.35821000000000003 0.705960960960961 0.024579999999999998 0.03504504504504505
46 0.43246 0.7178378378378379 0.0366 0.07183183183183184
46 0.38856999999999997 0.6925525525525525 0.03954 0.03153153153153153
46 0.48855 0.7309309309309309 0.02794 0.032912912912912914
47 0.17552 0.757102102102102 0.01992 0.025015015015015015
47 0.21806 0.6895045045045045 0.12624 0.0972072072072072
47 0.16832 0.7416666666666667 0.019559999999999998 0.023153153153153153