49 0.28578125 0.1580188679245283 0.0689375 0.11014150943396227
49 0.22759374999999998 0.12215801886792453 0.076 0.10445754716981132
49 0.049078125 0.22788915094339623 0.06490625 0.1067688679245283
49 0.033359375000000004 0.1901179245283019 0.0655625 0.09985849056603774
49 0.08828125 0.10023584905660378 0.1546875 0.19103773584905662
49 0.4822578125 0.4633608490566038 0.022734375 0.034316037735849056
49 0.46549218749999993 0.4925 0.044421875 0.055047169811320754
49 0.09903124999999999 0.590377358490566 0.044375 0.06127358490566038
49 0.0073281250000000004 0.1472169811320755 0.01453125 0.05580188679245283
49 0.38171093749999996 0.4140566037735849 0.028515625 0.04377358490566038
49 0.376953125 0.46030660377358495 0.0248125 0.03207547169811321
49 0.64128125 0.4258490566037736 0.021812500000000002 0.034150943396226416
49 0.65528125 0.42640330188679243 0.01440625 0.030117924528301886
49 0.540625 0.4410377358490566 0.69375 0.8490566037735849