48 0.69728 0.7675733333333332 0.19047999999999998 0.19728
48 0.7974499999999999 0.42396000000000006 0.24458000000000002 0.15645333333333333
48 0.29248 0.21032 0.06364 0.07850666666666667
55 0.88085 0.6629733333333333 0.10722 0.16791999999999999
55 0.27957 0.3586 0.07018 0.08712
55 0.21318 0.41790666666666665 0.039200000000000006 0.06322666666666667
55 0.93163 0.57196 0.08422 0.09293333333333334
55 0.25016 0.40498666666666666 0.04336 0.06837333333333334
48 0.31027 0.21669333333333332 0.06686 0.08336
48 0.13775 0.3721733333333333 0.0455 0.08466666666666667
49 0.75815 0.5888800000000001 0.09481999999999999 0.07584
49 0.21344 0.29934666666666665 0.07608 0.08232
48 0.27645 0.19238666666666665 0.06898 0.08205333333333333
55 0.5928 0.5583466666666667 0.06504 0.07680000000000001