54 0.79528125 0.8365104166666666 0.01915625 0.0268125
54 0.8142421875 0.8415937499999999 0.027109375 0.03160416666666667
54 0.8484765624999999 0.8060416666666668 0.024515625 0.03820833333333333
54 0.7669765625 0.8092083333333334 0.016390625 0.022625
54 0.8329296875000001 0.8025208333333332 0.023765625000000002 0.03491666666666667
54 0.727421875 0.81928125 0.02778125 0.030229166666666665
54 0.6611171874999999 0.7912083333333334 0.025484374999999997 0.036708333333333336
54 0.64628125 0.8005937499999999 0.03340625 0.036812500000000005
54 0.6993203125 0.81196875 0.014078125 0.02814583333333333
54 0.6548828125 0.6093333333333334 0.025234374999999996 0.015916666666666666
54 0.8228046875 0.8141770833333334 0.025765624999999997 0.042395833333333334
54 0.8104140624999999 0.4731041666666666 0.023109374999999998 0.0175
54 0.7900390625 0.47866666666666663 0.025078125 0.012666666666666666
54 0.61328125 0.609375 0.6890625 0.5145833333333333