54 0.42602343750000005 0.6156924882629107 0.042515625 0.029366197183098592
54 0.44440625 0.595868544600939 0.05265625 0.03408450704225352
54 0.17958593750000001 0.6430164319248826 0.035734375 0.020680751173708923
54 0.2024609375 0.6326173708920187 0.047484375 0.029225352112676056
54 0.24069531250000004 0.6345305164319249 0.047421875 0.02732394366197183
54 0.25575000000000003 0.6183802816901408 0.04715625 0.041267605633802815
54 0.290625 0.6298943661971832 0.04828125 0.043967136150234745
54 0.32590625 0.6396009389671362 0.05225 0.04192488262910798
54 0.32927343750000004 0.5653990610328639 0.042671875 0.03
54 0.59884375 0.4886267605633802 0.027750000000000004 0.027065727699530515
54 0.6382656250000001 0.4924413145539906 0.032875 0.031314553990610325
54 0.6393046874999999 0.46105633802816903 0.032078125 0.026619718309859156
54 0.475171875 0.5708685446009389 0.02325 0.027183098591549295
54 0.49921875 0.5915492957746479 0.6953125 0.3145539906103286