54 0.41259375 0.7487265625 0.13089583333333332 0.092578125
54 0.4620416666666667 0.6324296875 0.13154166666666667 0.09526562499999999
54 0.6620104166666666 0.6531796875 0.1368125 0.08842187500000001
54 0.6877083333333333 0.74190625 0.10816666666666667 0.09575
54 0.4066666666666667 0.8588281249999999 0.12795833333333334 0.09925
54 0.54046875 0.08057031249999999 0.15522916666666667 0.09957812499999999
54 0.29202083333333334 0.7031171875 0.07658333333333332 0.085171875
54 0.2861041666666667 0.7926484375 0.07958333333333334 0.099734375
54 0.6035625000000001 0.8621484374999999 0.12829166666666666 0.087265625
54 0.958875 0.610390625 0.08224999999999999 0.10390625
54 0.39041666666666663 0.0874140625 0.11033333333333334 0.10498437499999999
54 0.2973020833333333 0.5842421874999999 0.07322916666666666 0.09126562499999999
54 0.5027708333333333 0.358140625 0.13366666666666666 0.0964375