47 0.708625 0.36502083333333335 0.24825 0.23708333333333334
47 0.7059062500000001 0.15362499999999998 0.22571875000000002 0.23816666666666667
51 0.08490625 0.7169791666666666 0.10259375 0.448125
51 0.35210937500000006 0.7103333333333334 0.22534375 0.48591666666666666
48 0.4929765625 0.87415625 0.21404687500000003 0.11235416666666667
48 0.2123671875 0.643125 0.16404687499999998 0.12420833333333332
48 0.200953125 0.7525416666666666 0.1323125 0.14670833333333333
48 0.22165625000000003 0.8794062500000001 0.21000000000000002 0.15689583333333335
48 0.4999140625 0.60959375 0.189234375 0.1699375
48 0.2108125 0.5184375 0.20012500000000003 0.18133333333333335
48 0.49659375 0.50871875 0.2054375 0.1283125
48 0.50128125 0.7404479166666665 0.20590625 0.15272916666666667