50 0.33441406249999994 0.4266666666666667 0.11470312499999999 0.14825
50 0.190921875 0.4501458333333333 0.14825 0.16795833333333335
51 0.6254375 0.7321770833333333 0.025062499999999998 0.07443749999999999
51 0.8151328124999999 0.72984375 0.042921875 0.05210416666666667
51 0.79415625 0.6854791666666668 0.03803125 0.054875
51 0.652546875 0.6688020833333332 0.018375 0.050895833333333335
50 0.3766484375 0.3533541666666667 0.067484375 0.12325
51 0.7209140625 0.6949687499999999 0.040171875 0.03289583333333333
50 0.06897656249999999 0.404375 0.11417187499999999 0.11679166666666667
50 0.24928906250000002 0.28113541666666664 0.40270312500000005 0.29672916666666665
50 0.11176562500000001 0.6881041666666667 0.09903125 0.1625
50 0.194953125 0.6864895833333333 0.10915625 0.17997916666666666
50 0.27228906249999996 0.7088125 0.071609375 0.081625
51 0.467078125 0.6849375 0.02615625 0.135375
51 0.5557968750000001 0.7190624999999999 0.18153125 0.16341666666666665
51 0.71484375 0.6481875 0.0325 0.021083333333333332
51 0.746453125 0.7317395833333333 0.0891875 0.09160416666666667
51 0.6895078125 0.7005208333333334 0.136140625 0.169625