51 0.25753906249999997 0.8675104166666666 0.13189062499999998 0.26489583333333333
51 0.043234375 0.65646875 0.07234375 0.5176458333333334
51 0.127015625 0.7593333333333334 0.0704375 0.3511666666666667
51 0.1846640625 0.8244062500000001 0.090453125 0.3015208333333333
51 0.09859375000000001 0.6876458333333333 0.06571875 0.507875
51 0.39278124999999997 0.19940625 0.110375 0.09047916666666667
51 0.03303125 0.6673541666666666 0.0660625 0.5699583333333333
51 0.4312421875 0.36730208333333336 0.157359375 0.18772916666666667
51 0.0075 0.6730208333333334 0.015 0.14262499999999997
51 0.46039062500000005 0.6785833333333334 0.041125 0.055125
51 0.527765625 0.5830520833333334 0.0203125 0.050145833333333334
51 0.34142187500000004 0.63371875 0.045 0.04547916666666666
51 0.7752656250000001 0.39934375 0.0456875 0.04139583333333333
51 0.38203125 0.32395833333333335 0.4578125 0.5520833333333334