54 0.3452734375 0.8370491803278688 0.085578125 0.09381733021077283
54 0.3692109375 0.7726346604215457 0.078171875 0.0693911007025761
54 0.38559375 0.7224473067915691 0.074875 0.0635831381733021
54 0.43129687499999997 0.8326346604215458 0.082375 0.09042154566744731
54 0.5273671875 0.8650117096018736 0.06704687499999999 0.07508196721311476
54 0.33425 0.6664754098360657 0.06965625 0.07018735362997658
54 0.256953125 0.6634660421545667 0.0719375 0.06477751756440281
54 0.24028906249999998 0.7075644028103044 0.07473437499999999 0.05466042154566745
54 0.2626640625 0.8248594847775175 0.078078125 0.07562060889929742
54 0.18465625000000002 0.8213348946135831 0.078 0.0946135831381733
48 0.743875 0.21788056206088993 0.10943750000000001 0.07622950819672131
54 0.5949296875 0.8692271662763466 0.06689062500000001 0.08088992974238876
54 0.29925 0.756768149882904 0.07428125 0.08847775175644028
48 0.5536953125 0.21359484777517565 0.09829687499999999 0.0837704918032787
54 0.3175078125 0.7113700234192037 0.068296875 0.06053864168618267
48 0.64659375 0.21159250585480097 0.0935 0.06365339578454332
48 0.7512265625 0.18028103044496488 0.089484375 0.03770491803278689
48 0.85875 0.2156440281030445 0.10553125000000001 0.08135831381733022
54 0.5 0.5386416861826698 0.996875 0.8477751756440282