46 0.7402578125 0.2825490196078431 0.40551562499999994 0.5392156862745098
47 0.34792968750000003 0.4424877450980393 0.151140625 0.22772058823529412
49 0.44662500000000005 0.6258333333333334 0.18928125 0.25980392156862747
49 0.2453984375 0.4286887254901961 0.10301562500000001 0.2175735294117647
49 0.70290625 0.6403186274509803 0.15787500000000002 0.25
47 0.42475781250000005 0.8415808823529412 0.176203125 0.2763970588235294
47 0.5824453125 0.5783700980392157 0.163515625 0.25169117647058825
47 0.583109375 0.8307720588235293 0.16475 0.25394607843137257
47 0.277765625 0.6740808823529412 0.17009375 0.24875
47 0.77503125 0.4730392156862745 0.17190624999999998 0.25392156862745097
47 0.7492421874999999 0.8456862745098038 0.16904687499999999 0.2853921568627451
47 0.6077109375 0.11321078431372548 0.145109375 0.2171078431372549
47 0.48530468750000005 0.1774387254901961 0.134515625 0.19316176470588237
47 0.6301875 0.40866421568627453 0.15828124999999998 0.2278186274509804
47 0.429984375 0.056727941176470585 0.121125 0.11154411764705882