54 0.5349921875 0.5089254385964912 0.283890625 0.20456140350877194
54 0.41149218750000005 0.8191008771929824 0.294609375 0.2179824561403509
54 0.3009140625 0.6218969298245614 0.270984375 0.20453947368421052
54 0.3061484375 0.4295394736842105 0.23576562499999998 0.2419736842105263
54 0.46401562500000004 0.33287280701754385 0.29496875 0.2401754385964912
54 0.7413203125 0.5573026315789473 0.131296875 0.19776315789473686
54 0.6820078125 0.7905372807017544 0.250328125 0.22072368421052632
54 0.380265625 0.9415021929824561 0.27934375 0.11699561403508772
54 0.5772031249999999 0.6584320175438596 0.2801875 0.20673245614035088
54 0.6440234375 0.9328508771929824 0.271109375 0.13429824561403508
54 0.833671875 0.8732894736842106 0.1993125 0.2200877192982456
54 0.17692187499999998 0.7314583333333333 0.21934375 0.24046052631578949
54 0.7895234375 0.6753618421052632 0.153796875 0.19449561403508772
54 0.4625 0.6480263157894737 0.925 0.6995614035087719