49 0.6514140625 0.5161619718309859 0.112171875 0.1618075117370892
49 0.5749296875000001 0.6508920187793427 0.094453125 0.159906103286385
49 0.5912265624999999 0.22897887323943658 0.08545312499999999 0.11842723004694837
49 0.34102343749999997 0.561631455399061 0.058859375000000005 0.10819248826291081
49 0.3169296875 0.7007276995305164 0.052609375 0.12727699530516431
49 0.3282734375 0.7543192488262912 0.026703125 0.08769953051643192
49 0.8860625000000001 0.40779342723004697 0.08125 0.11427230046948357
49 0.58725 0.8594718309859155 0.08837500000000001 0.13800469483568076
49 0.39820312500000005 0.4989906103286385 0.06734375000000001 0.12647887323943663
49 0.6931406250000001 0.9401408450704225 0.08887500000000001 0.11746478873239437
49 0.801296875 0.851924882629108 0.09675 0.14366197183098592
49 0.6610078125000001 0.8306924882629108 0.07535937499999999 0.09969483568075117
49 0.9500078125 0.7100117370892018 0.093546875 0.1418544600938967
49 0.63515625 0.6443661971830986 0.7265625 0.7065727699530516