54 0.5308671875 0.5278215767634855 0.062859375 0.04074688796680498
54 0.44243749999999993 0.5214626556016597 0.058812500000000004 0.040643153526970954
54 0.47834375000000007 0.5095954356846473 0.060281249999999995 0.041639004149377594
54 0.5173828125 0.494304979253112 0.058203125 0.03230290456431535
54 0.5876874999999999 0.4942323651452282 0.05496875 0.03232365145228216
54 0.6060078124999999 0.5292219917012447 0.067078125 0.04039419087136929
54 0.6295234375 0.5110165975103734 0.05632812499999999 0.03481327800829876
54 0.6555234375 0.4948755186721992 0.055734375 0.036721991701244815
54 0.6976875 0.5157987551867219 0.06365625 0.040228215767634856
54 0.6761250000000001 0.5339004149377594 0.0689375 0.04215767634854772
54 0.7663515625 0.53149377593361 0.075140625 0.04107883817427386
54 0.792125 0.5119087136929461 0.06659375 0.03742738589211618
54 0.8082968749999999 0.49526970954356847 0.067125 0.03564315352697096
54 0.7625 0.5155601659751037 0.471875 0.11410788381742738