47 0.24617968750000002 0.708804347826087 0.033515625 0.10858695652173914
47 0.2220234375 0.6641304347826087 0.027953125000000002 0.10782608695652174
47 0.1933125 0.6489945652173913 0.0309375 0.11233695652173914
47 0.458671875 0.7467391304347827 0.03253125 0.11119565217391304
47 0.19150781249999999 0.5520108695652174 0.031859375 0.10021739130434783
47 0.28794531250000005 0.6885597826086957 0.028171875000000002 0.09255434782608696
47 0.29425781250000005 0.781304347826087 0.032296875 0.10652173913043479
47 0.7262109375 0.5188858695652173 0.305921875 0.6659239130434783
47 0.21439843749999996 0.43953804347826086 0.028171875000000002 0.09527173913043478
47 0.27734375 0.5479891304347826 0.3578125 0.7663043478260869
47 0.4885 0.4367934782608695 0.0828125 0.15206521739130435
47 0.1326640625 0.2886413043478261 0.017984375 0.0625
47 0.5322421875 0.7151630434782609 0.181734375 0.47195652173913044
47 0.48046875 0.29891304347826086 0.9484375 0.5978260869565217