49 0.5146078431372549 0.530906862745098 0.5528104575163398 0.3191013071895425
49 0.08532679738562092 0.5699754901960784 0.1141830065359477 0.11645424836601306
49 0.08723856209150327 0.4583333333333333 0.1276143790849673 0.125
49 0.2197467320261438 0.3828022875816993 0.11050653594771241 0.12217320261437908
49 0.32313725490196077 0.4117401960784314 0.1357516339869281 0.10815359477124183
49 0.4093218954248366 0.35653594771241826 0.13001633986928104 0.1119281045751634
49 0.3015114379084967 0.4633169934640522 0.1090686274509804 0.039901960784313725
49 0.6597385620915033 0.28830882352941173 0.0831045751633987 0.08312091503267974
49 0.8626062091503267 0.38067810457516343 0.09099673202614379 0.09697712418300654
49 0.25374183006535944 0.2746160130718954 0.14205882352941177 0.10844771241830066
49 0.7725490196078432 0.24658496732026144 0.10846405228758169 0.09022875816993464
49 0.6365849673202614 0.21354575163398692 0.09424836601307189 0.08225490196078432
49 0.9008986928104575 0.908562091503268 0.14359477124183007 0.12323529411764707
49 0.5 0.4991830065359477 0.9967320261437909 0.9983660130718954