47 0.7204200000000001 0.7786988304093567 0.17064 0.056520467836257304
49 0.54279 0.469985380116959 0.12445999999999999 0.13160818713450292
49 0.34948 0.18326023391812865 0.08176 0.1428362573099415
49 0.51723 0.5856432748538012 0.07986 0.1204093567251462
46 0.18686000000000003 0.09573099415204679 0.027800000000000002 0.0552046783625731
46 0.18921 0.08349415204678362 0.0399 0.04002923976608187
46 0.15483 0.16681286549707602 0.01846 0.059415204678362574
46 0.23782999999999999 0.10994152046783626 0.04238 0.04
46 0.20366 0.11872807017543859 0.18292 0.16628654970760234
47 0.52222 0.31812865497076026 0.14708000000000002 0.11233918128654971
47 0.33416 0.4914473684210526 0.03408 0.03985380116959065
47 0.36113999999999996 0.5076900584795322 0.10872 0.0860233918128655