46 0.76953125 0.6360692464358452 0.018687500000000003 0.044399185336048884
46 0.9341640625000001 0.7331059063136457 0.041734375000000004 0.020020366598778004
46 0.8227421875 0.7295519348268839 0.022546875 0.04183299389002036
46 0.780921875 0.7185437881873727 0.039281250000000004 0.06344195519348268
46 0.8246328125 0.7811303462321791 0.031296875 0.01435845213849287
46 0.8317109375000001 0.7918024439918534 0.036546875 0.022057026476578413
46 0.7616562499999999 0.7421588594704683 0.046656249999999996 0.0364969450101833
46 0.7481171875 0.7172301425661913 0.054609375 0.051771894093686356
46 0.7216875 0.6886659877800407 0.03625 0.019613034623217923
46 0.754296875 0.6743788187372708 0.0364375 0.03576374745417515
46 0.794015625 0.6795723014256619 0.0388125 0.04101832993890021
46 0.7349609375 0.600091649694501 0.072390625 0.05883910386965377
46 0.9820156250000001 0.6572505091649694 0.01590625 0.030101832993890017
46 0.815625 0.7138492871690427 0.321875 0.22606924643584522