55 0.7611145833333333 0.371796875 0.0628125 0.05290625
55 0.2620208333333333 0.7164140625 0.16458333333333333 0.132546875
55 0.4696666666666667 0.5908749999999999 0.12854166666666667 0.0824375
55 0.3580625 0.5802343750000001 0.11179166666666666 0.0715
55 0.4169375 0.69840625 0.16508333333333333 0.10793749999999999
55 0.23192708333333334 0.5830859375 0.1191875 0.081765625
55 0.14190625 0.6766484375 0.16227083333333334 0.121703125
55 0.14026041666666667 0.6008359375000001 0.12014583333333334 0.053828125000000004
55 0.309 0.6269843749999999 0.152375 0.0920625
55 0.50878125 0.6407421875000001 0.11985416666666666 0.118265625
55 0.6873229166666667 0.5123828125 0.07527083333333334 0.054203125
55 0.6010000000000001 0.2997421875 0.06745833333333334 0.047609374999999995
55 0.5592708333333333 0.437203125 0.06645833333333333 0.04584375
55 0.6510416666666666 0.32109375 0.5229166666666667 0.4234375