47 0.5038704318936876 0.729828125 0.09162790697674418 0.09096875
47 0.5824418604651163 0.8046562500000001 0.10451827242524918 0.079875
47 0.6452325581395348 0.8540468750000001 0.0960797342192691 0.05450000000000001
49 0.6986627906976743 0.8199453125 0.0795514950166113 0.068078125
49 0.7753073089700996 0.7687031249999999 0.045365448504983384 0.06840625
50 0.40009966777408634 0.7556406250000001 0.16425249169435216 0.17459375
51 0.2427823920265781 0.6352031250000001 0.11237541528239203 0.28996875
51 0.32039036544850497 0.6848671875000001 0.12144518272425249 0.069046875
51 0.5066362126245847 0.6728359375 0.0926079734219269 0.069046875
51 0.3199086378737542 0.7325468749999999 0.033538205980066446 0.03453125
49 0.5849252491694352 0.8571484375 0.06642857142857143 0.040171875
49 0.49595514950166114 0.7869140625 0.071578073089701 0.060921875
50 0.33408637873754155 0.8019921875 0.13554817275747508 0.115359375