50 0.49661718749999995 0.43243176178660053 0.165609375 0.18838709677419355
50 0.20625 0.7973449131513649 0.09446875 0.19870967741935483
50 0.68465625 0.6950620347394542 0.09090625 0.1769727047146402
50 0.5118984375 0.7082382133995037 0.164453125 0.2729528535980149
50 0.9216875 0.6202357320099255 0.12615625 0.15024813895781636
50 0.3820703125 0.28326302729528535 0.256859375 0.14369727047146402
50 0.3978125 0.7576426799007445 0.07853125 0.2070471464019851
50 0.22065625 0.6422952853598015 0.06765625 0.11049627791563275
50 0.6019609375 0.1911042183622829 0.032671875 0.06101736972704715
50 0.8608125000000001 0.6149627791563275 0.0326875 0.05776674937965261
51 0.562875 0.4098014888337469 0.11056250000000001 0.1490818858560794
51 0.35871093750000005 0.4028908188585608 0.132703125 0.16042183622828785
50 0.726359375 0.5934119106699751 0.07690625 0.12627791563275434
50 0.164234375 0.3499627791563275 0.046156249999999996 0.09272952853598014