49 0.8173229166666668 0.47525781249999993 0.24935416666666665 0.18035937500000002
49 0.6735416666666666 0.5986484375 0.237625 0.183359375
49 0.42697916666666663 0.56540625 0.21283333333333332 0.174125
49 0.49781250000000005 0.7236484375000001 0.21962500000000001 0.169453125
49 0.58203125 0.44715625000000003 0.22452083333333334 0.1839375
49 0.7461145833333334 0.7878203125 0.2486875 0.196890625
49 0.26126041666666666 0.7428828125 0.2320625 0.184171875
49 0.8740208333333332 0.69090625 0.25195833333333334 0.35325
49 0.3312708333333333 0.439828125 0.20533333333333334 0.154
49 0.56796875 0.8906875 0.22856249999999997 0.176625
49 0.3134166666666667 0.9084453124999999 0.21125000000000002 0.14054687500000002
49 0.2309166666666667 0.5797421875 0.18191666666666664 0.15592187500000002
49 0.9041458333333333 0.36817968749999996 0.19170833333333331 0.10879687499999999
49 0.49895833333333334 0.66171875 0.9979166666666667 0.6703125