49 0.7859431137724551 0.6707799999999999 0.42811377245508986 0.34832
49 0.0958682634730539 0.53671 0.1917365269461078 0.28314
49 0.1900748502994012 0.19438 0.28595808383233534 0.209
49 0.49956586826347305 0.5101100000000001 0.9856586826347304 0.66518
49 0.8755089820359282 0.2944 0.2489820359281437 0.18087999999999999
49 0.8587125748502994 0.44303000000000003 0.28257485029940116 0.19446000000000002
49 0.5130239520958083 0.21236000000000002 0.50125748502994 0.2
49 0.16652694610778446 0.45505 0.20520958083832339 0.2045
49 0.06866766467065868 0.30262 0.13248502994011976 0.2046
49 0.6337874251497007 0.11428999999999999 0.44326347305389224 0.22338
49 0.2195359281437126 0.10828 0.4390718562874252 0.20844